6 0.40989583333333335 0.7685185185185185 0.14166666666666666 0.16296296296296298
2 0.35104166666666664 0.5481481481481482 0.08645833333333333 0.13148148148148148
1 0.7317708333333334 0.6 0.1421875 0.2490740740740741
6 0.6807291666666667 0.44074074074074077 0.06927083333333334 0.13148148148148148
1 0.4703125 0.6231481481481481 0.058854166666666666 0.13425925925925927
3 0.5177083333333333 0.5138888888888888 0.04375 0.11388888888888889
6 0.5979166666666667 0.23148148148148148 0.14270833333333333 0.18703703703703703
6 0.5755208333333334 0.8037037037037037 0.10572916666666667 0.15092592592592594
4 0.6015625 0.006481481481481481 0.09322916666666667 0.17222222222222222
6 0.6796875 0.44722222222222224 0.12604166666666666 0.21203703703703702
1 0.603125 0.23148148148148148 0.07552083333333333 0.12962962962962962
5 0.22916666666666666 0.8555555555555555 0.08854166666666667 0.37592592592592594
1 0.7447916666666666 0.6268518518518519 0.078125 0.16018518518518518
2 0.534375 0.7407407407407407 0.046875 0.08425925925925926
2 0.853125 0.5305555555555556 0.08645833333333333 0.1287037037037037
3 0.7786458333333334 0.587037037037037 0.10104166666666667 0.2064814814814815
2 0.7505208333333333 0.5666666666666667 0.10364583333333334 0.21388888888888888
3 0.81875 0.42777777777777776 0.08229166666666667 0.19074074074074074
2 0.4473958333333333 0.6592592592592592 0.11041666666666666 0.17314814814814813
4 0.6380208333333334 0.7768518518518519 0.10364583333333334 0.11481481481481481
7 0.859375 0.3712962962962963 0.07864583333333333 0.18703703703703703
3 0.7177083333333333 0.30925925925925923 0.0890625 0.15185185185185185
4 0.9109375 0.7555555555555555 0.08541666666666667 0.16666666666666666
3 0.6921875 0.35555555555555557 0.10885416666666667 0.19814814814814816
6 0.7911458333333333 0.11481481481481481 0.11770833333333333 0.22962962962962963
3 0.54375 0.6166666666666667 0.049479166666666664 0.10740740740740741
6 0.5546875 0.5361111111111111 0.14739583333333334 0.2953703703703704
1 0.6427083333333333 0.6203703703703703 0.11822916666666666 0.25462962962962965
3 0.65625 0.6953703703703704 0.06145833333333333 0.10185185185185185
