2 0.5322916666666667 0.7083333333333334 0.08802083333333334 0.14166666666666666
2 0.6895833333333333 0.4666666666666667 0.09791666666666667 0.16666666666666666
3 0.571875 0.6546296296296297 0.07135416666666666 0.10462962962962963
2 0.8416666666666667 0.4888888888888889 0.071875 0.11203703703703703
2 0.6708333333333333 0.30925925925925923 0.07239583333333334 0.10462962962962963
3 0.5875 0.637962962962963 0.09791666666666667 0.13055555555555556
3 0.5010416666666667 0.6555555555555556 0.051041666666666666 0.10555555555555556
6 0.771875 0.4898148148148148 0.10260416666666666 0.1925925925925926
2 0.6489583333333333 0.1935185185185185 0.1234375 0.1925925925925926
1 0.7552083333333334 0.5444444444444444 0.051041666666666666 0.15462962962962962
2 0.6260416666666667 0.22314814814814815 0.11458333333333333 0.25277777777777777
6 0.7229166666666667 0.6675925925925926 0.0703125 0.12777777777777777
