1 0.5453125 0.44074074074074077 0.1390625 0.28055555555555556
3 0.3260416666666667 0.6194444444444445 0.044270833333333336 0.08888888888888889
2 0.37552083333333336 0.44074074074074077 0.0859375 0.1574074074074074
2 0.54375 0.562037037037037 0.09895833333333333 0.13796296296296295
1 0.4713541666666667 0.36574074074074076 0.109375 0.20555555555555555
6 0.44427083333333334 0.6194444444444445 0.140625 0.24444444444444444
6 0.5927083333333333 0.7694444444444445 0.07708333333333334 0.225
1 0.475 0.4740740740740741 0.10729166666666666 0.2212962962962963
3 0.5713541666666667 0.36018518518518516 0.09791666666666667 0.2361111111111111
6 0.734375 0.8009259259259259 0.08854166666666667 0.175
1 0.46197916666666666 0.5796296296296296 0.0640625 0.15
2 0.5244791666666667 0.7046296296296296 0.09375 0.12962962962962962
1 0.49375 0.5083333333333333 0.07864583333333333 0.22314814814814815
4 0.6072916666666667 0.9203703703703704 0.08333333333333333 0.17777777777777778
5 0.009375 0.040740740740740744 0.15885416666666666 0.4537037037037037
4 0.2947916666666667 0.2222222222222222 0.07291666666666667 0.17962962962962964
