1 0.22916666666666666 0.4759259259259259 0.1109375 0.22777777777777777
6 0.21145833333333333 0.48148148148148145 0.1359375 0.2351851851851852
3 0.17447916666666666 0.487962962962963 0.08489583333333334 0.1527777777777778
6 0.26614583333333336 0.24722222222222223 0.06822916666666666 0.13333333333333333
3 0.050520833333333334 0.29259259259259257 0.06302083333333333 0.075
4 0.6140625 0.175 0.07291666666666667 0.18888888888888888
5 0.8630208333333333 0.1638888888888889 0.14375 0.3990740740740741
1 0.2947916666666667 0.7407407407407407 0.058333333333333334 0.13425925925925927
4 0.16770833333333332 0.15 0.06927083333333334 0.17314814814814813
6 0.17708333333333334 0.42407407407407405 0.0578125 0.09722222222222222
3 0.2598958333333333 0.24074074074074073 0.11614583333333334 0.18611111111111112
