7 0.3484375 0.3787037037037037 0.09739583333333333 0.262037037037037
2 0.43802083333333336 0.3824074074074074 0.071875 0.14722222222222223
3 0.4171875 0.46574074074074073 0.0640625 0.16018518518518518
4 0.5572916666666666 0.14722222222222223 0.10416666666666667 0.14629629629629629
1 0.2760416666666667 0.5509259259259259 0.078125 0.13055555555555556
6 0.6078125 0.2777777777777778 0.1046875 0.18333333333333332
2 0.4125 0.5111111111111111 0.07708333333333334 0.12962962962962962
4 0.3359375 0.5046296296296297 0.0859375 0.1527777777777778
3 0.47760416666666666 0.7777777777777778 0.12447916666666667 0.16944444444444445
1 0.36822916666666666 0.3296296296296296 0.08645833333333333 0.15833333333333333
1 0.54375 0.9444444444444444 0.07552083333333333 0.175
2 0.4041666666666667 0.7175925925925926 0.0640625 0.10555555555555556
