1 0.6921875 0.35555555555555557 0.10520833333333333 0.21666666666666667
3 0.6625 0.5009259259259259 0.10052083333333334 0.20092592592592592
1 0.6390625 0.39444444444444443 0.06770833333333333 0.1685185185185185
4 0.5619791666666667 0.2851851851851852 0.0859375 0.1962962962962963
6 0.475 0.40185185185185185 0.08645833333333333 0.10555555555555556
2 0.6989583333333333 0.4648148148148148 0.11197916666666667 0.19074074074074074
2 0.48072916666666665 0.49166666666666664 0.07291666666666667 0.10833333333333334
1 0.5166666666666667 0.4148148148148148 0.07083333333333333 0.1287037037037037
2 0.7177083333333333 0.24444444444444444 0.052083333333333336 0.08055555555555556
6 0.4671875 0.5046296296296297 0.053125 0.09722222222222222
1 0.6385416666666667 0.7277777777777777 0.12447916666666667 0.2722222222222222
