1 0.6348958333333333 0.7518518518518519 0.1203125 0.22777777777777777
4 0.13385416666666666 0.9935185185185185 0.08489583333333334 0.18981481481481483
6 0.6802083333333333 0.35555555555555557 0.07083333333333333 0.12314814814814815
6 0.5369791666666667 0.5416666666666666 0.10520833333333333 0.17037037037037037
1 0.5895833333333333 0.38055555555555554 0.12291666666666666 0.25092592592592594
1 0.4583333333333333 0.3527777777777778 0.10572916666666667 0.21296296296296297
3 0.4395833333333333 0.31851851851851853 0.0625 0.09907407407407408
1 0.4640625 0.587037037037037 0.1 0.1814814814814815
3 0.5421875 0.24537037037037038 0.05520833333333333 0.13240740740740742
1 0.22447916666666667 0.18425925925925926 0.12552083333333333 0.2111111111111111
