1 0.3375 0.43148148148148147 0.08645833333333333 0.2564814814814815
6 0.5401041666666667 0.5453703703703704 0.0796875 0.17222222222222222
1 0.2765625 0.6046296296296296 0.0734375 0.1648148148148148
2 0.34427083333333336 0.22314814814814815 0.0796875 0.1574074074074074
5 0.5364583333333334 0.524074074074074 0.115625 0.3287037037037037
3 0.16197916666666667 0.41388888888888886 0.07604166666666666 0.1425925925925926
1 0.46041666666666664 0.9324074074074075 0.06145833333333333 0.16574074074074074
6 0.27239583333333334 0.6972222222222222 0.08854166666666667 0.14814814814814814
4 0.28229166666666666 0.4305555555555556 0.044270833333333336 0.14814814814814814
3 0.41041666666666665 0.4064814814814815 0.05625 0.1111111111111111
6 0.41875 0.7638888888888888 0.08697916666666666 0.1675925925925926
4 0.0671875 0.7435185185185185 0.06666666666666667 0.2175925925925926
