3 0.228125 0.25925925925925924 0.03958333333333333 0.0787037037037037
6 0.12708333333333333 0.6296296296296297 0.06770833333333333 0.11481481481481481
3 0.2515625 0.5722222222222222 0.134375 0.22407407407407406
4 0.80625 0.7037037037037037 0.07604166666666666 0.19814814814814816
4 0.8442708333333333 0.49444444444444446 0.08177083333333333 0.19074074074074074
5 0.778125 0.2074074074074074 0.0890625 0.24814814814814815
3 0.4088541666666667 0.5212962962962963 0.08177083333333333 0.11388888888888889
2 0.009895833333333333 0.7555555555555555 0.1171875 0.19722222222222222
2 0.20104166666666667 0.799074074074074 0.115625 0.19907407407407407
2 0.17552083333333332 0.4101851851851852 0.1390625 0.18703703703703703
6 0.17916666666666667 0.5601851851851852 0.05625 0.1
