4 0.5390625 0.950925925925926 0.07239583333333334 0.18425925925925926
4 0.14583333333333334 0.01574074074074074 0.09114583333333333 0.1787037037037037
6 0.17864583333333334 0.6083333333333333 0.08333333333333333 0.19074074074074074
3 0.49322916666666666 0.45740740740740743 0.08177083333333333 0.14814814814814814
3 0.365625 0.18888888888888888 0.05 0.10740740740740741
6 0.4432291666666667 0.3972222222222222 0.07864583333333333 0.13055555555555556
3 0.30885416666666665 0.49074074074074076 0.09427083333333333 0.1638888888888889
2 0.384375 0.49907407407407406 0.08177083333333333 0.13796296296296295
5 0.0328125 0.36574074074074076 0.10625 0.4111111111111111
7 0.5229166666666667 0.9518518518518518 0.07552083333333333 0.1712962962962963
