6 0.8526041666666667 0.5055555555555555 0.07083333333333333 0.15185185185185185
2 0.6901041666666666 0.18518518518518517 0.08645833333333333 0.14907407407407408
2 0.6036458333333333 0.6555555555555556 0.09322916666666667 0.1537037037037037
6 0.6786458333333333 0.475 0.090625 0.1425925925925926
3 0.5078125 0.47685185185185186 0.046875 0.08888888888888889
2 0.7729166666666667 0.3333333333333333 0.05572916666666667 0.08055555555555556
3 0.8026041666666667 0.3148148148148148 0.1140625 0.18703703703703703
3 0.6447916666666667 0.4083333333333333 0.08854166666666667 0.14629629629629629
3 0.7302083333333333 0.33425925925925926 0.036458333333333336 0.07962962962962963
3 0.4984375 0.18888888888888888 0.10260416666666666 0.15925925925925927
1 0.6958333333333333 0.6981481481481482 0.1296875 0.2351851851851852
