4 0.16302083333333334 0.6898148148148148 0.08802083333333334 0.19814814814814816
6 0.6791666666666667 0.19907407407407407 0.11145833333333334 0.18425925925925926
6 0.6671875 0.7694444444444445 0.11041666666666666 0.20833333333333334
6 0.76875 0.31574074074074077 0.11458333333333333 0.1962962962962963
1 0.7786458333333334 0.12407407407407407 0.1234375 0.26666666666666666
2 0.6411458333333333 0.3287037037037037 0.0828125 0.14629629629629629
5 0.7067708333333333 0.8861111111111111 0.1609375 0.5
3 0.83125 0.49444444444444446 0.06510416666666667 0.13333333333333333
4 0.615625 0.19907407407407407 0.084375 0.18888888888888888
3 0.8177083333333334 0.6342592592592593 0.06614583333333333 0.1574074074074074
6 0.6140625 0.6796296296296296 0.10729166666666666 0.23055555555555557
3 0.7125 0.12407407407407407 0.07395833333333333 0.13148148148148148
1 0.35989583333333336 0.6314814814814815 0.1 0.18981481481481483
1 0.46197916666666666 0.30648148148148147 0.11510416666666666 0.22962962962962963
3 0.9046875 0.6814814814814815 0.04635416666666667 0.07222222222222222
6 0.6979166666666666 0.3277777777777778 0.1109375 0.1638888888888889
1 0.3328125 0.41944444444444445 0.1171875 0.21296296296296297
