3 0.5067708333333333 0.5064814814814815 0.05572916666666667 0.125
2 0.5916666666666667 0.8342592592592593 0.08229166666666667 0.11944444444444445
6 0.3932291666666667 0.8435185185185186 0.12708333333333333 0.24166666666666667
3 0.5302083333333333 0.6925925925925925 0.07604166666666666 0.17222222222222222
2 0.5338541666666666 0.6166666666666667 0.09114583333333333 0.13518518518518519
1 0.3328125 0.6898148148148148 0.06458333333333334 0.12407407407407407
5 0.3072916666666667 0.26296296296296295 0.2078125 0.525
2 0.6286458333333333 0.5805555555555556 0.08072916666666667 0.14537037037037037
2 0.6635416666666667 0.6814814814814815 0.07552083333333333 0.12037037037037036
4 0.684375 0.2564814814814815 0.11770833333333333 0.17314814814814813
4 0.16875 0.7722222222222223 0.059895833333333336 0.1935185185185185
2 0.4895833333333333 0.45185185185185184 0.0671875 0.11203703703703703
7 0.9875 0.003703703703703704 0.05364583333333333 0.15
6 0.5505208333333333 0.8055555555555556 0.09010416666666667 0.1361111111111111
