4 0.8109375 0.35 0.06666666666666667 0.1398148148148148
3 0.35 0.36203703703703705 0.06927083333333334 0.11944444444444445
3 0.5276041666666667 0.8842592592592593 0.09635416666666667 0.22870370370370371
3 0.4125 0.8277777777777777 0.08489583333333334 0.16018518518518518
1 0.478125 0.48333333333333334 0.10625 0.22870370370370371
1 0.42291666666666666 0.8083333333333333 0.12604166666666666 0.25277777777777777
1 0.1890625 0.6268518518518519 0.09635416666666667 0.16296296296296298
2 0.49114583333333334 0.8203703703703704 0.06354166666666666 0.08518518518518518
4 0.9197916666666667 0.6472222222222223 0.08697916666666666 0.1962962962962963
2 0.34270833333333334 0.6092592592592593 0.08489583333333334 0.14166666666666666
3 0.40677083333333336 0.5638888888888889 0.08489583333333334 0.15648148148148147
6 0.6171875 0.6731481481481482 0.15729166666666666 0.23981481481481481
2 0.27291666666666664 0.4537037037037037 0.09114583333333333 0.19166666666666668
1 0.6838541666666667 0.31666666666666665 0.09895833333333333 0.18425925925925926
1 0.7572916666666667 0.9055555555555556 0.07708333333333334 0.1675925925925926
