2 0.590625 0.24814814814814815 0.11458333333333333 0.22685185185185186
3 0.5635416666666667 0.2175925925925926 0.11666666666666667 0.1962962962962963
5 0.265625 0.12129629629629629 0.10364583333333334 0.3074074074074074
2 0.6010416666666667 0.5555555555555556 0.11354166666666667 0.175
3 0.5239583333333333 0.7157407407407408 0.12447916666666667 0.14907407407407408
1 0.5020833333333333 0.32314814814814813 0.08802083333333334 0.18518518518518517
1 0.32447916666666665 0.28703703703703703 0.06666666666666667 0.10740740740740741
2 0.35625 0.2611111111111111 0.1109375 0.20277777777777778
1 0.7380208333333333 0.6935185185185185 0.07760416666666667 0.18981481481481483
4 0.3984375 0.16111111111111112 0.06666666666666667 0.20277777777777778
4 0.7307291666666667 0.2638888888888889 0.10729166666666666 0.20277777777777778
2 0.4703125 0.07407407407407407 0.07916666666666666 0.13425925925925927
6 0.575 0.4185185185185185 0.05572916666666667 0.09351851851851851
