4 0.9390625 0.1527777777777778 0.07395833333333333 0.1361111111111111
1 0.6458333333333334 0.6712962962962963 0.0796875 0.1712962962962963
6 0.7328125 0.7175925925925926 0.12760416666666666 0.18703703703703703
1 0.8703125 0.6666666666666666 0.14895833333333333 0.2962962962962963
6 0.9140625 0.875 0.14739583333333334 0.2657407407407407
2 0.9223958333333333 0.39537037037037037 0.07291666666666667 0.12037037037037036
1 0.6661458333333333 0.712037037037037 0.06770833333333333 0.15648148148148147
2 0.7864583333333334 0.65 0.08333333333333333 0.15185185185185185
3 0.7859375 0.8546296296296296 0.09479166666666666 0.1824074074074074
2 0.5276041666666667 0.9824074074074074 0.0921875 0.14722222222222223
2 0.9208333333333333 0.8675925925925926 0.11666666666666667 0.1675925925925926
4 0.6552083333333333 0.9 0.08020833333333334 0.19444444444444445
