1 0.4010416666666667 0.5962962962962963 0.04895833333333333 0.12314814814814815
6 0.5697916666666667 0.5472222222222223 0.13541666666666666 0.22037037037037038
6 0.37395833333333334 0.4777777777777778 0.13802083333333334 0.26296296296296295
3 0.3463541666666667 0.5842592592592593 0.090625 0.19444444444444445
5 0.9510416666666667 0.9277777777777778 0.12239583333333333 0.3648148148148148
3 0.49947916666666664 0.5953703703703703 0.08385416666666666 0.1527777777777778
1 0.5369791666666667 0.5453703703703704 0.12083333333333333 0.2574074074074074
3 0.6473958333333333 0.6092592592592593 0.04583333333333333 0.07314814814814814
3 0.4578125 0.5601851851851852 0.1140625 0.18333333333333332
1 0.18385416666666668 0.7074074074074074 0.057291666666666664 0.13333333333333333
1 0.39479166666666665 0.5361111111111111 0.12708333333333333 0.2537037037037037
