1 0.4817708333333333 0.49074074074074076 0.08645833333333333 0.15555555555555556
3 0.8 0.85 0.09322916666666667 0.21296296296296297
6 0.6484375 0.42685185185185187 0.057291666666666664 0.06111111111111111
2 0.6828125 0.4981481481481482 0.06822916666666666 0.0962962962962963
4 0.13958333333333334 0.7064814814814815 0.103125 0.22407407407407406
2 0.609375 0.3907407407407407 0.10572916666666667 0.17222222222222222
2 0.5484375 0.45185185185185184 0.0984375 0.16574074074074074
3 0.7229166666666667 0.14351851851851852 0.05520833333333333 0.10555555555555556
3 0.5864583333333333 0.2537037037037037 0.07291666666666667 0.14351851851851852
1 0.853125 0.39814814814814814 0.1109375 0.2351851851851852
6 0.7526041666666666 0.7768518518518519 0.0625 0.09722222222222222
5 0.5723958333333333 0.30092592592592593 0.115625 0.3037037037037037
