3 0.27395833333333336 0.27870370370370373 0.07552083333333333 0.13425925925925927
6 0.2640625 0.7398148148148148 0.11979166666666667 0.20833333333333334
2 0.31145833333333334 0.5453703703703704 0.1109375 0.18425925925925926
5 0.5729166666666666 0.6185185185185185 0.11614583333333334 0.2851851851851852
6 0.115625 0.6564814814814814 0.0734375 0.08981481481481482
4 0.17708333333333334 0.37592592592592594 0.08072916666666667 0.22777777777777777
3 0.0453125 0.21574074074074073 0.05625 0.1
2 0.024479166666666666 0.5259259259259259 0.05625 0.0824074074074074
7 0.315625 0.1648148148148148 0.09010416666666667 0.1574074074074074
6 0.15416666666666667 0.5888888888888889 0.06770833333333333 0.12037037037037036
2 0.15989583333333332 0.7814814814814814 0.05677083333333333 0.09907407407407408
2 0.34270833333333334 0.1712962962962963 0.1296875 0.21666666666666667
6 0.43645833333333334 0.35 0.10052083333333334 0.23425925925925925
4 0.7541666666666667 0.21481481481481482 0.06302083333333333 0.19074074074074074
