1 0.09635416666666667 0.3574074074074074 0.115625 0.22407407407407406
5 0.8557291666666667 0.625 0.175 0.4546296296296296
3 0.2421875 0.8555555555555555 0.059375 0.1287037037037037
6 0.21354166666666666 0.3314814814814815 0.07083333333333333 0.12685185185185185
3 0.21770833333333334 0.4 0.0453125 0.10555555555555556
1 0.41354166666666664 0.6 0.13385416666666666 0.2518518518518518
1 0.10052083333333334 0.5592592592592592 0.103125 0.19074074074074074
1 0.5390625 0.19074074074074074 0.11666666666666667 0.2537037037037037
2 0.06979166666666667 0.30185185185185187 0.13697916666666668 0.21203703703703702
4 0.36041666666666666 0.975925925925926 0.09114583333333333 0.14629629629629629
1 0.3182291666666667 0.8490740740740741 0.10625 0.2796296296296296
