1 0.2171875 0.8546296296296296 0.0953125 0.15648148148148147
3 0.4703125 0.6611111111111111 0.09166666666666666 0.175
4 0.23489583333333333 0.4 0.071875 0.17222222222222222
3 0.2994791666666667 0.8287037037037037 0.049479166666666664 0.11574074074074074
1 0.5046875 0.9842592592592593 0.12291666666666666 0.24722222222222223
4 0.8322916666666667 0.46111111111111114 0.0671875 0.16574074074074074
3 0.22083333333333333 0.8527777777777777 0.07552083333333333 0.14629629629629629
1 0.4317708333333333 0.4675925925925926 0.10208333333333333 0.25
1 0.48489583333333336 0.8083333333333333 0.04895833333333333 0.13333333333333333
6 0.24270833333333333 0.3685185185185185 0.08333333333333333 0.1388888888888889
1 0.3723958333333333 0.14629629629629629 0.109375 0.2388888888888889
2 0.24583333333333332 0.8185185185185185 0.11302083333333333 0.19814814814814816
3 0.19583333333333333 0.46111111111111114 0.040625 0.08333333333333333
6 0.4239583333333333 0.5953703703703703 0.1296875 0.2361111111111111
