4 0.9479166666666666 0.3388888888888889 0.06822916666666666 0.20277777777777778
7 0.9026041666666667 0.3962962962962963 0.12083333333333333 0.22314814814814815
3 0.5135416666666667 0.18333333333333332 0.0546875 0.06574074074074074
1 0.6348958333333333 0.5509259259259259 0.07291666666666667 0.14629629629629629
5 0.23385416666666667 0.4046296296296296 0.121875 0.3611111111111111
2 0.5276041666666667 0.5787037037037037 0.06197916666666667 0.125
2 0.43020833333333336 0.31296296296296294 0.06927083333333334 0.10277777777777777
2 0.42604166666666665 0.32222222222222224 0.11927083333333334 0.18425925925925926
2 0.7078125 0.7388888888888889 0.07135416666666666 0.10833333333333334
4 0.35625 0.07962962962962963 0.07395833333333333 0.18703703703703703
2 0.36875 0.6259259259259259 0.10364583333333334 0.17592592592592593
6 0.6901041666666666 0.8564814814814815 0.13489583333333333 0.20555555555555555
2 0.4822916666666667 0.8833333333333333 0.12708333333333333 0.18703703703703703
6 0.7994791666666666 0.5675925925925925 0.11354166666666667 0.18055555555555555
1 0.6010416666666667 0.4111111111111111 0.1171875 0.2462962962962963
3 0.56875 0.42685185185185187 0.11510416666666666 0.1925925925925926
1 0.6671875 0.5370370370370371 0.1203125 0.2388888888888889
1 0.671875 0.35462962962962963 0.0734375 0.14722222222222223
