5 0.0265625 0.002777777777777778 0.0890625 0.4166666666666667
6 0.4739583333333333 0.44907407407407407 0.11197916666666667 0.2
1 0.32760416666666664 0.11666666666666667 0.084375 0.15648148148148147
1 0.30052083333333335 0.18888888888888888 0.1265625 0.262037037037037
4 0.53125 0.9222222222222223 0.08072916666666667 0.13425925925925927
1 0.45260416666666664 0.29444444444444445 0.059895833333333336 0.12314814814814815
7 0.09270833333333334 0.5981481481481481 0.09322916666666667 0.1712962962962963
2 0.515625 0.5648148148148148 0.10989583333333333 0.1824074074074074
1 0.22760416666666666 0.7083333333333334 0.11510416666666666 0.26296296296296295
2 0.43072916666666666 0.375 0.08645833333333333 0.12777777777777777
1 0.5239583333333333 0.5194444444444445 0.10729166666666666 0.21481481481481482
3 0.4244791666666667 0.4842592592592593 0.04375 0.10555555555555556
6 0.40520833333333334 0.42685185185185187 0.0578125 0.10462962962962963
4 0.5395833333333333 0.9638888888888889 0.06197916666666667 0.18055555555555555
2 0.5640625 0.3638888888888889 0.09739583333333333 0.16018518518518518
1 0.475 0.15 0.09479166666666666 0.19907407407407407
