3 0.3567708333333333 0.875 0.04375 0.09907407407407408
4 0.3145833333333333 0.6592592592592592 0.0625 0.15833333333333333
6 0.35833333333333334 0.3175925925925926 0.06197916666666667 0.11388888888888889
4 0.6182291666666667 0.6398148148148148 0.08072916666666667 0.21481481481481482
6 0.359375 0.2601851851851852 0.07239583333333334 0.13055555555555556
3 0.5307291666666667 0.2601851851851852 0.08072916666666667 0.0962962962962963
2 0.5359375 0.16111111111111112 0.09427083333333333 0.15092592592592594
1 0.5776041666666667 0.3296296296296296 0.0484375 0.11481481481481481
6 0.528125 0.3537037037037037 0.07604166666666666 0.10740740740740741
2 0.4703125 0.017592592592592594 0.11145833333333334 0.2222222222222222
