1 0.4817708333333333 0.45 0.11510416666666666 0.24814814814814815
3 0.39166666666666666 0.33055555555555555 0.03802083333333333 0.09166666666666666
2 0.22135416666666666 0.3398148148148148 0.12447916666666667 0.2
1 0.3572916666666667 0.16296296296296298 0.07864583333333333 0.14351851851851852
2 0.35260416666666666 0.425 0.109375 0.19074074074074074
6 0.7927083333333333 0.3824074074074074 0.08802083333333334 0.22870370370370371
6 0.43697916666666664 0.35648148148148145 0.07604166666666666 0.13055555555555556
2 0.4864583333333333 0.475 0.07552083333333333 0.17592592592592593
2 0.40520833333333334 0.49166666666666664 0.1265625 0.17222222222222222
6 0.490625 0.8574074074074074 0.13802083333333334 0.23148148148148148
5 0.47708333333333336 0.8296296296296296 0.12916666666666668 0.38796296296296295
3 0.38229166666666664 0.5231481481481481 0.09270833333333334 0.1962962962962963
