4 0.6963541666666667 0.9592592592592593 0.065625 0.15925925925925927
1 0.7276041666666667 0.06944444444444445 0.14739583333333334 0.27314814814814814
3 0.5385416666666667 0.08148148148148149 0.03802083333333333 0.08981481481481482
2 0.2869791666666667 0.33796296296296297 0.09791666666666667 0.21851851851851853
6 0.4473958333333333 0.44351851851851853 0.053125 0.1175925925925926
3 0.4 0.5194444444444445 0.08489583333333334 0.16018518518518518
2 0.6692708333333334 0.5953703703703703 0.08072916666666667 0.17407407407407408
1 0.6447916666666667 0.04814814814814815 0.08854166666666667 0.2064814814814815
2 0.4947916666666667 0.4212962962962963 0.090625 0.21666666666666667
6 0.6942708333333333 0.27685185185185185 0.16041666666666668 0.2796296296296296
1 0.5838541666666667 0.2638888888888889 0.14166666666666666 0.2518518518518518
6 0.45416666666666666 0.4425925925925926 0.11666666666666667 0.225
1 0.4395833333333333 0.37222222222222223 0.10625 0.2074074074074074
1 0.6041666666666666 0.6407407407407407 0.128125 0.27685185185185185
6 0.4317708333333333 0.6083333333333333 0.09583333333333334 0.17037037037037037
