3 0.8135416666666667 0.7518518518518519 0.10625 0.17685185185185184
3 0.8536458333333333 0.549074074074074 0.058854166666666666 0.13148148148148148
3 0.7671875 0.5638888888888889 0.08854166666666667 0.19537037037037036
3 0.7484375 0.475 0.07864583333333333 0.1814814814814815
3 0.6098958333333333 0.5407407407407407 0.08072916666666667 0.22962962962962963
6 0.9322916666666666 0.5740740740740741 0.1640625 0.2962962962962963
3 0.8765625 0.6462962962962963 0.0640625 0.14814814814814814
3 0.58125 0.8212962962962963 0.06354166666666666 0.13333333333333333
4 0.8125 0.7777777777777778 0.10416666666666667 0.1111111111111111
6 0.6604166666666667 0.5259259259259259 0.10260416666666666 0.18055555555555555
5 0.803125 0.8907407407407407 0.09947916666666666 0.28055555555555556
