1 0.23333333333333334 0.49537037037037035 0.1421875 0.337037037037037
2 0.2265625 0.16666666666666666 0.1125 0.1638888888888889
1 0.39166666666666666 0.4648148148148148 0.07760416666666667 0.125
1 0.5411458333333333 0.2462962962962963 0.075 0.1398148148148148
2 0.1890625 0.3768518518518518 0.11875 0.18703703703703703
4 0.8078125 0.09444444444444444 0.07864583333333333 0.2
1 0.4703125 0.687037037037037 0.11979166666666667 0.23981481481481481
4 0.4265625 0.3435185185185185 0.075 0.1962962962962963
6 0.44375 0.26851851851851855 0.04739583333333333 0.08425925925925926
2 0.528125 0.4981481481481482 0.06614583333333333 0.12407407407407407
1 0.41354166666666664 0.5018518518518519 0.078125 0.19537037037037036
6 0.35572916666666665 0.34074074074074073 0.12864583333333332 0.22314814814814815
3 0.384375 0.20185185185185187 0.06041666666666667 0.125
3 0.6536458333333334 0.2601851851851852 0.08072916666666667 0.18518518518518517
