6 0.44947916666666665 0.6305555555555555 0.1640625 0.2972222222222222
1 0.37916666666666665 0.4425925925925926 0.11510416666666666 0.225
6 0.5130208333333334 0.09444444444444444 0.05572916666666667 0.10925925925925926
6 0.4609375 0.7074074074074074 0.08333333333333333 0.13240740740740742
1 0.49375 0.9277777777777778 0.1109375 0.22685185185185186
6 0.21041666666666667 0.8833333333333333 0.08385416666666666 0.14444444444444443
3 0.4791666666666667 0.25462962962962965 0.09270833333333334 0.2037037037037037
1 0.20729166666666668 0.662962962962963 0.06822916666666666 0.14907407407407408
2 0.5630208333333333 0.1962962962962963 0.10416666666666667 0.13703703703703704
3 0.5286458333333334 0.5064814814814815 0.0890625 0.12962962962962962
6 0.2947916666666667 0.25555555555555554 0.07135416666666666 0.1425925925925926
6 0.3078125 0.4638888888888889 0.08802083333333334 0.13796296296296295
6 0.3265625 0.29259259259259257 0.078125 0.1537037037037037
2 0.5192708333333333 0.8787037037037037 0.053125 0.08518518518518518
