6 0.27395833333333336 0.7157407407407408 0.14166666666666666 0.21296296296296297
6 0.08541666666666667 0.35555555555555557 0.1640625 0.25092592592592594
6 0.13697916666666668 0.5472222222222223 0.12447916666666667 0.1787037037037037
4 0.734375 0.3435185185185185 0.08333333333333333 0.1685185185185185
6 0.3625 0.43796296296296294 0.09375 0.19444444444444445
1 0.3234375 0.5768518518518518 0.06510416666666667 0.14444444444444443
1 0.33541666666666664 0.032407407407407406 0.0796875 0.19537037037037036
1 0.3015625 0.7064814814814815 0.11822916666666666 0.2740740740740741
6 0.3078125 0.4361111111111111 0.09375 0.15925925925925927
3 0.3963541666666667 0.8175925925925925 0.06197916666666667 0.08888888888888889
4 0.5572916666666666 0.6342592592592593 0.06927083333333334 0.18333333333333332
2 0.3302083333333333 0.9101851851851852 0.06666666666666667 0.09351851851851851
2 0.21197916666666666 0.7175925925925926 0.1359375 0.2833333333333333
1 0.23125 0.7138888888888889 0.1375 0.23333333333333334
6 0.3078125 0.42962962962962964 0.10625 0.22314814814814815
6 0.35 0.8055555555555556 0.1046875 0.22314814814814815
