3 0.796875 0.5648148148148148 0.0375 0.11944444444444445
1 0.9473958333333333 0.40370370370370373 0.0765625 0.14166666666666666
2 0.8796875 0.512962962962963 0.13541666666666666 0.16574074074074074
1 0.678125 0.7759259259259259 0.115625 0.1925925925925926
6 0.6776041666666667 0.5731481481481482 0.10677083333333333 0.2222222222222222
6 0.7984375 0.8805555555555555 0.171875 0.287962962962963
1 0.8515625 0.1388888888888889 0.08802083333333334 0.17314814814814813
1 0.9010416666666666 0.37407407407407406 0.0875 0.1814814814814815
4 0.8666666666666667 0.011111111111111112 0.09739583333333333 0.19722222222222222
4 0.5390625 0.7842592592592592 0.075 0.2064814814814815
2 0.6223958333333334 0.5879629629629629 0.0578125 0.08796296296296297
2 0.9020833333333333 0.30648148148148147 0.109375 0.17962962962962964
2 0.9765625 0.44351851851851853 0.11770833333333333 0.2
6 0.64375 0.5814814814814815 0.084375 0.19907407407407407
6 0.6713541666666667 0.8277777777777777 0.125 0.2111111111111111
1 0.6604166666666667 0.4638888888888889 0.10989583333333333 0.23703703703703705
