3 0.5265625 0.36666666666666664 0.13229166666666667 0.2074074074074074
6 0.5052083333333334 0.8018518518518518 0.0890625 0.1425925925925926
1 0.728125 0.31203703703703706 0.065625 0.14907407407407408
1 0.6119791666666666 0.7166666666666667 0.09739583333333333 0.18425925925925926
1 0.6067708333333334 0.38981481481481484 0.12083333333333333 0.2722222222222222
2 0.55 0.6537037037037037 0.10208333333333333 0.1388888888888889
2 0.5677083333333334 0.2611111111111111 0.07552083333333333 0.13055555555555556
3 0.6526041666666667 0.6657407407407407 0.046875 0.10648148148148148
1 0.5265625 0.6972222222222222 0.0921875 0.1814814814814815
2 0.5161458333333333 0.35555555555555557 0.0671875 0.1175925925925926
6 0.5854166666666667 0.3074074074074074 0.13645833333333332 0.18425925925925926
1 0.6328125 0.34074074074074073 0.052083333333333336 0.11851851851851852
3 0.4739583333333333 0.22314814814814815 0.07864583333333333 0.11481481481481481
