1 0.46197916666666666 0.38425925925925924 0.0921875 0.17685185185185184
3 0.434375 0.23981481481481481 0.03854166666666667 0.08796296296296297
5 0.4510416666666667 0.4425925925925926 0.1046875 0.4203703703703704
1 0.578125 0.30277777777777776 0.13177083333333334 0.2638888888888889
4 0.171875 0.07407407407407407 0.08072916666666667 0.18611111111111112
6 0.31145833333333334 0.3851851851851852 0.11197916666666667 0.1537037037037037
6 0.5854166666666667 0.39166666666666666 0.14375 0.2388888888888889
3 0.17083333333333334 0.32592592592592595 0.0890625 0.2074074074074074
1 0.3807291666666667 0.2574074074074074 0.0609375 0.10092592592592593
1 0.30833333333333335 0.22870370370370371 0.10572916666666667 0.1935185185185185
1 0.4484375 0.5009259259259259 0.10364583333333334 0.21851851851851853
