3 0.4354166666666667 0.3824074074074074 0.06041666666666667 0.125
3 0.5083333333333333 0.6537037037037037 0.07395833333333333 0.14351851851851852
3 0.7010416666666667 0.21388888888888888 0.084375 0.19074074074074074
5 0.11875 0.4074074074074074 0.21927083333333333 0.5425925925925926
2 0.45989583333333334 0.1925925925925926 0.09270833333333334 0.1685185185185185
6 0.646875 0.1398148148148148 0.12604166666666666 0.22592592592592592
1 0.4583333333333333 0.6185185185185185 0.084375 0.175
6 0.44114583333333335 0.5787037037037037 0.13177083333333334 0.25
6 0.45208333333333334 0.5175925925925926 0.04895833333333333 0.07222222222222222
2 0.6796875 0.5944444444444444 0.11458333333333333 0.16018518518518518
6 0.3875 0.5398148148148149 0.10677083333333333 0.21666666666666667
