2 0.43125 0.18703703703703703 0.0796875 0.10833333333333334
2 0.3338541666666667 0.42777777777777776 0.07291666666666667 0.1388888888888889
1 0.5 0.1574074074074074 0.059895833333333336 0.13148148148148148
1 0.09114583333333333 0.5777777777777777 0.12239583333333333 0.22870370370370371
2 0.275 0.612037037037037 0.07395833333333333 0.13055555555555556
3 0.38697916666666665 0.33425925925925926 0.07083333333333333 0.15092592592592594
4 0.225 0.48518518518518516 0.08229166666666667 0.1648148148148148
6 0.49375 0.5861111111111111 0.09166666666666666 0.22870370370370371
5 0.025520833333333333 0.23333333333333334 0.15520833333333334 0.4185185185185185
2 0.2796875 0.31851851851851853 0.1234375 0.2037037037037037
1 0.3375 0.2574074074074074 0.04375 0.10277777777777777
