2 0.6635416666666667 0.41574074074074074 0.11614583333333334 0.18981481481481483
2 0.8776041666666666 0.6638888888888889 0.12552083333333333 0.26296296296296295
4 0.3046875 0.812037037037037 0.06927083333333334 0.1712962962962963
6 0.8875 0.4583333333333333 0.084375 0.15648148148148147
6 0.8380208333333333 0.23333333333333334 0.13333333333333333 0.225
3 0.7416666666666667 0.49166666666666664 0.0640625 0.16203703703703703
3 0.8890625 0.5611111111111111 0.046875 0.12037037037037036
4 0.071875 0.6231481481481481 0.08333333333333333 0.15833333333333333
3 0.715625 0.4351851851851852 0.04010416666666667 0.10555555555555556
6 0.7494791666666667 0.40185185185185185 0.0984375 0.14814814814814814
5 0.8307291666666666 0.8629629629629629 0.13125 0.3296296296296296
1 0.7927083333333333 0.33796296296296297 0.10052083333333334 0.19166666666666668
7 0.49322916666666666 0.8842592592592593 0.08489583333333334 0.16944444444444445
