6 0.7604166666666666 0.4166666666666667 0.07916666666666666 0.1398148148148148
1 0.8505208333333333 0.7722222222222223 0.1390625 0.2916666666666667
3 0.7208333333333333 0.4898148148148148 0.0875 0.14629629629629629
6 0.8151041666666666 0.5185185185185185 0.08802083333333334 0.1537037037037037
4 0.31354166666666666 0.3212962962962963 0.08697916666666666 0.18888888888888888
4 0.8546875 0.6416666666666667 0.08125 0.15925925925925927
6 0.8072916666666666 0.4351851851851852 0.13489583333333333 0.2351851851851852
6 0.6791666666666667 0.05 0.11041666666666666 0.24259259259259258
3 0.94375 0.3638888888888889 0.071875 0.11018518518518519
6 0.8729166666666667 0.3990740740740741 0.14583333333333334 0.2388888888888889
