5 0.8255208333333334 0.06574074074074074 0.13958333333333334 0.3592592592592593
3 0.36770833333333336 0.5342592592592592 0.09427083333333333 0.17407407407407408
2 0.4895833333333333 0.4861111111111111 0.11041666666666666 0.17777777777777778
4 0.146875 0.9277777777777778 0.09270833333333334 0.1259259259259259
7 0.225 0.8805555555555555 0.09479166666666666 0.16574074074074074
1 0.4708333333333333 0.8379629629629629 0.12135416666666667 0.26481481481481484
3 0.28177083333333336 0.8240740740740741 0.11510416666666666 0.18055555555555555
6 0.5067708333333333 0.8111111111111111 0.08072916666666667 0.15
6 0.46875 0.4888888888888889 0.09114583333333333 0.15648148148148147
6 0.4140625 0.5916666666666667 0.15677083333333333 0.24351851851851852
4 0.6708333333333333 0.6546296296296297 0.09791666666666667 0.1824074074074074
6 0.27239583333333334 0.7277777777777777 0.07083333333333333 0.2175925925925926
6 0.43125 0.7527777777777778 0.14739583333333334 0.23148148148148148
