7 0.12135416666666667 0.5064814814814815 0.1 0.2037037037037037
6 0.5234375 0.35185185185185186 0.140625 0.20462962962962963
6 0.8604166666666667 0.2537037037037037 0.11197916666666667 0.18796296296296297
4 0.08541666666666667 0.8638888888888889 0.08645833333333333 0.20185185185185187
1 0.5583333333333333 0.4861111111111111 0.12135416666666667 0.25462962962962965
3 0.38229166666666664 0.16018518518518518 0.06822916666666666 0.1259259259259259
2 0.6890625 0.5481481481481482 0.0515625 0.09907407407407408
2 0.8119791666666667 0.38981481481481484 0.059375 0.1
5 0.16666666666666666 0.0824074074074074 0.13229166666666667 0.40925925925925927
1 0.6296875 0.21481481481481482 0.08697916666666666 0.1675925925925926
6 0.540625 0.48518518518518516 0.08854166666666667 0.15185185185185185
4 0.8677083333333333 0.16203703703703703 0.06822916666666666 0.11944444444444445
