2 0.3625 0.41944444444444445 0.04895833333333333 0.07314814814814814
2 0.6895833333333333 0.5314814814814814 0.053125 0.08518518518518518
3 0.49166666666666664 0.38981481481481484 0.07447916666666667 0.08888888888888889
1 0.5911458333333334 0.32314814814814813 0.07760416666666667 0.17407407407407408
4 0.628125 0.27870370370370373 0.08541666666666667 0.1675925925925926
1 0.5765625 0.37222222222222223 0.0828125 0.18796296296296297
2 0.6046875 0.6277777777777778 0.12552083333333333 0.16574074074074074
2 0.5552083333333333 0.48333333333333334 0.059895833333333336 0.08055555555555556
1 0.7645833333333333 0.6666666666666666 0.12291666666666666 0.2722222222222222
1 0.5739583333333333 0.6416666666666667 0.12760416666666666 0.25555555555555554
4 0.7989583333333333 0.9203703703703704 0.06458333333333334 0.17222222222222222
6 0.4796875 0.6722222222222223 0.0953125 0.16574074074074074
3 0.8114583333333333 0.30185185185185187 0.06979166666666667 0.15833333333333333
6 0.5520833333333334 0.48333333333333334 0.09114583333333333 0.19074074074074074
7 0.4890625 0.33796296296296297 0.10885416666666667 0.16666666666666666
6 0.5333333333333333 0.5583333333333333 0.06666666666666667 0.12407407407407407
2 0.6046875 0.4935185185185185 0.1171875 0.15555555555555556
