1 0.6859375 0.487962962962963 0.0625 0.12129629629629629
1 0.6015625 0.6527777777777778 0.0640625 0.13333333333333333
1 0.9791666666666666 0.48518518518518516 0.10364583333333334 0.25092592592592594
3 0.7046875 0.462037037037037 0.05520833333333333 0.10092592592592593
1 0.6380208333333334 0.6296296296296297 0.109375 0.19814814814814816
6 0.7010416666666667 0.4685185185185185 0.13177083333333334 0.2175925925925926
6 0.7770833333333333 0.6601851851851852 0.07604166666666666 0.1259259259259259
3 0.7598958333333333 0.575 0.08072916666666667 0.19814814814814816
2 0.7296875 0.8046296296296296 0.0546875 0.10092592592592593
2 0.89375 0.6407407407407407 0.09114583333333333 0.18981481481481483
