3 0.5213541666666667 0.07314814814814814 0.0421875 0.06851851851851852
6 0.3890625 0.49074074074074076 0.0984375 0.175
5 0.11770833333333333 0.6037037037037037 0.11614583333333334 0.3638888888888889
3 0.5364583333333334 0.5398148148148149 0.04635416666666667 0.10092592592592593
3 0.7291666666666666 0.20092592592592592 0.0609375 0.13796296296296295
2 0.5630208333333333 0.3509259259259259 0.09322916666666667 0.15092592592592594
2 0.5333333333333333 0.4083333333333333 0.04895833333333333 0.11203703703703703
6 0.7208333333333333 0.22407407407407406 0.115625 0.20092592592592592
1 0.4203125 0.34444444444444444 0.11875 0.24074074074074073
6 0.3463541666666667 0.5370370370370371 0.07864583333333333 0.16296296296296298
6 0.7921875 0.49444444444444446 0.15572916666666667 0.23148148148148148
