1 0.39791666666666664 0.4685185185185185 0.07083333333333333 0.18055555555555555
2 0.5692708333333333 0.8268518518518518 0.075 0.1287037037037037
2 0.4510416666666667 0.021296296296296296 0.07604166666666666 0.15555555555555556
1 0.5197916666666667 0.07685185185185185 0.12604166666666666 0.2833333333333333
3 0.7348958333333333 0.5953703703703703 0.07291666666666667 0.12314814814814815
6 0.5213541666666667 0.3907407407407407 0.09375 0.1962962962962963
7 0.271875 0.9416666666666667 0.07135416666666666 0.175
4 0.11822916666666666 0.9925925925925926 0.06354166666666666 0.18518518518518517
2 0.44479166666666664 0.537962962962963 0.05416666666666667 0.0824074074074074
1 0.5088541666666667 0.012962962962962963 0.121875 0.20092592592592592
2 0.46197916666666666 0.35833333333333334 0.08072916666666667 0.1712962962962963
4 0.7453125 0.46574074074074073 0.11197916666666667 0.2
2 0.590625 0.3101851851851852 0.07708333333333334 0.175
2 0.38229166666666664 0.22314814814814815 0.058333333333333334 0.09537037037037037
