6 0.45208333333333334 0.9055555555555556 0.16979166666666667 0.27870370370370373
6 0.4828125 0.7472222222222222 0.053125 0.09444444444444444
2 0.4192708333333333 0.7935185185185185 0.11354166666666667 0.18055555555555555
2 0.5947916666666667 0.6722222222222223 0.1 0.13703703703703704
2 0.459375 0.9398148148148148 0.06770833333333333 0.11574074074074074
2 0.4010416666666667 0.8666666666666667 0.07760416666666667 0.18425925925925926
2 0.275 0.5009259259259259 0.11302083333333333 0.20833333333333334
4 0.9255208333333333 0.7898148148148149 0.08802083333333334 0.2101851851851852
3 0.4078125 0.49537037037037035 0.09375 0.20925925925925926
6 0.42604166666666665 0.6555555555555556 0.06875 0.07407407407407407
5 0.08958333333333333 0.4703703703703704 0.20520833333333333 0.42592592592592593
6 0.47604166666666664 0.7111111111111111 0.121875 0.2212962962962963
1 0.25729166666666664 0.6592592592592592 0.08489583333333334 0.16574074074074074
4 0.06770833333333333 0.787962962962963 0.0578125 0.17685185185185184
