6 0.25364583333333335 0.25833333333333336 0.08697916666666666 0.1175925925925926
6 0.6427083333333333 0.7 0.08541666666666667 0.17592592592592593
2 0.3697916666666667 0.2740740740740741 0.103125 0.1925925925925926
3 0.3171875 0.6981481481481482 0.06458333333333334 0.13425925925925927
2 0.3302083333333333 0.4962962962962963 0.1109375 0.11944444444444445
1 0.39791666666666664 0.7888888888888889 0.12395833333333334 0.24166666666666667
1 0.43072916666666666 0.9740740740740741 0.06614583333333333 0.1675925925925926
6 0.5197916666666667 0.7027777777777777 0.08333333333333333 0.15185185185185185
6 0.4427083333333333 0.3314814814814815 0.14375 0.25462962962962965
6 0.36822916666666666 0.8055555555555556 0.12395833333333334 0.21851851851851853
