4 0.29583333333333334 0.7166666666666667 0.09947916666666666 0.1685185185185185
2 0.7322916666666667 0.4361111111111111 0.11041666666666666 0.17314814814814813
5 0.20416666666666666 0.03333333333333333 0.15364583333333334 0.3675925925925926
6 0.8557291666666667 0.8703703703703703 0.14479166666666668 0.24722222222222223
1 0.9083333333333333 0.2490740740740741 0.06354166666666666 0.13518518518518519
3 0.9354166666666667 0.11481481481481481 0.05625 0.13148148148148148
2 0.8239583333333333 0.15925925925925927 0.10416666666666667 0.14722222222222223
2 0.8911458333333333 0.09074074074074075 0.10677083333333333 0.21944444444444444
4 0.10833333333333334 0.10462962962962963 0.08645833333333333 0.16111111111111112
1 0.7723958333333333 0.4740740740740741 0.0734375 0.17037037037037037
7 0.1171875 0.5231481481481481 0.084375 0.17037037037037037
1 0.7640625 0.44166666666666665 0.052083333333333336 0.1388888888888889
