4 0.009895833333333333 0.8212962962962963 0.06666666666666667 0.1712962962962963
1 0.8286458333333333 0.008333333333333333 0.0921875 0.17407407407407408
1 0.7473958333333334 0.17685185185185184 0.1046875 0.21481481481481482
2 0.984375 0.40370370370370373 0.07760416666666667 0.13518518518518519
2 0.7026041666666667 0.6768518518518518 0.06666666666666667 0.08981481481481482
6 0.65 0.3861111111111111 0.103125 0.2212962962962963
6 0.9171875 0.41203703703703703 0.06354166666666666 0.11666666666666667
4 0.21770833333333334 0.07037037037037037 0.09114583333333333 0.19814814814814816
7 0.4942708333333333 0.5527777777777778 0.07604166666666666 0.12407407407407407
2 0.7166666666666667 0.5268518518518519 0.10833333333333334 0.15925925925925927
1 0.9270833333333334 0.10833333333333334 0.059895833333333336 0.10925925925925926
3 0.9088541666666666 0.14907407407407408 0.06302083333333333 0.1638888888888889
