2 0.38125 0.362962962962963 0.12760416666666666 0.20833333333333334
2 0.6005208333333333 0.4101851851851852 0.052083333333333336 0.1175925925925926
3 0.5276041666666667 0.5314814814814814 0.052083333333333336 0.09259259259259259
2 0.5864583333333333 0.6074074074074074 0.049479166666666664 0.07222222222222222
2 0.53125 0.725 0.075 0.13703703703703704
2 0.4479166666666667 0.6342592592592593 0.05572916666666667 0.08333333333333333
2 0.5645833333333333 0.39444444444444443 0.06458333333333334 0.10925925925925926
1 0.40989583333333335 0.6462962962962963 0.06145833333333333 0.13148148148148148
3 0.5104166666666666 0.475 0.05520833333333333 0.14814814814814814
6 0.440625 0.3435185185185185 0.1796875 0.29259259259259257
