6 0.4984375 0.3509259259259259 0.07135416666666666 0.14166666666666666
6 0.3385416666666667 0.662962962962963 0.13958333333333334 0.2537037037037037
5 0.8859375 0.5796296296296296 0.0984375 0.2740740740740741
2 0.6223958333333334 0.4083333333333333 0.05416666666666667 0.11944444444444445
6 0.32135416666666666 0.49722222222222223 0.08177083333333333 0.14074074074074075
6 0.5921875 0.7018518518518518 0.12916666666666668 0.28888888888888886
6 0.5322916666666667 0.562037037037037 0.103125 0.1712962962962963
1 0.4786458333333333 0.3675925925925926 0.07083333333333333 0.15925925925925927
6 0.3390625 0.55 0.11614583333333334 0.2074074074074074
2 0.5380208333333333 0.6037037037037037 0.08333333333333333 0.15555555555555556
1 0.528125 0.2490740740740741 0.08802083333333334 0.1527777777777778
1 0.41822916666666665 0.24444444444444444 0.07916666666666666 0.12962962962962962
4 0.16614583333333333 0.4305555555555556 0.07447916666666667 0.1935185185185185
3 0.559375 0.5361111111111111 0.0625 0.10555555555555556
1 0.36770833333333336 0.16203703703703703 0.0859375 0.17685185185185184
4 0.6822916666666666 0.6990740740740741 0.07395833333333333 0.19722222222222222
