6 0.528125 0.5777777777777777 0.0859375 0.1425925925925926
3 0.58125 0.5324074074074074 0.0609375 0.11944444444444445
6 0.4817708333333333 0.4703703703703704 0.11354166666666667 0.18611111111111112
1 0.2109375 0.5305555555555556 0.08177083333333333 0.1638888888888889
1 0.4947916666666667 0.5666666666666667 0.12135416666666667 0.23981481481481481
2 0.4005208333333333 0.33611111111111114 0.0703125 0.12037037037037036
2 0.2557291666666667 0.5287037037037037 0.06666666666666667 0.13703703703703704
2 0.4296875 0.4722222222222222 0.08697916666666666 0.15185185185185185
1 0.42552083333333335 0.7074074074074074 0.075 0.14444444444444443
4 0.9984375 0.16111111111111112 0.06770833333333333 0.1675925925925926
6 0.42604166666666665 0.8768518518518519 0.06197916666666667 0.11203703703703703
