2 0.8421875 0.10833333333333334 0.09166666666666666 0.15185185185185185
3 0.653125 0.38796296296296295 0.05677083333333333 0.11944444444444445
2 0.9682291666666667 0.17037037037037037 0.10416666666666667 0.2101851851851852
2 0.7994791666666666 0.11574074074074074 0.1140625 0.15185185185185185
6 0.9005208333333333 0.2722222222222222 0.07447916666666667 0.12222222222222222
5 0.5317708333333333 0.5444444444444444 0.10625 0.32222222222222224
4 0.80625 0.6583333333333333 0.06458333333333334 0.19166666666666668
6 0.7078125 0.33055555555555555 0.07552083333333333 0.1361111111111111
4 0.128125 0.4888888888888889 0.07552083333333333 0.2064814814814815
1 0.9265625 0.5018518518518519 0.13645833333333332 0.2916666666666667
6 0.7026041666666667 0.4444444444444444 0.08229166666666667 0.14444444444444443
