1 0.7015625 0.6462962962962963 0.06875 0.11388888888888889
3 0.9421875 0.5370370370370371 0.06458333333333334 0.1
3 0.9489583333333333 0.337037037037037 0.07604166666666666 0.175
2 0.9145833333333333 0.45740740740740743 0.1046875 0.14629629629629629
4 0.6567708333333333 0.7592592592592593 0.09583333333333334 0.13148148148148148
1 0.8786458333333333 0.41759259259259257 0.10364583333333334 0.18981481481481483
5 0.014583333333333334 0.33796296296296297 0.1125 0.35462962962962963
4 0.9739583333333334 0.6296296296296297 0.07760416666666667 0.2351851851851852
1 0.7661458333333333 0.5018518518518519 0.09791666666666667 0.18796296296296297
2 0.8557291666666667 0.4824074074074074 0.09166666666666666 0.13703703703703704
2 0.8734375 0.425 0.078125 0.18055555555555555
