1 0.6083333333333333 0.3509259259259259 0.06145833333333333 0.12777777777777777
3 0.7104166666666667 0.6685185185185185 0.09583333333333334 0.14722222222222223
4 0.07135416666666666 0.8027777777777778 0.11197916666666667 0.23425925925925925
1 0.5619791666666667 0.16111111111111112 0.06145833333333333 0.18611111111111112
6 0.8385416666666666 0.5703703703703704 0.08489583333333334 0.13796296296296295
1 0.3765625 0.3814814814814815 0.0625 0.12037037037037036
1 0.6104166666666667 0.5046296296296297 0.0828125 0.18888888888888888
3 0.5453125 0.6518518518518519 0.06875 0.14907407407407408
1 0.6583333333333333 0.2324074074074074 0.09479166666666666 0.2222222222222222
2 0.41041666666666665 0.662962962962963 0.049479166666666664 0.09722222222222222
3 0.6411458333333333 0.4083333333333333 0.1265625 0.22777777777777777
4 0.27291666666666664 0.8907407407407407 0.059895833333333336 0.17037037037037037
3 0.5145833333333333 0.4925925925925926 0.0375 0.07222222222222222
6 0.5234375 0.39444444444444443 0.0921875 0.1675925925925926
7 0.71875 0.8731481481481481 0.0828125 0.1398148148148148
3 0.5286458333333334 0.29907407407407405 0.0703125 0.13518518518518519
