2 0.3453125 0.8277777777777777 0.109375 0.18055555555555555
4 0.1640625 0.2759259259259259 0.09479166666666666 0.1
3 0.5791666666666667 0.4185185185185185 0.0984375 0.15648148148148147
1 0.6265625 0.8 0.04583333333333333 0.11481481481481481
2 0.4973958333333333 0.6175925925925926 0.09479166666666666 0.16111111111111112
6 0.509375 0.5972222222222222 0.1453125 0.21388888888888888
2 0.7026041666666667 0.5138888888888888 0.1 0.1675925925925926
1 0.334375 0.5120370370370371 0.11510416666666666 0.2064814814814815
1 0.48072916666666665 0.7842592592592592 0.096875 0.20462962962962963
2 0.6354166666666666 0.5787037037037037 0.12135416666666667 0.2490740740740741
1 0.5213541666666667 0.5037037037037037 0.0984375 0.20462962962962963
