1 0.33697916666666666 0.4527777777777778 0.11770833333333333 0.23055555555555557
2 0.19427083333333334 0.8722222222222222 0.11354166666666667 0.15
3 0.3494791666666667 0.47962962962962963 0.049479166666666664 0.11296296296296296
6 0.32864583333333336 0.7361111111111112 0.07552083333333333 0.125
6 0.33229166666666665 0.7472222222222222 0.13802083333333334 0.24444444444444444
2 0.44947916666666665 0.25277777777777777 0.06145833333333333 0.11203703703703703
3 0.2203125 0.725925925925926 0.08854166666666667 0.225
3 0.4317708333333333 0.7888888888888889 0.09427083333333333 0.1574074074074074
5 0.4515625 0.5851851851851851 0.09791666666666667 0.28425925925925927
1 0.37395833333333334 0.5666666666666667 0.09010416666666667 0.22777777777777777
3 0.25833333333333336 0.6898148148148148 0.04375 0.09259259259259259
6 0.5114583333333333 0.4444444444444444 0.07135416666666666 0.12777777777777777
