4 0.453125 0.8416666666666667 0.075 0.18425925925925926
2 0.5380208333333333 0.5592592592592592 0.08958333333333333 0.18981481481481483
4 0.4395833333333333 0.9907407407407407 0.08229166666666667 0.19722222222222222
2 0.5208333333333334 0.48148148148148145 0.11614583333333334 0.2101851851851852
6 0.6645833333333333 0.25925925925925924 0.044270833333333336 0.10740740740740741
3 0.38385416666666666 0.6814814814814815 0.040625 0.08703703703703704
1 0.296875 0.4101851851851852 0.14583333333333334 0.27037037037037037
3 0.7229166666666667 0.7037037037037037 0.044270833333333336 0.11018518518518519
1 0.4635416666666667 0.39351851851851855 0.09166666666666666 0.2037037037037037
3 0.48854166666666665 0.6666666666666666 0.09583333333333334 0.14074074074074075
6 0.4390625 0.6351851851851852 0.1125 0.17407407407407408
6 0.3848958333333333 0.5787037037037037 0.07395833333333333 0.1259259259259259
6 0.6072916666666667 0.45740740740740743 0.06822916666666666 0.16666666666666666
1 0.5802083333333333 0.25925925925925924 0.06979166666666667 0.1425925925925926
3 0.39114583333333336 0.6990740740740741 0.07916666666666666 0.17962962962962964
