2 0.21927083333333333 0.3435185185185185 0.06510416666666667 0.12407407407407407
6 0.371875 0.9287037037037037 0.08072916666666667 0.14074074074074075
6 0.27395833333333336 0.46944444444444444 0.08489583333333334 0.15648148148148147
2 0.2875 0.6898148148148148 0.0453125 0.06574074074074074
2 0.4296875 0.6194444444444445 0.11510416666666666 0.23796296296296296
3 0.2890625 0.05 0.03958333333333333 0.07685185185185185
4 0.041666666666666664 0.6166666666666667 0.0765625 0.20925925925925926
1 0.35885416666666664 0.6425925925925926 0.09375 0.1824074074074074
1 0.38958333333333334 0.5879629629629629 0.1359375 0.262037037037037
2 0.2552083333333333 0.7324074074074074 0.06770833333333333 0.10833333333333334
3 0.1671875 0.8953703703703704 0.0640625 0.10462962962962963
6 0.3109375 0.5611111111111111 0.13333333333333333 0.2361111111111111
1 0.2786458333333333 0.7916666666666666 0.059895833333333336 0.14351851851851852
