2 0.5677083333333334 0.4148148148148148 0.12447916666666667 0.20092592592592592
6 0.48385416666666664 0.475 0.09479166666666666 0.1527777777777778
1 0.38697916666666665 0.6601851851851852 0.13541666666666666 0.2814814814814815
3 0.6380208333333334 0.8398148148148148 0.04895833333333333 0.09351851851851851
5 0.30885416666666665 0.5935185185185186 0.0984375 0.2777777777777778
1 0.5208333333333334 0.7027777777777777 0.0609375 0.1361111111111111
3 0.5489583333333333 0.5259259259259259 0.0578125 0.10185185185185185
2 0.39791666666666664 0.575 0.08958333333333333 0.15555555555555556
1 0.684375 0.6972222222222222 0.140625 0.2814814814814815
3 0.5588541666666667 0.5694444444444444 0.04010416666666667 0.09814814814814815
2 0.5828125 0.7296296296296296 0.1078125 0.22870370370370371
3 0.4984375 0.7555555555555555 0.05 0.11203703703703703
6 0.6 0.37222222222222223 0.07604166666666666 0.12962962962962962
