6 0.6005208333333333 0.524074074074074 0.103125 0.18981481481481483
6 0.5182291666666666 0.5805555555555556 0.07760416666666667 0.13148148148148148
6 0.4947916666666667 0.41574074074074074 0.07916666666666666 0.1259259259259259
3 0.4046875 0.4546296296296296 0.09010416666666667 0.19722222222222222
2 0.3958333333333333 0.5333333333333333 0.08229166666666667 0.13703703703703704
4 0.14270833333333333 0.9222222222222223 0.06510416666666667 0.19166666666666668
1 0.6208333333333333 0.6129629629629629 0.11041666666666666 0.20092592592592592
3 0.525 0.7398148148148148 0.08072916666666667 0.14444444444444443
6 0.603125 0.7305555555555555 0.08697916666666666 0.1527777777777778
1 0.6671875 0.7416666666666667 0.06510416666666667 0.13333333333333333
