3 0.40677083333333336 0.27870370370370373 0.0734375 0.12407407407407407
4 0.49114583333333334 0.5916666666666667 0.06510416666666667 0.17037037037037037
1 0.5015625 0.32222222222222224 0.06927083333333334 0.18796296296296297
6 0.49895833333333334 0.43333333333333335 0.15052083333333333 0.2824074074074074
4 0.9942708333333333 0.34444444444444444 0.071875 0.1712962962962963
3 0.18958333333333333 0.5898148148148148 0.1359375 0.2
2 0.28020833333333334 0.16203703703703703 0.09427083333333333 0.1037037037037037
3 0.4296875 0.2064814814814815 0.0765625 0.1712962962962963
2 0.2947916666666667 0.41944444444444445 0.0796875 0.09907407407407408
3 0.3885416666666667 0.4444444444444444 0.07291666666666667 0.17777777777777778
7 0.7552083333333334 0.06111111111111111 0.06927083333333334 0.12222222222222222
