5 0.6177083333333333 0.8574074074074074 0.1265625 0.3453703703703704
3 0.2765625 0.2324074074074074 0.043229166666666666 0.06666666666666667
3 0.3109375 0.5518518518518518 0.0703125 0.1527777777777778
2 0.296875 0.4166666666666667 0.10729166666666666 0.15833333333333333
6 0.24427083333333333 0.34814814814814815 0.09427083333333333 0.14074074074074075
7 0.5947916666666667 0.4777777777777778 0.096875 0.20555555555555555
2 0.1796875 0.39444444444444443 0.12760416666666666 0.17777777777777778
4 0.35625 0.47685185185185186 0.08229166666666667 0.15092592592592594
2 0.23802083333333332 0.37037037037037035 0.11927083333333334 0.15925925925925927
4 0.303125 0.5305555555555556 0.05364583333333333 0.17407407407407408
