4 0.23541666666666666 0.27685185185185185 0.103125 0.19166666666666668
3 0.3645833333333333 0.45 0.07604166666666666 0.20833333333333334
2 0.5020833333333333 0.5611111111111111 0.08020833333333334 0.10092592592592593
1 0.28020833333333334 0.24259259259259258 0.10208333333333333 0.17037037037037037
3 0.33645833333333336 0.19907407407407407 0.046875 0.11388888888888889
6 0.5171875 0.462037037037037 0.12864583333333332 0.2324074074074074
3 0.409375 0.5259259259259259 0.0546875 0.11851851851851852
1 0.30520833333333336 0.32222222222222224 0.1203125 0.20833333333333334
3 0.3546875 0.37962962962962965 0.04375 0.08518518518518518
2 0.31666666666666665 0.262037037037037 0.07552083333333333 0.09907407407407408
