6 0.5291666666666667 0.325 0.134375 0.22870370370370371
2 0.39895833333333336 0.21666666666666667 0.07864583333333333 0.12407407407407407
4 0.39791666666666664 0.1111111111111111 0.08645833333333333 0.19907407407407407
6 0.5666666666666667 0.28055555555555556 0.1328125 0.1935185185185185
1 0.45364583333333336 0.4351851851851852 0.1015625 0.17685185185185184
7 0.41770833333333335 0.7314814814814815 0.12604166666666666 0.32037037037037036
2 0.46875 0.5509259259259259 0.0515625 0.10740740740740741
3 0.48333333333333334 0.23333333333333334 0.08177083333333333 0.1259259259259259
1 0.5328125 0.3435185185185185 0.06979166666666667 0.18055555555555555
4 0.1734375 0.28425925925925927 0.06145833333333333 0.19074074074074074
3 0.2859375 0.737037037037037 0.0515625 0.09259259259259259
6 0.3223958333333333 0.6240740740740741 0.10260416666666666 0.20092592592592592
5 0.9046875 0.5453703703703704 0.12083333333333333 0.3074074074074074
2 0.4739583333333333 0.4111111111111111 0.06770833333333333 0.1175925925925926
3 0.30364583333333334 0.8962962962962963 0.051041666666666666 0.09907407407407408
1 0.415625 0.5425925925925926 0.07552083333333333 0.14444444444444443
1 0.4010416666666667 0.49444444444444446 0.1234375 0.2638888888888889
