1 0.19114583333333332 0.20092592592592592 0.12760416666666666 0.23055555555555557
5 0.8880208333333334 0.5111111111111111 0.14791666666666667 0.4925925925925926
6 0.1890625 0.6712962962962963 0.084375 0.14907407407407408
2 0.17552083333333332 0.7138888888888889 0.0984375 0.1287037037037037
2 0.2109375 0.4537037037037037 0.07083333333333333 0.15648148148148147
6 0.17916666666666667 0.5064814814814815 0.0625 0.12222222222222222
2 0.21822916666666667 0.5157407407407407 0.06145833333333333 0.11481481481481481
3 0.17864583333333334 0.175 0.06510416666666667 0.1361111111111111
3 0.39166666666666666 0.27870370370370373 0.0828125 0.2064814814814815
1 0.1109375 0.5037037037037037 0.13177083333333334 0.23148148148148148
1 0.28177083333333336 0.31296296296296294 0.08072916666666667 0.25092592592592594
