3 0.6890625 0.08425925925925926 0.08854166666666667 0.225
4 0.05677083333333333 0.9935185185185185 0.07604166666666666 0.18055555555555555
3 0.5734375 0.4666666666666667 0.10677083333333333 0.22777777777777777
1 0.6666666666666666 0.4287037037037037 0.0765625 0.15185185185185185
3 0.7046875 0.6768518518518518 0.04479166666666667 0.08703703703703704
2 0.6578125 0.5638888888888889 0.09635416666666667 0.1648148148148148
1 0.7005208333333334 0.387037037037037 0.08229166666666667 0.18703703703703703
2 0.7364583333333333 0.6148148148148148 0.08489583333333334 0.13055555555555556
1 0.6151041666666667 0.6509259259259259 0.08645833333333333 0.18888888888888888
1 0.4625 0.4824074074074074 0.09166666666666666 0.18888888888888888
3 0.7677083333333333 0.5796296296296296 0.04895833333333333 0.13425925925925927
3 0.5375 0.5287037037037037 0.07760416666666667 0.1824074074074074
3 0.6442708333333333 0.24351851851851852 0.0546875 0.11574074074074074
3 0.7078125 0.1638888888888889 0.0828125 0.17685185185185184
4 0.9677083333333333 0.5916666666666667 0.10052083333333334 0.1712962962962963
