6 0.4510416666666667 0.5787037037037037 0.07864583333333333 0.13703703703703704
2 0.6442708333333333 0.5731481481481482 0.08541666666666667 0.1259259259259259
2 0.5552083333333333 0.9231481481481482 0.09635416666666667 0.15462962962962962
3 0.5984375 0.524074074074074 0.044270833333333336 0.08888888888888889
1 0.5625 0.8111111111111111 0.11197916666666667 0.2212962962962963
3 0.49270833333333336 0.6962962962962963 0.09010416666666667 0.17962962962962964
2 0.5052083333333334 0.8083333333333333 0.0796875 0.13148148148148148
6 0.7572916666666667 0.5175925925925926 0.0859375 0.15648148148148147
1 0.7729166666666667 0.1787037037037037 0.058854166666666666 0.11851851851851852
2 0.7364583333333333 0.9324074074074075 0.057291666666666664 0.09444444444444444
5 0.36614583333333334 0.5046296296296297 0.115625 0.3101851851851852
3 0.5916666666666667 0.6055555555555555 0.071875 0.19444444444444445
3 0.6875 0.8277777777777777 0.059375 0.12129629629629629
