1 0.20364583333333333 0.39351851851851855 0.12552083333333333 0.26851851851851855
1 0.3776041666666667 0.687962962962963 0.08489583333333334 0.1648148148148148
2 0.2453125 0.25092592592592594 0.13645833333333332 0.24166666666666667
3 0.2 0.5351851851851852 0.058333333333333334 0.10648148148148148
6 0.19479166666666667 0.3037037037037037 0.12395833333333334 0.19722222222222222
4 0.6255208333333333 0.6518518518518519 0.1015625 0.21666666666666667
3 0.43645833333333334 0.6842592592592592 0.08958333333333333 0.14907407407407408
2 0.2375 0.5444444444444444 0.10260416666666666 0.19074074074074074
6 0.38958333333333334 0.40185185185185185 0.13020833333333334 0.2361111111111111
1 0.3567708333333333 0.3851851851851852 0.05260416666666667 0.12685185185185185
1 0.4083333333333333 0.6333333333333333 0.07239583333333334 0.12222222222222222
2 0.27395833333333336 0.6712962962962963 0.11145833333333334 0.20462962962962963
2 0.11770833333333333 0.4685185185185185 0.08541666666666667 0.14722222222222223
6 0.20625 0.862037037037037 0.1484375 0.31203703703703706
2 0.20520833333333333 0.5268518518518519 0.11822916666666666 0.19074074074074074
