6 0.6963541666666667 0.13148148148148148 0.11145833333333334 0.1814814814814815
2 0.7958333333333333 0.44907407407407407 0.07604166666666666 0.12407407407407407
4 0.2838541666666667 0.04814814814814815 0.09791666666666667 0.18518518518518517
2 0.7875 0.3787037037037037 0.11666666666666667 0.1685185185185185
3 0.7963541666666667 0.46296296296296297 0.09270833333333334 0.1287037037037037
1 0.8651041666666667 0.2 0.10364583333333334 0.21388888888888888
5 0.865625 0.28888888888888886 0.14322916666666666 0.38796296296296295
6 0.8 0.13240740740740742 0.12760416666666666 0.17962962962962964
6 0.765625 0.7944444444444444 0.04791666666666667 0.13518518518518519
3 0.8848958333333333 0.4601851851851852 0.05260416666666667 0.09537037037037037
4 0.5015625 0.7277777777777777 0.10104166666666667 0.20555555555555555
