6 0.6411458333333333 0.9287037037037037 0.09895833333333333 0.1425925925925926
3 0.6567708333333333 0.2777777777777778 0.08177083333333333 0.14814814814814814
4 0.41770833333333335 0.5037037037037037 0.0703125 0.17314814814814813
6 0.5177083333333333 0.6842592592592592 0.13854166666666667 0.24074074074074073
6 0.31302083333333336 0.4601851851851852 0.14479166666666668 0.2777777777777778
6 0.5234375 0.562037037037037 0.06510416666666667 0.11203703703703703
3 0.33645833333333336 0.6703703703703704 0.08020833333333334 0.14074074074074075
5 0.25625 0.26481481481481484 0.1328125 0.5268518518518519
4 0.5145833333333333 0.9527777777777777 0.09322916666666667 0.13055555555555556
3 0.196875 0.6833333333333333 0.07447916666666667 0.1712962962962963
6 0.475 0.7620370370370371 0.06197916666666667 0.11666666666666667
1 0.5276041666666667 0.7611111111111111 0.06614583333333333 0.13703703703703704
1 0.5958333333333333 0.6685185185185185 0.05520833333333333 0.11851851851851852
2 0.521875 0.7787037037037037 0.11197916666666667 0.17407407407407408
1 0.37604166666666666 0.7388888888888889 0.09895833333333333 0.21388888888888888
3 0.49270833333333336 0.8555555555555555 0.08125 0.1675925925925926
