3 0.4171875 0.762962962962963 0.08645833333333333 0.12314814814814815
6 0.3932291666666667 0.5425925925925926 0.1765625 0.30092592592592593
6 0.6760416666666667 0.4898148148148148 0.09166666666666666 0.1527777777777778
2 0.5098958333333333 0.7842592592592592 0.1078125 0.16944444444444445
3 0.4557291666666667 0.6925925925925925 0.0734375 0.17777777777777778
6 0.44427083333333334 0.8740740740740741 0.06197916666666667 0.13240740740740742
5 0.6416666666666667 0.058333333333333334 0.1578125 0.4305555555555556
2 0.4984375 0.14722222222222223 0.12083333333333333 0.14907407407407408
3 0.3880208333333333 0.7166666666666667 0.08020833333333334 0.15833333333333333
2 0.6973958333333333 0.1814814814814815 0.10052083333333334 0.1675925925925926
6 0.359375 0.47314814814814815 0.1453125 0.15555555555555556
