3 0.3932291666666667 0.34074074074074073 0.04635416666666667 0.10277777777777777
6 0.18854166666666666 0.28055555555555556 0.14375 0.2574074074074074
2 0.38333333333333336 0.2518518518518518 0.07916666666666666 0.14722222222222223
4 0.7442708333333333 0.55 0.08385416666666666 0.2111111111111111
6 0.3416666666666667 0.6925925925925925 0.13697916666666668 0.24814814814814815
3 0.38958333333333334 0.7342592592592593 0.0671875 0.10925925925925926
2 0.25677083333333334 0.21574074074074073 0.06875 0.1037037037037037
2 0.2828125 0.22592592592592592 0.06197916666666667 0.1388888888888889
1 0.33697916666666666 0.21944444444444444 0.075 0.16203703703703703
2 0.378125 0.4287037037037037 0.1078125 0.22037037037037038
4 0.0859375 0.5453703703703704 0.050520833333333334 0.20185185185185187
6 0.4921875 0.4046296296296296 0.11822916666666666 0.23796296296296296
2 0.07291666666666667 0.5861111111111111 0.07447916666666667 0.11944444444444445
5 0.21666666666666667 0.8083333333333333 0.1328125 0.42777777777777776
6 0.2328125 0.028703703703703703 0.11041666666666666 0.16574074074074074
