4 0.030208333333333334 0.6907407407407408 0.08958333333333333 0.18981481481481483
4 0.325 0.8777777777777778 0.07552083333333333 0.18888888888888888
3 0.36354166666666665 0.35555555555555557 0.06510416666666667 0.13148148148148148
2 0.058854166666666666 0.06666666666666667 0.058854166666666666 0.09259259259259259
1 0.4484375 0.20185185185185187 0.1296875 0.22314814814814815
6 0.40208333333333335 0.6296296296296297 0.1140625 0.19537037037037036
1 0.24479166666666666 0.37407407407407406 0.08958333333333333 0.17314814814814813
7 0.7588541666666667 0.7148148148148148 0.059895833333333336 0.22407407407407406
1 0.30885416666666665 0.6407407407407407 0.07447916666666667 0.14722222222222223
6 0.09270833333333334 0.5305555555555556 0.0765625 0.13796296296296295
1 0.3697916666666667 0.5564814814814815 0.09895833333333333 0.19537037037037036
1 0.3380208333333333 0.6240740740740741 0.09270833333333334 0.21574074074074073
5 0.7890625 0.8648148148148148 0.12864583333333332 0.39537037037037037
6 0.3802083333333333 0.5212962962962963 0.10364583333333334 0.1388888888888889
3 0.3854166666666667 0.649074074074074 0.05677083333333333 0.16574074074074074
