2 0.24270833333333333 0.5157407407407407 0.115625 0.15648148148148147
1 0.19375 0.8611111111111112 0.15208333333333332 0.29259259259259257
6 0.28177083333333336 0.5083333333333333 0.05677083333333333 0.125
1 0.16145833333333334 0.6407407407407407 0.13333333333333333 0.25
1 0.36770833333333336 0.6981481481481482 0.06145833333333333 0.16203703703703703
2 0.16979166666666667 0.5675925925925925 0.09270833333333334 0.13518518518518519
3 0.2109375 0.7611111111111111 0.07447916666666667 0.17592592592592593
6 0.23645833333333333 0.5694444444444444 0.18645833333333334 0.2490740740740741
2 0.16458333333333333 0.7888888888888889 0.08385416666666666 0.12037037037037036
6 0.35625 0.8462962962962963 0.11458333333333333 0.20092592592592592
2 0.309375 0.7583333333333333 0.09479166666666666 0.15555555555555556
3 0.3416666666666667 0.8574074074074074 0.08541666666666667 0.19537037037037036
