1 0.6661458333333333 0.3824074074074074 0.0890625 0.19722222222222222
6 0.5895833333333333 0.475 0.171875 0.2953703703703704
5 0.6640625 0.8861111111111111 0.109375 0.287962962962963
6 0.6296875 0.6824074074074075 0.06770833333333333 0.10462962962962963
1 0.8364583333333333 0.2537037037037037 0.10989583333333333 0.21944444444444444
1 0.8432291666666667 0.43333333333333335 0.06770833333333333 0.12777777777777777
6 0.771875 0.7842592592592592 0.1734375 0.25555555555555554
1 0.7401041666666667 0.5944444444444444 0.08697916666666666 0.17407407407407408
2 0.6833333333333333 0.11481481481481481 0.06822916666666666 0.13703703703703704
2 0.7442708333333333 0.4287037037037037 0.09375 0.1574074074074074
6 0.796875 0.08703703703703704 0.17291666666666666 0.22870370370370371
2 0.5453125 0.6111111111111112 0.10104166666666667 0.1787037037037037
6 0.7052083333333333 0.6 0.128125 0.22314814814814815
6 0.6567708333333333 0.40185185185185185 0.07395833333333333 0.12129629629629629
