5 0.4791666666666667 0.48703703703703705 0.20208333333333334 0.5074074074074074
2 0.3723958333333333 0.7388888888888889 0.07291666666666667 0.11666666666666667
4 0.36354166666666665 0.15925925925925927 0.071875 0.16296296296296298
3 0.3015625 0.2611111111111111 0.057291666666666664 0.1111111111111111
7 0.13072916666666667 0.7796296296296297 0.0984375 0.2324074074074074
4 0.853125 0.8518518518518519 0.06979166666666667 0.175
1 0.48854166666666665 0.5712962962962963 0.0984375 0.2064814814814815
3 0.34322916666666664 0.3537037037037037 0.07916666666666666 0.1638888888888889
1 0.37135416666666665 0.4351851851851852 0.07864583333333333 0.15925925925925927
3 0.4708333333333333 0.275 0.07916666666666666 0.16296296296296298
3 0.415625 0.6574074074074074 0.07083333333333333 0.14722222222222223
2 0.33541666666666664 0.4740740740740741 0.08697916666666666 0.1685185185185185
6 0.44583333333333336 0.17037037037037037 0.07239583333333334 0.12037037037037036
3 0.5291666666666667 0.3888888888888889 0.08802083333333334 0.19537037037037036
3 0.3458333333333333 0.5305555555555556 0.121875 0.24259259259259258
