6 0.49166666666666664 0.23796296296296296 0.115625 0.28703703703703703
1 0.325 0.5231481481481481 0.05677083333333333 0.14166666666666666
2 0.23645833333333333 0.3398148148148148 0.050520833333333334 0.09259259259259259
6 0.4979166666666667 0.32407407407407407 0.08802083333333334 0.1537037037037037
2 0.26510416666666664 0.5416666666666666 0.0953125 0.15
6 0.5109375 0.47962962962962963 0.0609375 0.11296296296296296
4 0.06197916666666667 0.65 0.09322916666666667 0.20555555555555555
1 0.34479166666666666 0.75 0.0890625 0.19537037037037036
3 0.4161458333333333 0.6453703703703704 0.084375 0.1537037037037037
3 0.590625 0.4166666666666667 0.11614583333333334 0.2064814814814815
3 0.35208333333333336 0.9407407407407408 0.04114583333333333 0.06388888888888888
2 0.43385416666666665 0.49722222222222223 0.09583333333333334 0.16574074074074074
