3 0.3203125 0.4685185185185185 0.08229166666666667 0.17222222222222222
2 0.08489583333333334 0.5018518518518519 0.09635416666666667 0.15462962962962962
2 0.2625 0.5851851851851851 0.08958333333333333 0.14166666666666666
3 0.18958333333333333 0.29074074074074074 0.057291666666666664 0.08611111111111111
3 0.22447916666666667 0.5851851851851851 0.06614583333333333 0.14166666666666666
6 0.3078125 0.35 0.121875 0.24351851851851852
4 0.4739583333333333 0.9898148148148148 0.05520833333333333 0.2101851851851852
3 0.39479166666666665 0.39444444444444443 0.096875 0.1925925925925926
1 0.15729166666666666 0.7083333333333334 0.1109375 0.23333333333333334
1 0.21927083333333333 0.262037037037037 0.059895833333333336 0.13240740740740742
4 0.10416666666666667 0.5138888888888888 0.07291666666666667 0.1824074074074074
3 0.1484375 0.4537037037037037 0.06458333333333334 0.14166666666666666
