6 0.8796875 0.8157407407407408 0.10833333333333334 0.26944444444444443
3 0.8744791666666667 0.4861111111111111 0.08177083333333333 0.17037037037037037
2 0.7 0.5546296296296296 0.0578125 0.0962962962962963
1 0.8973958333333333 0.5416666666666666 0.09270833333333334 0.2064814814814815
3 0.6854166666666667 0.5120370370370371 0.06510416666666667 0.17777777777777778
2 0.76875 0.37407407407407406 0.09635416666666667 0.15555555555555556
2 0.5354166666666667 0.6805555555555556 0.0921875 0.16111111111111112
3 0.7026041666666667 0.3472222222222222 0.10052083333333334 0.13518518518518519
3 0.6979166666666666 0.25277777777777777 0.08125 0.13333333333333333
2 0.778125 0.5814814814814815 0.11614583333333334 0.16018518518518518
6 0.790625 0.6129629629629629 0.0578125 0.10833333333333334
6 0.69375 0.3731481481481482 0.09166666666666666 0.21666666666666667
1 0.8510416666666667 0.42685185185185187 0.07083333333333333 0.1675925925925926
6 0.6296875 0.15833333333333333 0.09635416666666667 0.14907407407407408
