3 0.6536458333333334 0.6805555555555556 0.08645833333333333 0.16018518518518518
3 0.4192708333333333 0.6185185185185185 0.09375 0.20555555555555555
3 0.43854166666666666 0.4703703703703704 0.09114583333333333 0.1962962962962963
1 0.3489583333333333 0.7675925925925926 0.058333333333333334 0.12129629629629629
1 0.42291666666666666 0.4898148148148148 0.0828125 0.18888888888888888
1 0.7588541666666667 0.6888888888888889 0.08020833333333334 0.19444444444444445
1 0.3640625 0.3638888888888889 0.07760416666666667 0.21481481481481482
1 0.5838541666666667 0.47314814814814815 0.075 0.15925925925925927
3 0.44947916666666665 0.5648148148148148 0.08229166666666667 0.22407407407407406
4 0.0703125 0.2351851851851852 0.10729166666666666 0.1574074074074074
2 0.5223958333333333 0.13240740740740742 0.0984375 0.16111111111111112
6 0.5989583333333334 0.3537037037037037 0.075 0.12777777777777777
