6 0.3796875 0.38055555555555554 0.13854166666666667 0.24722222222222223
1 0.45 0.2601851851851852 0.12083333333333333 0.24074074074074073
6 0.42916666666666664 0.6407407407407407 0.12083333333333333 0.21481481481481482
4 0.4953125 0.9898148148148148 0.08333333333333333 0.21388888888888888
3 0.51875 0.2851851851851852 0.0515625 0.11944444444444445
3 0.4453125 0.5398148148148149 0.03854166666666667 0.09351851851851851
4 0.9125 0.023148148148148147 0.08020833333333334 0.1537037037037037
7 0.0671875 0.6481481481481481 0.10729166666666666 0.18518518518518517
2 0.5276041666666667 0.4287037037037037 0.12083333333333333 0.19444444444444445
6 0.19270833333333334 0.3611111111111111 0.15208333333333332 0.25277777777777777
6 0.425 0.10555555555555556 0.06927083333333334 0.16574074074074074
