1 0.8796875 0.637962962962963 0.12083333333333333 0.25
5 0.9552083333333333 0.9962962962962963 0.14947916666666666 0.42314814814814816
3 0.684375 0.5138888888888888 0.0796875 0.17314814814814813
1 0.6697916666666667 0.6101851851851852 0.11770833333333333 0.2064814814814815
2 0.6354166666666666 0.6842592592592592 0.12395833333333334 0.1388888888888889
3 0.8151041666666666 0.40185185185185185 0.04739583333333333 0.10462962962962963
6 0.8557291666666667 0.662962962962963 0.11510416666666666 0.25833333333333336
1 0.8192708333333333 0.6222222222222222 0.12291666666666666 0.22777777777777777
2 0.6744791666666666 0.9425925925925925 0.07291666666666667 0.11944444444444445
4 0.35885416666666664 0.8324074074074074 0.0546875 0.15555555555555556
3 0.5541666666666667 0.5935185185185186 0.096875 0.1824074074074074
1 0.6776041666666667 0.5462962962962963 0.10729166666666666 0.2101851851851852
3 0.7421875 0.5861111111111111 0.09322916666666667 0.2111111111111111
2 0.715625 0.36203703703703705 0.075 0.11296296296296296
