3 0.49166666666666664 0.40555555555555556 0.09479166666666666 0.18518518518518517
3 0.5489583333333333 0.387037037037037 0.07447916666666667 0.17592592592592593
3 0.6869791666666667 0.8555555555555555 0.08125 0.19907407407407407
5 0.9807291666666667 0.8824074074074074 0.159375 0.42685185185185187
6 0.528125 0.6240740740740741 0.12291666666666666 0.24722222222222223
2 0.5109375 0.7277777777777777 0.06614583333333333 0.09814814814814815
3 0.4895833333333333 0.5712962962962963 0.06145833333333333 0.10092592592592593
4 0.309375 0.08333333333333333 0.07447916666666667 0.17314814814814813
4 0.0010416666666666667 0.1537037037037037 0.09895833333333333 0.15185185185185185
6 0.3380208333333333 0.6324074074074074 0.12291666666666666 0.18055555555555555
3 0.6 0.41759259259259257 0.084375 0.21851851851851853
3 0.47604166666666664 0.41574074074074074 0.059375 0.1685185185185185
3 0.6140625 0.7027777777777777 0.08385416666666666 0.19166666666666668
