2 0.728125 0.5666666666666667 0.0609375 0.16574074074074074
2 0.6244791666666667 0.85 0.08645833333333333 0.23055555555555557
3 0.7942708333333334 0.5361111111111111 0.090625 0.18333333333333332
4 0.014583333333333334 0.8185185185185185 0.10208333333333333 0.19537037037037036
2 0.7817708333333333 0.4324074074074074 0.08697916666666666 0.15555555555555556
6 0.6552083333333333 0.8018518518518518 0.0875 0.13425925925925927
7 0.35260416666666666 0.023148148148148147 0.09375 0.16574074074074074
6 0.771875 0.3 0.109375 0.19166666666666668
6 0.85 0.41944444444444445 0.10989583333333333 0.175
4 0.5703125 0.8138888888888889 0.09739583333333333 0.18796296296296297
1 0.6791666666666667 0.35833333333333334 0.06510416666666667 0.1398148148148148
