2 0.2890625 0.4925925925925926 0.14427083333333332 0.20555555555555555
5 0.18697916666666667 0.5962962962962963 0.10052083333333334 0.27685185185185185
4 0.9260416666666667 0.028703703703703703 0.07708333333333334 0.17962962962962964
1 0.4666666666666667 0.8018518518518518 0.10208333333333333 0.1675925925925926
1 0.3104166666666667 0.5074074074074074 0.0703125 0.14351851851851852
1 0.4583333333333333 0.5472222222222223 0.11875 0.22777777777777777
3 0.5223958333333333 0.6435185185185185 0.07083333333333333 0.15092592592592594
1 0.4515625 0.8694444444444445 0.09270833333333334 0.24166666666666667
3 0.49895833333333334 0.8037037037037037 0.05625 0.09074074074074075
3 0.4109375 0.962037037037037 0.08333333333333333 0.225
4 0.46510416666666665 0.8296296296296296 0.1015625 0.14907407407407408
2 0.32916666666666666 0.5324074074074074 0.08541666666666667 0.13703703703703704
1 0.3859375 0.787962962962963 0.08697916666666666 0.16666666666666666
3 0.35208333333333336 0.7842592592592592 0.071875 0.1648148148148148
