1 0.6979166666666666 0.6166666666666667 0.12083333333333333 0.2537037037037037
3 0.928125 0.549074074074074 0.1015625 0.21203703703703702
3 0.7973958333333333 0.6018518518518519 0.058333333333333334 0.12407407407407407
6 0.6088541666666667 0.5333333333333333 0.17708333333333334 0.2833333333333333
6 0.7338541666666667 0.8009259259259259 0.16875 0.2601851851851852
4 0.8958333333333334 0.5574074074074075 0.07916666666666666 0.1814814814814815
2 0.63125 0.5648148148148148 0.090625 0.18888888888888888
1 0.68125 0.4009259259259259 0.084375 0.1814814814814815
6 0.7989583333333333 0.7935185185185185 0.10208333333333333 0.18333333333333332
6 0.6375 0.6425925925925926 0.10416666666666667 0.13240740740740742
