1 0.8666666666666667 0.5972222222222222 0.05364583333333333 0.10277777777777777
3 0.66875 0.32592592592592595 0.1234375 0.20277777777777778
4 0.7270833333333333 0.987037037037037 0.065625 0.1675925925925926
6 0.8020833333333334 0.44814814814814813 0.13020833333333334 0.24722222222222223
6 0.8755208333333333 0.8083333333333333 0.08854166666666667 0.15648148148148147
1 0.6921875 0.5074074074074074 0.10677083333333333 0.2212962962962963
2 0.859375 0.5666666666666667 0.11145833333333334 0.19074074074074074
5 0.9744791666666667 0.4861111111111111 0.10364583333333334 0.24444444444444444
3 0.7494791666666667 0.37962962962962965 0.06510416666666667 0.14166666666666666
6 0.8182291666666667 0.9527777777777777 0.11354166666666667 0.24722222222222223
1 0.6338541666666667 0.16296296296296298 0.13229166666666667 0.21944444444444444
7 0.0 0.7611111111111111 0.078125 0.13425925925925927
4 0.04635416666666667 0.6888888888888889 0.06875 0.1962962962962963
3 0.828125 0.3925925925925926 0.07291666666666667 0.1527777777777778
3 0.7359375 0.5453703703703704 0.052083333333333336 0.12314814814814815
