2 0.6838541666666667 0.23425925925925925 0.06302083333333333 0.09351851851851851
1 0.7182291666666667 0.5046296296296297 0.0625 0.10740740740740741
4 0.35625 0.9601851851851851 0.0984375 0.17962962962962964
2 0.9713541666666666 0.5555555555555556 0.09166666666666666 0.1824074074074074
3 0.721875 0.3416666666666667 0.06979166666666667 0.14444444444444443
3 0.5880208333333333 0.4305555555555556 0.10520833333333333 0.1814814814814815
1 0.7380208333333333 0.39444444444444443 0.11041666666666666 0.18796296296296297
6 0.6828125 0.6101851851851852 0.09583333333333334 0.1574074074074074
1 0.6364583333333333 0.20833333333333334 0.10677083333333333 0.2037037037037037
6 0.5932291666666667 0.28425925925925927 0.13541666666666666 0.22870370370370371
3 0.7572916666666667 0.4305555555555556 0.049479166666666664 0.09814814814814815
1 0.6682291666666667 0.24166666666666667 0.11979166666666667 0.2361111111111111
4 0.3536458333333333 0.36574074074074076 0.08802083333333334 0.14722222222222223
5 0.8786458333333333 0.649074074074074 0.09270833333333334 0.26666666666666666
1 0.6536458333333334 0.5407407407407407 0.10260416666666666 0.20555555555555555
7 0.4744791666666667 0.3037037037037037 0.09322916666666667 0.19166666666666668
1 0.5484375 0.32685185185185184 0.08854166666666667 0.14722222222222223
