6 0.596875 0.6453703703703704 0.13645833333333332 0.23333333333333334
3 0.5765625 0.42685185185185187 0.05520833333333333 0.09351851851851851
1 0.5828125 0.35833333333333334 0.1015625 0.19537037037037036
3 0.46770833333333334 0.35833333333333334 0.05677083333333333 0.20555555555555555
6 0.34010416666666665 0.49537037037037035 0.13854166666666667 0.2935185185185185
3 0.5703125 0.23148148148148148 0.05 0.08148148148148149
7 0.9260416666666667 0.3287037037037037 0.1046875 0.21203703703703702
2 0.6739583333333333 0.5351851851851852 0.09583333333333334 0.18888888888888888
4 0.9682291666666667 0.17037037037037037 0.0734375 0.13796296296296295
4 0.4473958333333333 0.48703703703703705 0.0859375 0.14629629629629629
