3 0.4479166666666667 0.4009259259259259 0.03854166666666667 0.10277777777777777
3 0.5395833333333333 0.05925925925925926 0.06510416666666667 0.15185185185185185
6 0.6369791666666667 0.4074074074074074 0.08333333333333333 0.09907407407407408
1 0.5130208333333334 0.36018518518518516 0.08854166666666667 0.18333333333333332
2 0.29739583333333336 0.5111111111111111 0.1296875 0.20462962962962963
4 0.16822916666666668 0.26296296296296295 0.06927083333333334 0.18425925925925926
4 0.1296875 0.44166666666666665 0.09010416666666667 0.20462962962962963
2 0.3807291666666667 0.2574074074074074 0.07447916666666667 0.1388888888888889
2 0.49583333333333335 0.6425925925925926 0.09739583333333333 0.21574074074074073
2 0.5661458333333333 0.45740740740740743 0.058333333333333334 0.09722222222222222
2 0.3484375 0.5194444444444445 0.09375 0.21481481481481482
3 0.6135416666666667 0.33611111111111114 0.05416666666666667 0.10925925925925926
6 0.4984375 0.6481481481481481 0.11666666666666667 0.1925925925925926
5 0.5395833333333333 0.6083333333333333 0.19791666666666666 0.47962962962962963
1 0.4354166666666667 0.8814814814814815 0.058333333333333334 0.10092592592592593
