3 0.9067708333333333 0.5666666666666667 0.08229166666666667 0.14444444444444443
2 0.9270833333333334 0.10648148148148148 0.07395833333333333 0.12037037037037036
4 0.07916666666666666 0.8277777777777777 0.06510416666666667 0.20185185185185187
3 0.8588541666666667 0.7703703703703704 0.03802083333333333 0.06666666666666667
6 0.6744791666666666 0.7759259259259259 0.09583333333333334 0.14166666666666666
3 0.5755208333333334 0.38425925925925924 0.08645833333333333 0.18611111111111112
5 0.9296875 0.13148148148148148 0.09791666666666667 0.24259259259259258
2 0.7557291666666667 0.075 0.10989583333333333 0.14074074074074075
4 0.2734375 0.8388888888888889 0.08229166666666667 0.1675925925925926
7 0.9119791666666667 0.5435185185185185 0.07239583333333334 0.17407407407407408
6 0.9375 0.36574074074074076 0.08489583333333334 0.1388888888888889
1 0.8953125 0.023148148148148147 0.11197916666666667 0.24166666666666667
3 0.5984375 0.33796296296296297 0.07135416666666666 0.19722222222222222
