2 0.5546875 0.2777777777777778 0.09895833333333333 0.17314814814814813
6 0.45625 0.058333333333333334 0.05625 0.13333333333333333
2 0.5463541666666667 0.40370370370370373 0.11770833333333333 0.20092592592592592
2 0.3255208333333333 0.4166666666666667 0.08020833333333334 0.12037037037037036
2 0.465625 0.42777777777777776 0.06510416666666667 0.10462962962962963
2 0.23385416666666667 0.2064814814814815 0.10885416666666667 0.15648148148148147
2 0.2947916666666667 0.24259259259259258 0.0625 0.08981481481481482
3 0.5385416666666667 0.4638888888888889 0.05364583333333333 0.12129629629629629
6 0.2760416666666667 0.5518518518518518 0.1765625 0.30833333333333335
2 0.29270833333333335 0.5277777777777778 0.058854166666666666 0.08888888888888889
1 0.153125 0.512962962962963 0.11302083333333333 0.22962962962962963
6 0.5927083333333333 0.5037037037037037 0.084375 0.16296296296296298
2 0.39791666666666664 0.412962962962963 0.07447916666666667 0.10833333333333334
