1 0.18958333333333333 0.6851851851851852 0.10729166666666666 0.18888888888888888
3 0.4973958333333333 0.6398148148148148 0.052083333333333336 0.08888888888888889
6 0.4713541666666667 0.2518518518518518 0.0875 0.15185185185185185
5 0.4791666666666667 0.24074074074074073 0.12604166666666666 0.3425925925925926
1 0.1796875 0.36944444444444446 0.10104166666666667 0.19166666666666668
3 0.3932291666666667 0.4027777777777778 0.10208333333333333 0.17962962962962964
2 0.36666666666666664 0.25 0.06145833333333333 0.08981481481481482
7 0.38125 0.4546296296296296 0.10885416666666667 0.1712962962962963
2 0.34479166666666666 0.28703703703703703 0.08020833333333334 0.11574074074074074
3 0.540625 0.6333333333333333 0.0640625 0.11018518518518519
4 0.0296875 0.28055555555555556 0.058333333333333334 0.19537037037037036
6 0.47552083333333334 0.7574074074074074 0.057291666666666664 0.15092592592592594
1 0.41354166666666664 0.5814814814814815 0.13541666666666666 0.22777777777777777
6 0.5692708333333333 0.2564814814814815 0.09166666666666666 0.16203703703703703
4 0.1015625 0.8981481481481481 0.06302083333333333 0.18425925925925926
3 0.6026041666666667 0.5564814814814815 0.040625 0.09166666666666666
2 0.36666666666666664 0.5185185185185185 0.075 0.17037037037037037
2 0.6 0.512962962962963 0.12708333333333333 0.18981481481481483
