4 0.8723958333333334 0.03333333333333333 0.0890625 0.15555555555555556
1 0.49895833333333334 0.7712962962962963 0.09010416666666667 0.18981481481481483
6 0.15416666666666667 0.8416666666666667 0.09166666666666666 0.1638888888888889
2 0.39739583333333334 0.9481481481481482 0.050520833333333334 0.1111111111111111
6 0.15208333333333332 0.9120370370370371 0.14635416666666667 0.23796296296296296
6 0.2869791666666667 0.8666666666666667 0.13541666666666666 0.20462962962962963
1 0.31666666666666665 0.6546296296296297 0.07760416666666667 0.17777777777777778
4 0.9864583333333333 0.12222222222222222 0.07239583333333334 0.17685185185185184
1 0.315625 0.6759259259259259 0.10625 0.24259259259259258
2 0.3880208333333333 0.24722222222222223 0.08854166666666667 0.19907407407407407
1 0.3260416666666667 0.6898148148148148 0.10364583333333334 0.22037037037037038
2 0.19270833333333334 0.9157407407407407 0.05625 0.13055555555555556
5 0.1375 0.5342592592592592 0.14739583333333334 0.4351851851851852
1 0.38229166666666664 0.44907407407407407 0.06822916666666666 0.15185185185185185
1 0.6567708333333333 0.6203703703703703 0.0875 0.14722222222222223
