2 0.5817708333333333 0.03981481481481482 0.12395833333333334 0.175
5 0.153125 0.8592592592592593 0.10416666666666667 0.3111111111111111
3 0.7708333333333334 0.5361111111111111 0.030729166666666665 0.08611111111111111
3 0.8473958333333333 0.11388888888888889 0.065625 0.13425925925925927
6 0.6635416666666667 0.2324074074074074 0.071875 0.13425925925925927
1 0.7630208333333334 0.7194444444444444 0.06354166666666666 0.13796296296296295
2 0.7453125 0.5435185185185185 0.11822916666666666 0.1925925925925926
6 0.4609375 0.23148148148148148 0.12916666666666668 0.22777777777777777
3 0.8723958333333334 0.2361111111111111 0.052083333333333336 0.12222222222222222
1 0.6505208333333333 0.21574074074074073 0.11354166666666667 0.1925925925925926
