3 0.6010416666666667 0.6407407407407407 0.0703125 0.0824074074074074
2 0.36822916666666666 0.7527777777777778 0.06979166666666667 0.11388888888888889
5 0.0234375 0.9287037037037037 0.16614583333333333 0.39444444444444443
1 0.4953125 0.725 0.09895833333333333 0.18703703703703703
6 0.340625 0.9796296296296296 0.14583333333333334 0.2462962962962963
4 0.4125 0.40925925925925927 0.10625 0.23148148148148148
1 0.4083333333333333 0.950925925925926 0.12760416666666666 0.21388888888888888
3 0.371875 0.6638888888888889 0.103125 0.2101851851851852
4 0.45 0.600925925925926 0.084375 0.18703703703703703
1 0.2760416666666667 0.8805555555555555 0.0734375 0.13240740740740742
1 0.3536458333333333 0.8175925925925925 0.07395833333333333 0.1685185185185185
2 0.26614583333333336 0.5314814814814814 0.13229166666666667 0.2222222222222222
6 0.2421875 0.7981481481481482 0.0859375 0.11944444444444445
3 0.121875 0.6305555555555555 0.09947916666666666 0.1935185185185185
1 0.2598958333333333 0.7731481481481481 0.07708333333333334 0.16296296296296298
7 0.9052083333333333 0.6537037037037037 0.09375 0.19722222222222222
