4 0.6645833333333333 0.2722222222222222 0.10104166666666667 0.13333333333333333
1 0.39114583333333336 0.7462962962962963 0.11354166666666667 0.19722222222222222
2 0.11041666666666666 0.5462962962962963 0.11822916666666666 0.19444444444444445
1 0.19947916666666668 0.7296296296296296 0.125 0.26944444444444443
6 0.27291666666666664 0.49444444444444446 0.09947916666666666 0.17314814814814813
6 0.36302083333333335 0.8712962962962963 0.065625 0.11666666666666667
1 0.3890625 0.5972222222222222 0.109375 0.24074074074074073
2 0.3619791666666667 0.3861111111111111 0.14010416666666667 0.2037037037037037
1 0.3958333333333333 0.5703703703703704 0.11510416666666666 0.26296296296296295
1 0.0765625 0.8888888888888888 0.06302083333333333 0.11944444444444445
2 0.3421875 0.5879629629629629 0.11458333333333333 0.25555555555555554
