3 0.6130208333333333 0.6916666666666667 0.052083333333333336 0.12037037037037036
5 0.5432291666666667 0.39444444444444443 0.20677083333333332 0.4935185185185185
3 0.8317708333333333 0.7759259259259259 0.08697916666666666 0.1527777777777778
1 0.7208333333333333 0.6037037037037037 0.1109375 0.2388888888888889
1 0.55 0.6407407407407407 0.06927083333333334 0.15092592592592594
2 0.7994791666666666 0.725925925925926 0.053125 0.08148148148148149
3 0.571875 0.7462962962962963 0.07291666666666667 0.12407407407407407
1 0.646875 0.7907407407407407 0.10833333333333334 0.25462962962962965
1 0.5598958333333334 0.9953703703703703 0.08385416666666666 0.2111111111111111
2 0.7890625 0.6111111111111112 0.06458333333333334 0.08611111111111111
2 0.7536458333333333 0.3712962962962963 0.06666666666666667 0.1425925925925926
4 0.28854166666666664 0.8425925925925926 0.07395833333333333 0.18425925925925926
