7 0.12552083333333333 0.9990740740740741 0.09322916666666667 0.16574074074074074
6 0.3046875 0.42777777777777776 0.12395833333333334 0.2101851851851852
2 0.21614583333333334 0.5685185185185185 0.10572916666666667 0.17407407407407408
6 0.18489583333333334 0.2462962962962963 0.12708333333333333 0.1925925925925926
1 0.2125 0.2814814814814815 0.09791666666666667 0.21666666666666667
4 0.13385416666666666 0.625 0.10260416666666666 0.18796296296296297
2 0.0203125 0.45 0.0796875 0.14537037037037037
4 0.325 0.3648148148148148 0.06979166666666667 0.21944444444444444
5 0.6640625 0.33425925925925926 0.125 0.3398148148148148
2 0.21927083333333333 0.1574074074074074 0.096875 0.125
6 0.30885416666666665 0.30277777777777776 0.1046875 0.18703703703703703
3 0.3260416666666667 0.5583333333333333 0.0890625 0.13055555555555556
