4 0.36822916666666666 0.4027777777777778 0.0671875 0.12777777777777777
5 0.48385416666666664 0.7509259259259259 0.11354166666666667 0.28888888888888886
1 0.7083333333333334 0.3277777777777778 0.06510416666666667 0.11388888888888889
3 0.7 0.8027777777777778 0.103125 0.17314814814814813
3 0.765625 0.3925925925925926 0.0734375 0.14166666666666666
3 0.6614583333333334 0.3074074074074074 0.11666666666666667 0.19722222222222222
2 0.8067708333333333 0.4361111111111111 0.0796875 0.1685185185185185
3 0.7223958333333333 0.49444444444444446 0.08229166666666667 0.18518518518518517
6 0.6375 0.8111111111111111 0.07083333333333333 0.11851851851851852
1 0.8229166666666666 0.700925925925926 0.08072916666666667 0.13703703703703704
