2 0.4119791666666667 0.5944444444444444 0.11614583333333334 0.19814814814814816
2 0.39166666666666666 0.8361111111111111 0.0640625 0.13703703703703704
5 0.1390625 0.03888888888888889 0.0890625 0.37037037037037035
4 0.6869791666666667 0.2824074074074074 0.0484375 0.1712962962962963
6 0.7708333333333334 0.837037037037037 0.0578125 0.09722222222222222
1 0.4005208333333333 0.812962962962963 0.0671875 0.13148148148148148
6 0.7682291666666666 0.7805555555555556 0.0515625 0.0962962962962963
3 0.7927083333333333 0.5962962962962963 0.03333333333333333 0.08888888888888889
2 0.2375 0.7074074074074074 0.07395833333333333 0.16574074074074074
3 0.5078125 0.6425925925925926 0.0515625 0.07777777777777778
