1 0.8895833333333333 0.537962962962963 0.065625 0.15555555555555556
1 0.7927083333333333 0.6101851851851852 0.0796875 0.15648148148148147
6 0.6838541666666667 0.7342592592592593 0.128125 0.22870370370370371
1 0.4984375 0.5138888888888888 0.08125 0.13703703703703704
3 0.8244791666666667 0.3814814814814815 0.0734375 0.1638888888888889
7 0.1984375 0.5111111111111111 0.10625 0.21574074074074073
6 0.6447916666666667 0.700925925925926 0.10729166666666666 0.18796296296296297
4 0.14427083333333332 0.7333333333333333 0.06614583333333333 0.18518518518518517
6 0.790625 0.5694444444444444 0.11927083333333334 0.1925925925925926
4 0.38125 0.700925925925926 0.06875 0.16944444444444445
6 0.7302083333333333 0.45092592592592595 0.08125 0.14444444444444443
