6 0.28489583333333335 0.7759259259259259 0.0953125 0.1712962962962963
6 0.49375 0.8314814814814815 0.17083333333333334 0.29444444444444445
6 0.5213541666666667 0.1648148148148148 0.14427083333333332 0.23148148148148148
6 0.5453125 0.6685185185185185 0.11875 0.2324074074074074
1 0.5713541666666667 0.5583333333333333 0.14010416666666667 0.2361111111111111
3 0.5015625 0.44351851851851853 0.059375 0.11296296296296296
2 0.5166666666666667 0.5203703703703704 0.10625 0.15092592592592594
1 0.31354166666666666 0.4935185185185185 0.07291666666666667 0.14444444444444443
2 0.3765625 0.15462962962962962 0.11302083333333333 0.15648148148148147
4 0.14427083333333332 0.37037037037037035 0.10260416666666666 0.15092592592592594
2 0.45416666666666666 0.7398148148148148 0.06666666666666667 0.09351851851851851
3 0.196875 0.4962962962962963 0.0890625 0.15833333333333333
