1 0.6776041666666667 0.2388888888888889 0.1484375 0.2962962962962963
6 0.578125 0.6675925925925926 0.10208333333333333 0.18796296296296297
2 0.5463541666666667 0.32037037037037036 0.06145833333333333 0.10185185185185185
1 0.428125 0.21574074074074073 0.09114583333333333 0.2175925925925926
1 0.4791666666666667 0.5407407407407407 0.07291666666666667 0.14166666666666666
6 0.3489583333333333 0.2518518518518518 0.16302083333333334 0.29074074074074074
2 0.6916666666666667 0.5342592592592592 0.09114583333333333 0.1537037037037037
3 0.5869791666666667 0.5074074074074074 0.09375 0.1388888888888889
5 0.42864583333333334 0.8277777777777777 0.23385416666666667 0.5435185185185185
3 0.5635416666666667 0.9314814814814815 0.08125 0.12962962962962962
1 0.2708333333333333 0.5370370370370371 0.09739583333333333 0.21944444444444444
2 0.56875 0.48518518518518516 0.057291666666666664 0.08611111111111111
6 0.5182291666666666 0.524074074074074 0.175 0.2972222222222222
3 0.40729166666666666 0.4666666666666667 0.09739583333333333 0.2101851851851852
3 0.3765625 0.5277777777777778 0.07239583333333334 0.18796296296296297
