6 0.5114583333333333 0.1685185185185185 0.11927083333333334 0.24351851851851852
1 0.7119791666666667 0.7481481481481481 0.096875 0.19444444444444445
1 0.359375 0.7268518518518519 0.053125 0.10277777777777777
2 0.6083333333333333 0.6027777777777777 0.08229166666666667 0.11481481481481481
6 0.6 0.1824074074074074 0.090625 0.17962962962962964
3 0.5098958333333333 0.7712962962962963 0.06458333333333334 0.15185185185185185
3 0.6276041666666666 0.5675925925925925 0.07239583333333334 0.1527777777777778
3 0.7723958333333333 0.49722222222222223 0.065625 0.14351851851851852
4 0.7229166666666667 0.14907407407407408 0.09010416666666667 0.17314814814814813
6 0.6515625 0.5185185185185185 0.12708333333333333 0.24259259259259258
6 0.49947916666666664 0.39351851851851855 0.0875 0.15
1 0.8739583333333333 0.47962962962962963 0.1109375 0.22870370370370371
1 0.4979166666666667 0.5351851851851852 0.09375 0.16296296296296298
6 0.5791666666666667 0.37037037037037035 0.11770833333333333 0.1962962962962963
