2 0.8604166666666667 0.30833333333333335 0.065625 0.1111111111111111
6 0.7276041666666667 0.6407407407407407 0.09895833333333333 0.17222222222222222
2 0.6635416666666667 0.46574074074074073 0.04375 0.09722222222222222
4 0.6067708333333334 0.03333333333333333 0.07239583333333334 0.22962962962962963
1 0.7739583333333333 0.34629629629629627 0.12135416666666667 0.25555555555555554
2 0.7265625 0.36574074074074076 0.1265625 0.15462962962962962
3 0.6229166666666667 0.4222222222222222 0.075 0.1527777777777778
4 0.6994791666666667 0.012037037037037037 0.0984375 0.22777777777777777
2 0.7119791666666667 0.4148148148148148 0.075 0.11481481481481481
3 0.64375 0.5537037037037037 0.0453125 0.11388888888888889
2 0.6734375 0.4583333333333333 0.07083333333333333 0.11388888888888889
