1 0.14947916666666666 0.5953703703703703 0.059895833333333336 0.12685185185185185
2 0.36041666666666666 0.3824074074074074 0.0953125 0.16296296296296298
2 0.36822916666666666 0.37222222222222223 0.07760416666666667 0.12407407407407407
6 0.2390625 0.32037037037037036 0.09166666666666666 0.1648148148148148
4 0.7583333333333333 0.8277777777777777 0.08697916666666666 0.20092592592592592
3 0.29010416666666666 0.23981481481481481 0.08072916666666667 0.1675925925925926
7 0.8848958333333333 0.9268518518518518 0.05572916666666667 0.15092592592592594
1 0.43645833333333334 0.6222222222222222 0.1640625 0.30648148148148147
4 0.39375 0.3074074074074074 0.07864583333333333 0.19074074074074074
6 0.3463541666666667 0.5981481481481481 0.059895833333333336 0.07407407407407407
2 0.10677083333333333 0.5472222222222223 0.0875 0.14722222222222223
3 0.19635416666666666 0.4074074074074074 0.07135416666666666 0.1638888888888889
3 0.18177083333333333 0.7157407407407408 0.0515625 0.10740740740740741
