7 0.8473958333333333 0.9018518518518519 0.08125 0.18333333333333332
3 0.140625 0.6148148148148148 0.052083333333333336 0.08888888888888889
6 0.12760416666666666 0.8537037037037037 0.1828125 0.31203703703703706
6 0.14114583333333333 0.16111111111111112 0.090625 0.1638888888888889
6 0.10729166666666666 0.20462962962962963 0.13125 0.23333333333333334
4 0.3338541666666667 0.17962962962962964 0.07239583333333334 0.22592592592592592
1 0.19791666666666666 0.42592592592592593 0.1203125 0.2037037037037037
3 0.2875 0.41574074074074074 0.06666666666666667 0.11666666666666667
1 0.21614583333333334 0.1675925925925926 0.05572916666666667 0.12685185185185185
1 0.13020833333333334 0.7833333333333333 0.11302083333333333 0.21666666666666667
2 0.10104166666666667 0.40185185185185185 0.09635416666666667 0.19166666666666668
6 0.16666666666666666 0.4148148148148148 0.11458333333333333 0.19907407407407407
4 0.6984375 0.9888888888888889 0.09427083333333333 0.2074074074074074
2 0.03177083333333333 0.8138888888888889 0.1078125 0.24351851851851852
2 0.24375 0.5833333333333334 0.13385416666666666 0.2490740740740741
