6 0.4630208333333333 0.6962962962962963 0.0921875 0.1638888888888889
3 0.4786458333333333 0.5268518518518519 0.07135416666666666 0.0962962962962963
3 0.6145833333333334 0.8231481481481482 0.0671875 0.14074074074074075
2 0.46770833333333334 0.712037037037037 0.06875 0.10925925925925926
2 0.7786458333333334 0.4351851851851852 0.0859375 0.12777777777777777
1 0.321875 0.35 0.0546875 0.11944444444444445
1 0.5604166666666667 0.21203703703703702 0.10520833333333333 0.21666666666666667
2 0.2765625 0.7722222222222223 0.10677083333333333 0.19537037037037036
2 0.375 0.36574074074074076 0.07916666666666666 0.13425925925925927
4 0.37083333333333335 0.8777777777777778 0.09791666666666667 0.16944444444444445
6 0.5151041666666667 0.6 0.15520833333333334 0.2740740740740741
4 0.44583333333333336 0.1814814814814815 0.09791666666666667 0.17314814814814813
2 0.2635416666666667 0.4962962962962963 0.1125 0.20277777777777778
1 0.31145833333333334 0.6074074074074074 0.0734375 0.15462962962962962
6 0.29322916666666665 0.4787037037037037 0.0640625 0.11388888888888889
6 0.50625 0.387037037037037 0.06822916666666666 0.12777777777777777
