2 0.2942708333333333 0.3138888888888889 0.10052083333333334 0.18518518518518517
3 0.19895833333333332 0.2601851851851852 0.09635416666666667 0.16111111111111112
2 0.44166666666666665 0.37222222222222223 0.06770833333333333 0.10648148148148148
1 0.3145833333333333 0.262037037037037 0.09322916666666667 0.17962962962962964
3 0.5140625 0.6138888888888889 0.06770833333333333 0.16574074074074074
1 0.5229166666666667 0.5324074074074074 0.11354166666666667 0.21944444444444444
4 0.9583333333333334 0.9314814814814815 0.09739583333333333 0.16296296296296298
2 0.3890625 0.23055555555555557 0.057291666666666664 0.0787037037037037
1 0.39166666666666666 0.41944444444444445 0.10885416666666667 0.21944444444444444
6 0.578125 0.1388888888888889 0.06822916666666666 0.11851851851851852
3 0.3489583333333333 0.42407407407407405 0.065625 0.07777777777777778
