7 0.9989583333333333 0.9851851851851852 0.09375 0.19814814814814816
1 0.23229166666666667 0.7398148148148148 0.10364583333333334 0.20092592592592592
3 0.23125 0.6351851851851852 0.05572916666666667 0.17037037037037037
4 0.2890625 0.010185185185185186 0.07552083333333333 0.1935185185185185
6 0.26458333333333334 0.6666666666666666 0.07239583333333334 0.13425925925925927
5 0.13489583333333333 0.44166666666666665 0.14114583333333333 0.35555555555555557
6 0.23333333333333334 0.5814814814814815 0.08697916666666666 0.16111111111111112
6 0.28802083333333334 0.4638888888888889 0.04635416666666667 0.075
1 0.32447916666666665 0.23333333333333334 0.10416666666666667 0.17592592592592593
6 0.29270833333333335 0.6046296296296296 0.10625 0.19166666666666668
4 0.7989583333333333 0.39444444444444443 0.0671875 0.16018518518518518
