1 0.2375 0.6888888888888889 0.14166666666666666 0.23796296296296296
2 0.3390625 0.2074074074074074 0.0671875 0.10462962962962963
4 0.7088541666666667 0.8814814814814815 0.10416666666666667 0.19814814814814816
3 0.275 0.3277777777777778 0.0328125 0.1
6 0.22135416666666666 0.5796296296296296 0.12760416666666666 0.22407407407407406
2 0.44375 0.12129629629629629 0.07708333333333334 0.12962962962962962
1 0.2296875 0.1574074074074074 0.065625 0.13240740740740742
6 0.259375 0.34074074074074073 0.08229166666666667 0.1685185185185185
6 0.33645833333333336 0.1 0.09427083333333333 0.1537037037037037
6 0.41302083333333334 0.2175925925925926 0.0640625 0.0787037037037037
2 0.49375 0.5888888888888889 0.07916666666666666 0.12962962962962962
1 0.39479166666666665 0.4842592592592593 0.078125 0.14444444444444443
5 0.12447916666666667 0.1638888888888889 0.08072916666666667 0.21944444444444444
3 0.34479166666666666 0.16574074074074074 0.0515625 0.1425925925925926
1 0.34270833333333334 0.34444444444444444 0.07239583333333334 0.16666666666666666
6 0.35260416666666666 0.4601851851851852 0.040625 0.12777777777777777
