6 0.4661458333333333 0.537962962962963 0.09479166666666666 0.16296296296296298
3 0.41302083333333334 0.4759259259259259 0.0546875 0.1425925925925926
6 0.5104166666666666 0.4351851851851852 0.1203125 0.1935185185185185
3 0.5322916666666667 0.7472222222222222 0.065625 0.1527777777777778
6 0.3848958333333333 0.5814814814814815 0.15364583333333334 0.21666666666666667
3 0.3223958333333333 0.22962962962962963 0.05260416666666667 0.11481481481481481
6 0.40260416666666665 0.2518518518518518 0.16666666666666666 0.2574074074074074
1 0.553125 0.3907407407407407 0.10052083333333334 0.21944444444444444
2 0.4234375 0.6166666666666667 0.06666666666666667 0.10092592592592593
1 0.5020833333333333 0.6518518518518519 0.07760416666666667 0.16111111111111112
5 0.13489583333333333 0.08518518518518518 0.1515625 0.4462962962962963
3 0.6088541666666667 0.22870370370370371 0.0453125 0.11018518518518519
