4 0.8833333333333333 0.1398148148148148 0.06770833333333333 0.18518518518518517
2 0.7520833333333333 0.425 0.11197916666666667 0.1962962962962963
2 0.665625 0.5333333333333333 0.08489583333333334 0.14537037037037037
3 0.7729166666666667 0.3111111111111111 0.06927083333333334 0.12407407407407407
1 0.5713541666666667 0.18611111111111112 0.0828125 0.15092592592592594
3 0.75625 0.3111111111111111 0.044270833333333336 0.07592592592592592
3 0.796875 0.5898148148148148 0.08072916666666667 0.15555555555555556
3 0.7614583333333333 0.5611111111111111 0.044270833333333336 0.08703703703703704
5 0.6411458333333333 0.38055555555555554 0.18541666666666667 0.412962962962963
6 0.7692708333333333 0.2962962962962963 0.0578125 0.11296296296296296
4 0.37447916666666664 0.5518518518518518 0.08854166666666667 0.21203703703703702
1 0.6640625 0.6 0.07760416666666667 0.13518518518518519
6 0.7401041666666667 0.5212962962962963 0.06770833333333333 0.12222222222222222
6 0.6859375 0.06111111111111111 0.084375 0.13148148148148148
2 0.7796875 0.1962962962962963 0.051041666666666666 0.12129629629629629
3 0.7421875 0.48148148148148145 0.04739583333333333 0.09351851851851851
