4 0.7552083333333334 0.6074074074074074 0.115625 0.12407407407407407
6 0.6578125 0.35555555555555557 0.1125 0.17222222222222222
2 0.7796875 0.5453703703703704 0.10260416666666666 0.20092592592592592
1 0.6848958333333334 0.6101851851851852 0.08958333333333333 0.15
2 0.5421875 0.8453703703703703 0.09635416666666667 0.1537037037037037
2 0.5322916666666667 0.6620370370370371 0.0546875 0.10092592592592593
6 0.7166666666666667 0.25 0.08229166666666667 0.15
1 0.6057291666666667 0.5259259259259259 0.121875 0.2537037037037037
1 0.6364583333333333 0.6759259259259259 0.08854166666666667 0.20462962962962963
3 0.5416666666666666 0.7333333333333333 0.0671875 0.10833333333333334
1 0.8208333333333333 0.31851851851851853 0.05677083333333333 0.11944444444444445
1 0.74375 0.3509259259259259 0.0921875 0.17222222222222222
3 0.678125 0.9453703703703704 0.10052083333333334 0.125
4 0.4395833333333333 0.4935185185185185 0.07395833333333333 0.2
2 0.6036458333333333 0.7694444444444445 0.08020833333333334 0.19537037037037036
1 0.4953125 0.33055555555555555 0.09010416666666667 0.17222222222222222
