1 0.5302083333333333 0.27685185185185185 0.071875 0.14814814814814814
2 0.6119791666666666 0.3638888888888889 0.078125 0.12777777777777777
4 0.771875 0.65 0.0765625 0.21851851851851853
3 0.48072916666666665 0.5064814814814815 0.06822916666666666 0.15555555555555556
4 0.5578125 0.6851851851851852 0.09322916666666667 0.21851851851851853
6 0.7859375 0.5648148148148148 0.11302083333333333 0.19722222222222222
6 0.3614583333333333 0.7981481481481482 0.08697916666666666 0.13518518518518519
7 0.8026041666666667 0.32314814814814813 0.0734375 0.19444444444444445
2 0.7479166666666667 0.7657407407407407 0.06041666666666667 0.09722222222222222
3 0.4197916666666667 0.5333333333333333 0.06822916666666666 0.1537037037037037
1 0.6984375 0.3425925925925926 0.1 0.1787037037037037
