6 0.3515625 0.3592592592592593 0.08333333333333333 0.14629629629629629
2 0.5411458333333333 0.27870370370370373 0.12447916666666667 0.26296296296296295
2 0.38645833333333335 0.3509259259259259 0.1046875 0.14629629629629629
3 0.4265625 0.049074074074074076 0.05625 0.10925925925925926
3 0.30364583333333334 0.11481481481481481 0.09427083333333333 0.15925925925925927
6 0.26927083333333335 0.31666666666666665 0.1421875 0.24074074074074073
1 0.6880208333333333 0.08055555555555556 0.12239583333333333 0.24074074074074073
3 0.18541666666666667 0.14444444444444443 0.10625 0.1685185185185185
2 0.228125 0.12777777777777777 0.11302083333333333 0.20925925925925926
4 0.16197916666666667 0.40925925925925927 0.06979166666666667 0.1712962962962963
5 0.4239583333333333 0.33240740740740743 0.13229166666666667 0.3638888888888889
1 0.271875 0.4888888888888889 0.13125 0.27037037037037037
3 0.41041666666666665 0.4842592592592593 0.06145833333333333 0.14722222222222223
3 0.24479166666666666 0.6111111111111112 0.09010416666666667 0.17777777777777778
