1 0.7989583333333333 0.5814814814814815 0.08072916666666667 0.1925925925925926
2 0.7307291666666667 0.6194444444444445 0.07760416666666667 0.14444444444444443
5 0.6145833333333334 0.9824074074074074 0.1015625 0.4009259259259259
7 0.8890625 0.13518518518518519 0.1 0.2212962962962963
1 0.8166666666666667 0.8314814814814815 0.11302083333333333 0.2638888888888889
3 0.8583333333333333 0.6935185185185185 0.06927083333333334 0.10740740740740741
4 0.19375 0.26851851851851855 0.10364583333333334 0.22870370370370371
6 0.6359375 0.6222222222222222 0.10260416666666666 0.16111111111111112
4 0.8239583333333333 0.6111111111111112 0.10885416666666667 0.1648148148148148
2 0.6822916666666666 0.525 0.07760416666666667 0.1259259259259259
