1 0.4557291666666667 0.5796296296296296 0.1265625 0.24444444444444444
2 0.3494791666666667 0.6305555555555555 0.121875 0.19444444444444445
1 0.31927083333333334 0.5851851851851851 0.0953125 0.18981481481481483
3 0.22708333333333333 0.6444444444444445 0.08697916666666666 0.20185185185185187
2 0.6255208333333333 0.5740740740740741 0.06927083333333334 0.09259259259259259
6 0.2640625 0.5416666666666666 0.15989583333333332 0.2564814814814815
3 0.2921875 0.6240740740740741 0.08541666666666667 0.12037037037037036
1 0.225 0.5472222222222223 0.06822916666666666 0.12685185185185185
2 0.6151041666666667 0.44722222222222224 0.121875 0.2037037037037037
3 0.33958333333333335 0.5814814814814815 0.08333333333333333 0.17962962962962964
1 0.4171875 0.47129629629629627 0.11770833333333333 0.21944444444444444
3 0.303125 0.5527777777777778 0.096875 0.17037037037037037
1 0.3875 0.9185185185185185 0.09947916666666666 0.22685185185185186
2 0.20260416666666667 0.2518518518518518 0.12864583333333332 0.14814814814814814
