5 0.42083333333333334 0.33796296296296297 0.14583333333333334 0.4305555555555556
4 0.39114583333333336 0.8018518518518518 0.10572916666666667 0.16111111111111112
6 0.6671875 0.26666666666666666 0.17083333333333334 0.27037037037037037
1 0.6088541666666667 0.24722222222222223 0.07291666666666667 0.1638888888888889
6 0.7286458333333333 0.425 0.07291666666666667 0.11203703703703703
1 0.3963541666666667 0.7416666666666667 0.0875 0.19814814814814816
6 0.6427083333333333 0.29814814814814816 0.05260416666666667 0.18796296296296297
2 0.5677083333333334 0.3675925925925926 0.07604166666666666 0.12222222222222222
6 0.7286458333333333 0.21851851851851853 0.10625 0.14629629629629629
2 0.43333333333333335 0.45555555555555555 0.09166666666666666 0.1259259259259259
