7 0.2994791666666667 0.8527777777777777 0.0828125 0.1388888888888889
6 0.1875 0.38333333333333336 0.07864583333333333 0.13425925925925927
2 0.40989583333333335 0.05092592592592592 0.1171875 0.19444444444444445
2 0.49947916666666664 0.3638888888888889 0.07083333333333333 0.10925925925925926
4 0.6104166666666667 0.7694444444444445 0.07395833333333333 0.16666666666666666
1 0.08697916666666666 0.29444444444444445 0.11145833333333334 0.1962962962962963
5 0.7614583333333333 0.6333333333333333 0.14427083333333332 0.3962962962962963
4 0.9833333333333333 0.3675925925925926 0.109375 0.1925925925925926
6 0.3515625 0.45925925925925926 0.07447916666666667 0.14722222222222223
3 0.3640625 0.1398148148148148 0.071875 0.14907407407407408
