4 0.075 0.8666666666666667 0.0828125 0.20277777777777778
1 0.29270833333333335 0.837037037037037 0.0890625 0.1787037037037037
3 0.27291666666666664 0.3814814814814815 0.0609375 0.1361111111111111
3 0.2375 0.9555555555555556 0.06145833333333333 0.13055555555555556
2 0.4432291666666667 0.687962962962963 0.1453125 0.2222222222222222
6 0.3875 0.8657407407407407 0.0875 0.15462962962962962
3 0.3770833333333333 0.8435185185185186 0.03854166666666667 0.12777777777777777
2 0.30572916666666666 0.4064814814814815 0.1 0.17685185185185184
2 0.32916666666666666 0.6935185185185185 0.1046875 0.15462962962962962
3 0.3494791666666667 0.6222222222222222 0.0609375 0.10555555555555556
1 0.30625 0.6518518518518519 0.0640625 0.12777777777777777
6 0.21302083333333333 0.7268518518518519 0.15104166666666666 0.2657407407407407
