2 0.7067708333333333 0.4740740740740741 0.1 0.2074074074074074
6 0.3828125 0.45 0.14635416666666667 0.2351851851851852
1 0.6739583333333333 0.5555555555555556 0.065625 0.1361111111111111
2 0.6520833333333333 0.5972222222222222 0.11458333333333333 0.20092592592592592
7 0.7098958333333333 0.15185185185185185 0.07604166666666666 0.15925925925925927
3 0.6390625 0.9638888888888889 0.07083333333333333 0.15555555555555556
1 0.471875 0.2657407407407407 0.10052083333333334 0.23148148148148148
2 0.8109375 0.19907407407407407 0.07395833333333333 0.10462962962962963
4 0.8369791666666667 0.2490740740740741 0.11770833333333333 0.21574074074074073
1 0.6546875 0.5694444444444444 0.08802083333333334 0.19444444444444445
2 0.6734375 0.7101851851851851 0.06822916666666666 0.13796296296296295
3 0.6098958333333333 0.5796296296296296 0.08854166666666667 0.19444444444444445
4 0.9083333333333333 0.022222222222222223 0.12604166666666666 0.22314814814814815
3 0.5380208333333333 0.44351851851851853 0.06197916666666667 0.175
5 0.5369791666666667 0.04351851851851852 0.16041666666666668 0.42962962962962964
3 0.5677083333333334 0.2972222222222222 0.128125 0.24259259259259258
6 0.39479166666666665 0.40370370370370373 0.09479166666666666 0.15648148148148147
3 0.8296875 0.7388888888888889 0.08645833333333333 0.11296296296296296
