3 0.4671875 0.5611111111111111 0.071875 0.12777777777777777
2 0.13229166666666667 0.25555555555555554 0.08229166666666667 0.15185185185185185
4 0.5833333333333334 0.2462962962962963 0.0890625 0.22962962962962963
6 0.0296875 0.4537037037037037 0.1203125 0.21574074074074073
2 0.24270833333333333 0.44907407407407407 0.052083333333333336 0.08425925925925926
3 0.13385416666666666 0.06481481481481481 0.06145833333333333 0.08425925925925926
1 0.034895833333333334 0.2712962962962963 0.059375 0.13148148148148148
5 0.3145833333333333 0.4324074074074074 0.22864583333333333 0.5425925925925926
2 0.21145833333333333 0.5648148148148148 0.09895833333333333 0.13703703703703704
6 0.11875 0.3425925925925926 0.0640625 0.12407407407407407
1 0.21510416666666668 0.37222222222222223 0.10729166666666666 0.18888888888888888
2 0.3484375 0.39537037037037037 0.09322916666666667 0.17222222222222222
4 0.7088541666666667 0.3787037037037037 0.09739583333333333 0.18055555555555555
