1 0.3619791666666667 0.22407407407407406 0.11927083333333334 0.2518518518518518
1 0.20520833333333333 0.24814814814814815 0.059895833333333336 0.14166666666666666
3 0.303125 0.5990740740740741 0.11145833333333334 0.18703703703703703
2 0.115625 0.3851851851851852 0.0671875 0.0962962962962963
2 0.12395833333333334 0.32314814814814813 0.08697916666666666 0.1175925925925926
2 0.04791666666666667 0.3824074074074074 0.07552083333333333 0.1685185185185185
6 0.30416666666666664 0.0 0.07916666666666666 0.1527777777777778
1 0.040625 0.12129629629629629 0.10052083333333334 0.17592592592592593
4 0.47760416666666666 0.6972222222222222 0.06302083333333333 0.18425925925925926
1 0.12135416666666667 0.4462962962962963 0.08020833333333334 0.18981481481481483
4 0.31927083333333334 0.9435185185185185 0.075 0.21296296296296297
6 0.23802083333333332 0.5361111111111111 0.10260416666666666 0.1962962962962963
6 0.21458333333333332 0.05925925925925926 0.14375 0.24166666666666667
3 0.34010416666666665 0.030555555555555555 0.10416666666666667 0.16666666666666666
6 0.3463541666666667 0.02962962962962963 0.12864583333333332 0.225
1 0.0015625 0.33055555555555555 0.1625 0.28055555555555556
