5 0.515625 0.5583333333333333 0.20052083333333334 0.4722222222222222
2 0.21979166666666666 0.43333333333333335 0.07604166666666666 0.11851851851851852
4 0.840625 0.4009259259259259 0.0640625 0.17685185185185184
3 0.30520833333333336 0.2212962962962963 0.071875 0.12222222222222222
3 0.409375 0.2953703703703704 0.08020833333333334 0.17777777777777778
3 0.5223958333333333 0.19537037037037036 0.071875 0.11666666666666667
1 0.4140625 0.36574074074074076 0.0953125 0.1935185185185185
3 0.284375 0.22407407407407406 0.0859375 0.1527777777777778
2 0.21458333333333332 0.12037037037037036 0.065625 0.125
3 0.31666666666666665 0.1398148148148148 0.10833333333333334 0.14074074074074075
2 0.21145833333333333 0.32407407407407407 0.10208333333333333 0.17592592592592593
