3 0.2552083333333333 0.5787037037037037 0.1 0.15092592592592594
6 0.17760416666666667 0.7666666666666667 0.13802083333333334 0.2518518518518518
4 0.033854166666666664 0.026851851851851852 0.10416666666666667 0.2064814814814815
3 0.3026041666666667 0.8212962962962963 0.059375 0.13240740740740742
3 0.15625 0.6712962962962963 0.06510416666666667 0.10462962962962963
3 0.15364583333333334 0.5092592592592593 0.0859375 0.12314814814814815
1 0.19270833333333334 0.962037037037037 0.059895833333333336 0.11944444444444445
3 0.20104166666666667 0.8277777777777777 0.08854166666666667 0.1925925925925926
6 0.13177083333333334 0.3425925925925926 0.08177083333333333 0.16203703703703703
2 0.26145833333333335 0.6194444444444445 0.065625 0.09722222222222222
3 0.2078125 0.5157407407407407 0.07135416666666666 0.15648148148148147
4 0.2328125 0.2564814814814815 0.096875 0.1925925925925926
2 0.30572916666666666 0.5046296296296297 0.09322916666666667 0.13703703703703704
3 0.0921875 0.36944444444444446 0.06927083333333334 0.12129629629629629
6 0.38645833333333335 0.4935185185185185 0.078125 0.12962962962962962
