6 0.49166666666666664 0.6212962962962963 0.121875 0.21388888888888888
6 0.6052083333333333 0.8490740740740741 0.103125 0.25462962962962965
1 0.5223958333333333 0.7944444444444444 0.11666666666666667 0.24444444444444444
1 0.5921875 0.4361111111111111 0.096875 0.20092592592592592
6 0.7385416666666667 0.4 0.146875 0.29907407407407405
3 0.7755208333333333 0.6157407407407407 0.05677083333333333 0.13148148148148148
2 0.7192708333333333 0.625 0.10260416666666666 0.17314814814814813
3 0.5911458333333334 0.8796296296296297 0.08020833333333334 0.17407407407407408
4 0.2526041666666667 0.36666666666666664 0.08125 0.1259259259259259
4 0.4244791666666667 0.5583333333333333 0.06770833333333333 0.19444444444444445
7 0.35 0.33425925925925926 0.09114583333333333 0.18611111111111112
