4 0.8598958333333333 0.19166666666666668 0.090625 0.20092592592592592
1 0.22447916666666667 0.5898148148148148 0.08229166666666667 0.19166666666666668
1 0.178125 0.44351851851851853 0.09427083333333333 0.17407407407407408
5 0.17083333333333334 0.8574074074074074 0.10677083333333333 0.29907407407407405
1 0.32708333333333334 0.5898148148148148 0.12604166666666666 0.2361111111111111
2 0.29635416666666664 0.6324074074074074 0.11197916666666667 0.18981481481481483
7 0.6083333333333333 0.35648148148148145 0.10208333333333333 0.20555555555555555
4 0.05364583333333333 0.8268518518518518 0.0734375 0.1787037037037037
3 0.16510416666666666 0.40555555555555556 0.07864583333333333 0.12407407407407407
6 0.23020833333333332 0.575 0.13020833333333334 0.22777777777777777
