6 0.51875 0.42777777777777776 0.12447916666666667 0.22592592592592592
4 0.140625 0.7537037037037037 0.0765625 0.1787037037037037
3 0.7744791666666667 0.8981481481481481 0.046875 0.12407407407407407
2 0.6776041666666667 0.8212962962962963 0.0703125 0.15925925925925927
3 0.5791666666666667 0.6537037037037037 0.06822916666666666 0.1638888888888889
6 0.7619791666666667 0.7611111111111111 0.090625 0.1388888888888889
3 0.4510416666666667 0.6361111111111111 0.046875 0.125
1 0.5411458333333333 0.5148148148148148 0.14375 0.24722222222222223
6 0.6729166666666667 0.9481481481481482 0.07395833333333333 0.11944444444444445
6 0.6697916666666667 0.8444444444444444 0.11145833333333334 0.2388888888888889
6 0.6104166666666667 0.5527777777777778 0.1328125 0.19907407407407407
2 0.6463541666666667 0.5407407407407407 0.08229166666666667 0.12037037037037036
6 0.659375 0.8481481481481481 0.10208333333333333 0.20277777777777778
