3 0.23489583333333333 0.5361111111111111 0.057291666666666664 0.1175925925925926
4 0.005729166666666666 0.16296296296296298 0.0765625 0.1962962962962963
3 0.3958333333333333 0.22777777777777777 0.09947916666666666 0.16944444444444445
4 0.8078125 0.8740740740740741 0.0734375 0.19444444444444445
5 0.014583333333333334 0.8398148148148148 0.15729166666666666 0.4203703703703704
1 0.43072916666666666 0.42592592592592593 0.0953125 0.19537037037037036
2 0.4296875 0.8472222222222222 0.0515625 0.07407407407407407
6 0.4859375 0.5601851851851852 0.078125 0.13703703703703704
1 0.1890625 0.9990740740740741 0.06979166666666667 0.13518518518518519
3 0.14166666666666666 0.25462962962962965 0.05572916666666667 0.12037037037037036
