6 0.3177083333333333 0.8185185185185185 0.12552083333333333 0.1814814814814815
6 0.4140625 0.5851851851851851 0.13072916666666667 0.2611111111111111
1 0.365625 0.17407407407407408 0.08645833333333333 0.16574074074074074
1 0.13489583333333333 0.6333333333333333 0.10833333333333334 0.21666666666666667
6 0.23541666666666666 0.7074074074074074 0.08541666666666667 0.16203703703703703
3 0.5713541666666667 0.22592592592592592 0.03854166666666667 0.09722222222222222
6 0.22864583333333333 0.8759259259259259 0.13020833333333334 0.25
2 0.33125 0.6370370370370371 0.10885416666666667 0.14351851851851852
5 0.5609375 0.8148148148148148 0.18958333333333333 0.45740740740740743
2 0.31666666666666665 0.5314814814814814 0.08854166666666667 0.1925925925925926
3 0.2791666666666667 0.6407407407407407 0.0359375 0.10740740740740741
6 0.44375 0.3888888888888889 0.0890625 0.1111111111111111
1 0.25052083333333336 0.2638888888888889 0.10052083333333334 0.23425925925925925
2 0.4197916666666667 0.2712962962962963 0.09635416666666667 0.1388888888888889
