3 0.5192708333333333 0.13425925925925927 0.090625 0.15185185185185185
1 0.68125 0.5583333333333333 0.10520833333333333 0.2212962962962963
3 0.61875 0.4111111111111111 0.05 0.09074074074074075
1 0.5328125 0.5194444444444445 0.07864583333333333 0.15
3 0.215625 0.17592592592592593 0.1234375 0.21481481481481482
1 0.484375 0.5925925925925926 0.06770833333333333 0.14629629629629629
3 0.5052083333333334 0.4898148148148148 0.04114583333333333 0.08148148148148149
4 0.34791666666666665 0.13703703703703704 0.09583333333333334 0.19537037037037036
7 0.8453125 0.5277777777777778 0.0765625 0.1638888888888889
1 0.5494791666666666 0.9351851851851852 0.08489583333333334 0.1638888888888889
4 0.3807291666666667 0.5314814814814814 0.057291666666666664 0.1935185185185185
