6 0.5666666666666667 0.8314814814814815 0.059375 0.11944444444444445
4 0.5463541666666667 0.38055555555555554 0.09375 0.19074074074074074
2 0.6338541666666667 0.625 0.1 0.16574074074074074
4 0.13645833333333332 0.37037037037037035 0.0828125 0.15
1 0.6671875 0.4722222222222222 0.05520833333333333 0.13148148148148148
3 0.459375 0.5157407407407407 0.059375 0.075
6 0.5614583333333333 0.03888888888888889 0.06041666666666667 0.09166666666666666
2 0.7234375 0.475 0.09947916666666666 0.20833333333333334
2 0.6182291666666667 0.4638888888888889 0.08854166666666667 0.15
2 0.4744791666666667 0.3138888888888889 0.09895833333333333 0.19074074074074074
3 0.6817708333333333 0.6296296296296297 0.06145833333333333 0.12222222222222222
6 0.6083333333333333 0.4324074074074074 0.08020833333333334 0.15833333333333333
1 0.5427083333333333 0.5898148148148148 0.08125 0.20462962962962963
5 0.6375 0.42777777777777776 0.10364583333333334 0.2777777777777778
6 0.81875 0.37777777777777777 0.13385416666666666 0.225
