1 0.6208333333333333 0.33425925925925926 0.09791666666666667 0.20185185185185187
2 0.45364583333333336 0.02962962962962963 0.04375 0.10555555555555556
6 0.30416666666666664 0.30462962962962964 0.09947916666666666 0.24074074074074073
3 0.33229166666666665 0.03611111111111111 0.06458333333333334 0.20833333333333334
1 0.578125 0.5194444444444445 0.07135416666666666 0.1574074074074074
2 0.34375 0.07037037037037037 0.04739583333333333 0.10648148148148148
5 0.47760416666666666 0.5685185185185185 0.1203125 0.5111111111111111
2 0.271875 0.0962962962962963 0.084375 0.14537037037037037
2 0.22708333333333333 0.22407407407407406 0.13229166666666667 0.15185185185185185
2 0.6421875 0.4222222222222222 0.049479166666666664 0.09074074074074075
6 0.5239583333333333 0.1398148148148148 0.06614583333333333 0.13240740740740742
2 0.45729166666666665 0.24814814814814815 0.0609375 0.09907407407407408
