6 0.4109375 0.2638888888888889 0.096875 0.17685185185185184
6 0.5567708333333333 0.18796296296296297 0.084375 0.12222222222222222
2 0.4473958333333333 0.04814814814814815 0.08125 0.18055555555555555
3 0.39895833333333336 0.5268518518518519 0.044270833333333336 0.10740740740740741
4 0.63125 0.021296296296296296 0.08385416666666666 0.14722222222222223
3 0.3265625 0.6370370370370371 0.08020833333333334 0.14814814814814814
1 0.5072916666666667 0.1398148148148148 0.10416666666666667 0.2101851851851852
2 0.33489583333333334 0.44537037037037036 0.05364583333333333 0.09351851851851851
1 0.2765625 0.3768518518518518 0.10364583333333334 0.22870370370370371
2 0.45364583333333336 0.2574074074074074 0.058854166666666666 0.10277777777777777
5 0.9682291666666667 0.13055555555555556 0.18802083333333333 0.47962962962962963
