6 0.728125 0.7407407407407407 0.07708333333333334 0.13425925925925927
6 0.7864583333333334 0.6185185185185185 0.07447916666666667 0.13240740740740742
6 0.7166666666666667 0.7231481481481481 0.0890625 0.12037037037037036
3 0.6109375 0.40925925925925927 0.0609375 0.18796296296296297
6 0.7083333333333334 0.7620370370370371 0.15260416666666668 0.24814814814814815
2 0.6359375 0.49444444444444446 0.059895833333333336 0.1
6 0.8005208333333333 0.49907407407407406 0.14375 0.21296296296296297
5 0.134375 0.003703703703703704 0.15104166666666666 0.5037037037037037
2 0.7864583333333334 0.29907407407407405 0.09166666666666666 0.20277777777777778
4 0.08958333333333333 0.5851851851851851 0.06197916666666667 0.16666666666666666
3 0.8578125 0.325 0.121875 0.1814814814814815
