7 0.28177083333333336 0.5416666666666666 0.09947916666666666 0.1712962962962963
2 0.1203125 0.362962962962963 0.1234375 0.16944444444444445
6 0.4395833333333333 0.49722222222222223 0.11979166666666667 0.19907407407407407
5 0.18385416666666668 0.47314814814814815 0.125 0.2972222222222222
6 0.2 0.34629629629629627 0.10260416666666666 0.19722222222222222
4 0.059895833333333336 0.7055555555555556 0.11041666666666666 0.21481481481481482
3 0.18229166666666666 0.487962962962963 0.08072916666666667 0.16203703703703703
1 0.375 0.4046296296296296 0.10989583333333333 0.2777777777777778
6 0.18645833333333334 0.07407407407407407 0.12447916666666667 0.25833333333333336
6 0.3609375 0.5953703703703703 0.09270833333333334 0.16111111111111112
4 0.7630208333333334 0.1712962962962963 0.11510416666666666 0.21296296296296297
3 0.20677083333333332 0.5101851851851852 0.10052083333333334 0.12407407407407407
1 0.1578125 0.4388888888888889 0.11875 0.2388888888888889
2 0.3375 0.7018518518518518 0.140625 0.17685185185185184
