3 0.6744791666666666 0.1814814814814815 0.08020833333333334 0.09814814814814815
1 0.615625 0.18703703703703703 0.11927083333333334 0.22870370370370371
1 0.4828125 0.39351851851851855 0.0625 0.1425925925925926
2 0.5265625 0.3277777777777778 0.09114583333333333 0.1287037037037037
6 0.7546875 0.23055555555555557 0.1140625 0.19166666666666668
3 0.7666666666666667 0.5166666666666667 0.058854166666666666 0.09444444444444444
1 0.6125 0.1537037037037037 0.0515625 0.12777777777777777
2 0.6614583333333334 0.21203703703703702 0.08385416666666666 0.10555555555555556
1 0.7958333333333333 0.5935185185185186 0.08333333333333333 0.22407407407407406
3 0.6369791666666667 0.1935185185185185 0.07604166666666666 0.14166666666666666
3 0.6994791666666667 0.5111111111111111 0.0609375 0.14907407407407408
6 0.6104166666666667 0.47685185185185186 0.0796875 0.13148148148148148
4 0.12239583333333333 0.20925925925925926 0.07708333333333334 0.225
2 0.625 0.6888888888888889 0.0890625 0.20092592592592592
1 0.6473958333333333 0.5259259259259259 0.04375 0.12407407407407407
4 0.3536458333333333 0.6537037037037037 0.096875 0.20925925925925926
