2 0.89375 0.700925925925926 0.10260416666666666 0.2101851851851852
3 0.6921875 0.3824074074074074 0.06197916666666667 0.14907407407407408
7 0.6020833333333333 0.4777777777777778 0.09583333333333334 0.1537037037037037
6 0.7671875 0.5546296296296296 0.0671875 0.12314814814814815
6 0.690625 0.5462962962962963 0.090625 0.11666666666666667
2 0.7458333333333333 0.562962962962963 0.1203125 0.16944444444444445
4 0.5635416666666667 0.6148148148148148 0.05625 0.15925925925925927
3 0.8708333333333333 0.3 0.08697916666666666 0.1787037037037037
4 0.0026041666666666665 0.35 0.09791666666666667 0.20462962962962963
3 0.6848958333333334 0.37407407407407406 0.05364583333333333 0.10833333333333334
