3 0.2916666666666667 0.549074074074074 0.0765625 0.14444444444444443
2 0.41302083333333334 0.5694444444444444 0.09270833333333334 0.12777777777777777
3 0.39427083333333335 0.15555555555555556 0.10677083333333333 0.22037037037037038
4 0.31666666666666665 0.6231481481481481 0.090625 0.22407407407407406
6 0.525 0.42314814814814816 0.06927083333333334 0.14814814814814814
1 0.5567708333333333 0.35648148148148145 0.07447916666666667 0.14722222222222223
6 0.6453125 0.2351851851851852 0.07760416666666667 0.2111111111111111
2 0.5052083333333334 0.5388888888888889 0.103125 0.1824074074074074
2 0.4796875 0.3592592592592593 0.08802083333333334 0.13240740740740742
1 0.5729166666666666 0.48703703703703705 0.0859375 0.20092592592592592
