7 0.4505208333333333 0.7824074074074074 0.096875 0.14444444444444443
3 0.5817708333333333 0.4740740740740741 0.06875 0.16296296296296298
1 0.54375 0.6305555555555555 0.10885416666666667 0.2064814814814815
1 0.55625 0.8222222222222222 0.08697916666666666 0.18888888888888888
3 0.653125 0.42592592592592593 0.07916666666666666 0.1398148148148148
4 0.6677083333333333 0.42685185185185187 0.07135416666666666 0.15555555555555556
1 0.6135416666666667 0.5398148148148149 0.09270833333333334 0.21388888888888888
4 0.8223958333333333 0.674074074074074 0.10104166666666667 0.15555555555555556
2 0.47708333333333336 0.7138888888888889 0.1046875 0.1648148148148148
2 0.4427083333333333 0.49722222222222223 0.10989583333333333 0.17222222222222222
3 0.425 0.7648148148148148 0.06145833333333333 0.16018518518518518
3 0.6020833333333333 0.7435185185185185 0.07239583333333334 0.14907407407407408
6 0.4010416666666667 0.987037037037037 0.09114583333333333 0.175
1 0.5088541666666667 0.5972222222222222 0.08125 0.1824074074074074
1 0.5604166666666667 0.5518518518518518 0.1 0.1925925925925926
