3 0.6020833333333333 0.5425925925925926 0.0796875 0.14629629629629629
2 0.7630208333333334 0.47129629629629627 0.0546875 0.12407407407407407
4 0.6755208333333333 0.8398148148148148 0.08229166666666667 0.19907407407407407
4 0.06510416666666667 0.44351851851851853 0.071875 0.11851851851851852
3 0.525 0.362962962962963 0.040625 0.07685185185185185
3 0.6682291666666667 0.37962962962962965 0.06666666666666667 0.21666666666666667
1 0.6755208333333333 0.5518518518518518 0.08697916666666666 0.18981481481481483
2 0.64375 0.18611111111111112 0.071875 0.09259259259259259
1 0.6171875 0.47685185185185186 0.0578125 0.11018518518518519
2 0.7010416666666667 0.7953703703703704 0.09739583333333333 0.22037037037037038
3 0.5828125 0.7722222222222223 0.044270833333333336 0.10462962962962963
2 0.828125 0.4888888888888889 0.059375 0.11388888888888889
2 0.44375 0.41388888888888886 0.0671875 0.16018518518518518
2 0.4901041666666667 0.23333333333333334 0.11875 0.19907407407407407
