2 0.3177083333333333 0.6546296296296297 0.09947916666666666 0.1824074074074074
1 0.4791666666666667 0.5435185185185185 0.12083333333333333 0.19907407407407407
7 0.5177083333333333 0.17407407407407408 0.0875 0.1935185185185185
2 0.33541666666666664 0.6777777777777778 0.1234375 0.1648148148148148
4 0.8828125 0.48333333333333334 0.121875 0.22592592592592592
1 0.35104166666666664 0.25833333333333336 0.11927083333333334 0.225
3 0.47552083333333334 0.6925925925925925 0.057291666666666664 0.1935185185185185
3 0.1953125 0.549074074074074 0.051041666666666666 0.1
6 0.19166666666666668 0.8527777777777777 0.08385416666666666 0.16203703703703703
4 0.171875 0.7703703703703704 0.10572916666666667 0.13518518518518519
1 0.5177083333333333 0.7212962962962963 0.09322916666666667 0.16944444444444445
1 0.21354166666666666 0.4740740740740741 0.08072916666666667 0.16296296296296298
2 0.35 0.8870370370370371 0.07916666666666666 0.11574074074074074
