5 0.49322916666666666 0.20462962962962963 0.09479166666666666 0.2740740740740741
4 0.8145833333333333 0.13518518518518519 0.08177083333333333 0.20462962962962963
6 0.13645833333333332 0.8296296296296296 0.10885416666666667 0.1675925925925926
7 0.5703125 0.8425925925925926 0.06354166666666666 0.20092592592592592
2 0.103125 0.462037037037037 0.0796875 0.1259259259259259
6 0.225 0.8935185185185185 0.0890625 0.1361111111111111
3 0.008333333333333333 0.8555555555555555 0.12395833333333334 0.15833333333333333
1 0.3 0.44722222222222224 0.07864583333333333 0.1685185185185185
1 0.1140625 0.899074074074074 0.065625 0.17685185185185184
4 0.28541666666666665 0.7972222222222223 0.07552083333333333 0.18888888888888888
3 0.19270833333333334 0.8740740740740741 0.07916666666666666 0.09166666666666666
3 0.21875 0.9333333333333333 0.0625 0.14629629629629629
