2 0.6380208333333334 0.49166666666666664 0.05572916666666667 0.11666666666666667
6 0.3729166666666667 0.4009259259259259 0.121875 0.19074074074074074
4 0.6854166666666667 0.23425925925925925 0.071875 0.21388888888888888
4 0.159375 0.8611111111111112 0.09791666666666667 0.15092592592592594
5 0.4625 0.649074074074074 0.16041666666666668 0.4064814814814815
6 0.30104166666666665 0.40555555555555556 0.08854166666666667 0.1425925925925926
1 0.41510416666666666 0.5342592592592592 0.109375 0.23981481481481481
7 0.47239583333333335 0.562962962962963 0.0734375 0.12962962962962962
3 0.3380208333333333 0.9111111111111111 0.08177083333333333 0.1287037037037037
3 0.47760416666666666 0.225 0.10260416666666666 0.18796296296296297
1 0.578125 0.32222222222222224 0.0703125 0.14444444444444443
