2 0.3953125 0.48055555555555557 0.09322916666666667 0.16111111111111112
6 0.48333333333333334 0.42407407407407405 0.1234375 0.20555555555555555
6 0.7203125 0.7101851851851851 0.08333333333333333 0.12037037037037036
5 0.8208333333333333 0.6268518518518519 0.15989583333333332 0.4564814814814815
2 0.34479166666666666 0.5833333333333334 0.0609375 0.13703703703703704
2 0.5770833333333333 0.7333333333333333 0.07135416666666666 0.1037037037037037
3 0.4661458333333333 0.5444444444444444 0.05572916666666667 0.11481481481481481
1 0.4322916666666667 0.3212962962962963 0.1515625 0.287962962962963
1 0.6697916666666667 0.49722222222222223 0.1203125 0.2722222222222222
3 0.5286458333333334 0.175 0.06197916666666667 0.2037037037037037
1 0.48489583333333336 0.5564814814814815 0.07760416666666667 0.18425925925925926
1 0.5708333333333333 0.16018518518518518 0.0609375 0.16574074074074074
4 0.4427083333333333 0.38796296296296295 0.08125 0.21851851851851853
