2 0.1171875 0.5777777777777777 0.1046875 0.1814814814814815
3 0.12708333333333333 0.3277777777777778 0.0734375 0.175
2 0.20364583333333333 0.6481481481481481 0.11979166666666667 0.20185185185185187
3 0.2520833333333333 0.3453703703703704 0.07760416666666667 0.21481481481481482
7 0.571875 0.004629629629629629 0.05572916666666667 0.15925925925925927
4 0.39479166666666665 0.01574074074074074 0.058333333333333334 0.2
1 0.24114583333333334 0.4537037037037037 0.09114583333333333 0.15925925925925927
6 0.159375 0.637962962962963 0.06145833333333333 0.12129629629629629
1 0.3671875 0.2935185185185185 0.13177083333333334 0.26851851851851855
6 0.309375 0.4675925925925926 0.08489583333333334 0.11296296296296296
6 0.3020833333333333 0.7564814814814815 0.1578125 0.24351851851851852
4 0.8291666666666667 0.3037037037037037 0.06979166666666667 0.18518518518518517
3 0.15625 0.6268518518518519 0.09739583333333333 0.24351851851851852
