1 0.6380208333333334 0.44907407407407407 0.06770833333333333 0.13055555555555556
3 0.5348958333333333 0.5537037037037037 0.05 0.10925925925925926
4 0.5078125 0.3148148148148148 0.0984375 0.19166666666666668
1 0.8109375 0.7314814814814815 0.05677083333333333 0.14722222222222223
2 0.9083333333333333 0.4583333333333333 0.07864583333333333 0.13240740740740742
2 0.6817708333333333 0.7574074074074074 0.09322916666666667 0.1537037037037037
1 0.8932291666666666 0.5101851851851852 0.096875 0.21944444444444444
2 0.8161458333333333 0.6592592592592592 0.08020833333333334 0.16111111111111112
1 0.7666666666666667 0.3101851851851852 0.09479166666666666 0.24259259259259258
3 0.7239583333333334 0.41388888888888886 0.041666666666666664 0.06111111111111111
