5 0.6395833333333333 0.15092592592592594 0.259375 0.5953703703703703
1 0.6848958333333334 0.2175925925925926 0.08541666666666667 0.18425925925925926
4 0.6979166666666666 0.1537037037037037 0.0828125 0.18611111111111112
2 0.6958333333333333 0.22037037037037038 0.1125 0.1787037037037037
2 0.6739583333333333 0.4898148148148148 0.09322916666666667 0.18518518518518517
3 0.9145833333333333 0.20833333333333334 0.050520833333333334 0.10740740740740741
1 0.6864583333333333 0.6638888888888889 0.08854166666666667 0.19814814814814816
6 0.5046875 0.08611111111111111 0.1234375 0.20277777777777778
3 0.6708333333333333 0.04814814814814815 0.08385416666666666 0.19907407407407407
2 0.5317708333333333 0.25 0.0609375 0.09444444444444444
3 0.38229166666666664 0.5509259259259259 0.08229166666666667 0.14537037037037037
