3 0.4901041666666667 0.3416666666666667 0.096875 0.17962962962962964
6 0.49947916666666664 0.12962962962962962 0.11041666666666666 0.17037037037037037
2 0.4119791666666667 0.4898148148148148 0.07447916666666667 0.11296296296296296
2 0.4270833333333333 0.25833333333333336 0.058854166666666666 0.09444444444444444
6 0.48125 0.1685185185185185 0.10520833333333333 0.25925925925925924
3 0.3229166666666667 0.12314814814814815 0.07760416666666667 0.16944444444444445
6 0.4119791666666667 0.49907407407407406 0.15 0.1685185185185185
2 0.5161458333333333 0.2324074074074074 0.05364583333333333 0.08518518518518518
3 0.515625 0.5194444444444445 0.06458333333333334 0.15555555555555556
4 0.9229166666666667 0.487962962962963 0.090625 0.20555555555555555
2 0.4041666666666667 0.5703703703703704 0.121875 0.19907407407407407
4 0.45416666666666666 0.8379629629629629 0.06770833333333333 0.16574074074074074
