3 0.640625 0.7 0.06614583333333333 0.11203703703703703
5 0.2328125 0.45 0.20677083333333332 0.487962962962963
2 0.4234375 0.5342592592592592 0.09166666666666666 0.1287037037037037
4 0.3416666666666667 0.0787037037037037 0.06354166666666666 0.20185185185185187
4 0.12239583333333333 0.47129629629629627 0.07552083333333333 0.18796296296296297
6 0.5822916666666667 0.42777777777777776 0.16979166666666667 0.2518518518518518
2 0.33697916666666666 0.6166666666666667 0.11041666666666666 0.18333333333333332
1 0.6442708333333333 0.32037037037037036 0.09010416666666667 0.18703703703703703
2 0.3302083333333333 0.30833333333333335 0.07291666666666667 0.11851851851851852
3 0.471875 0.5694444444444444 0.096875 0.16666666666666666
6 0.5010416666666667 0.2564814814814815 0.15885416666666666 0.24351851851851852
1 0.453125 0.43148148148148147 0.06822916666666666 0.1527777777777778
1 0.5458333333333333 0.737037037037037 0.07708333333333334 0.13518518518518519
1 0.41770833333333335 0.612037037037037 0.07395833333333333 0.1527777777777778
