1 0.753125 0.14537037037037037 0.06614583333333333 0.125
2 0.6223958333333334 0.6444444444444445 0.11458333333333333 0.1712962962962963
2 0.6276041666666666 0.27037037037037037 0.0609375 0.13703703703703704
1 0.7223958333333333 0.2861111111111111 0.11979166666666667 0.26296296296296295
6 0.7125 0.6805555555555556 0.14895833333333333 0.24444444444444444
4 0.026041666666666668 0.7685185185185185 0.06927083333333334 0.1712962962962963
3 0.653125 0.8722222222222222 0.0546875 0.11296296296296296
3 0.42239583333333336 0.65 0.058854166666666666 0.07314814814814814
4 0.6385416666666667 0.3351851851851852 0.0734375 0.1361111111111111
3 0.5796875 0.4101851851851852 0.0640625 0.1648148148148148
3 0.653125 0.6407407407407407 0.08333333333333333 0.10555555555555556
2 0.7677083333333333 0.0962962962962963 0.090625 0.15833333333333333
6 0.5911458333333334 0.5027777777777778 0.06354166666666666 0.13703703703703704
