6 0.4703125 0.4787037037037037 0.12552083333333333 0.19444444444444445
4 0.8973958333333333 0.5638888888888889 0.103125 0.21666666666666667
1 0.21302083333333333 0.2361111111111111 0.0875 0.21481481481481482
3 0.4739583333333333 0.5166666666666667 0.057291666666666664 0.10277777777777777
2 0.22291666666666668 0.3611111111111111 0.051041666666666666 0.06574074074074074
4 0.8348958333333333 0.4083333333333333 0.08333333333333333 0.20185185185185187
5 0.7453125 0.8768518518518519 0.10052083333333334 0.29444444444444445
3 0.25104166666666666 0.44907407407407407 0.053125 0.07407407407407407
1 0.23489583333333333 0.5342592592592592 0.090625 0.17037037037037037
6 0.3651041666666667 0.7638888888888888 0.13385416666666666 0.25555555555555554
6 0.4395833333333333 0.22962962962962963 0.09427083333333333 0.18981481481481483
