3 0.10677083333333333 0.35648148148148145 0.046875 0.09537037037037037
3 0.3458333333333333 0.3416666666666667 0.08020833333333334 0.16666666666666666
3 0.21614583333333334 0.0824074074074074 0.1078125 0.14629629629629629
2 0.21197916666666666 0.11481481481481481 0.121875 0.20092592592592592
2 0.0234375 0.05185185185185185 0.11041666666666666 0.18518518518518517
2 0.2203125 0.55 0.07708333333333334 0.13425925925925927
2 0.29270833333333335 0.4388888888888889 0.11041666666666666 0.2462962962962963
3 0.13541666666666666 0.0824074074074074 0.06302083333333333 0.12037037037037036
6 0.4041666666666667 0.21388888888888888 0.12916666666666668 0.17222222222222222
4 0.010416666666666666 0.4703703703703704 0.043229166666666666 0.1574074074074074
3 0.1875 0.7638888888888888 0.08177083333333333 0.15462962962962962
5 0.0625 0.8601851851851852 0.1390625 0.3416666666666667
2 0.25416666666666665 0.38333333333333336 0.07135416666666666 0.14814814814814814
2 0.47239583333333335 0.3685185185185185 0.057291666666666664 0.08796296296296297
