3 0.628125 0.4111111111111111 0.0734375 0.1638888888888889
3 0.7385416666666667 0.13055555555555556 0.08802083333333334 0.13425925925925927
1 0.7494791666666667 0.3861111111111111 0.08177083333333333 0.14351851851851852
2 0.5802083333333333 0.32592592592592595 0.06302083333333333 0.12314814814814815
3 0.6125 0.15185185185185185 0.09635416666666667 0.22592592592592592
1 0.5625 0.3314814814814815 0.15104166666666666 0.26666666666666666
6 0.5802083333333333 0.11944444444444445 0.1390625 0.19537037037037036
1 0.6505208333333333 0.44537037037037036 0.06875 0.13148148148148148
2 0.659375 0.2777777777777778 0.10104166666666667 0.1814814814814815
3 0.596875 0.2953703703703704 0.04583333333333333 0.09722222222222222
2 0.5348958333333333 0.44907407407407407 0.1328125 0.1685185185185185
