7 0.39479166666666665 0.05462962962962963 0.10260416666666666 0.20462962962962963
5 0.16354166666666667 0.6111111111111112 0.1421875 0.4777777777777778
2 0.5484375 0.4685185185185185 0.058854166666666666 0.10555555555555556
1 0.6 0.25925925925925924 0.08958333333333333 0.19166666666666668
3 0.6854166666666667 0.3592592592592593 0.09270833333333334 0.1712962962962963
3 0.6546875 0.5416666666666666 0.046875 0.13148148148148148
2 0.5546875 0.19814814814814816 0.1171875 0.2
2 0.5432291666666667 0.5925925925925926 0.08958333333333333 0.18703703703703703
6 0.48072916666666665 0.4361111111111111 0.07604166666666666 0.10833333333333334
2 0.796875 0.25833333333333336 0.096875 0.12129629629629629
2 0.515625 0.6416666666666667 0.0671875 0.15833333333333333
6 0.5703125 0.025 0.06875 0.125
1 0.4947916666666667 0.43148148148148147 0.13125 0.24814814814814815
4 0.925 0.14722222222222223 0.0765625 0.1425925925925926
4 0.040625 0.8648148148148148 0.08020833333333334 0.2175925925925926
1 0.44635416666666666 0.3592592592592593 0.06614583333333333 0.12685185185185185
6 0.4348958333333333 0.18981481481481483 0.1109375 0.13796296296296295
3 0.6130208333333333 0.47314814814814815 0.0921875 0.1527777777777778
