4 0.6541666666666667 0.40185185185185185 0.1015625 0.17592592592592593
4 0.14322916666666666 0.7074074074074074 0.10729166666666666 0.19907407407407407
6 0.665625 0.25462962962962965 0.0484375 0.08425925925925926
6 0.5598958333333334 0.5203703703703704 0.15364583333333334 0.2777777777777778
3 0.8307291666666666 0.6657407407407407 0.0796875 0.18611111111111112
6 0.73125 0.6296296296296297 0.09583333333333334 0.1712962962962963
3 0.7421875 0.6351851851851852 0.0984375 0.21574074074074073
3 0.6885416666666667 0.737037037037037 0.058333333333333334 0.1111111111111111
1 0.6401041666666667 0.5194444444444445 0.13177083333333334 0.28055555555555556
7 0.8453125 0.25092592592592594 0.09114583333333333 0.20092592592592592
5 0.071875 0.9444444444444444 0.1390625 0.42314814814814816
1 0.4630208333333333 0.7166666666666667 0.1484375 0.2824074074074074
