6 0.5984375 0.21481481481481482 0.14427083333333332 0.25092592592592594
3 0.5171875 0.30462962962962964 0.09114583333333333 0.19537037037037036
1 0.5182291666666666 0.549074074074074 0.07916666666666666 0.19537037037037036
6 0.5401041666666667 0.7583333333333333 0.1046875 0.18518518518518517
2 0.3796875 0.42962962962962964 0.08802083333333334 0.15648148148148147
6 0.4317708333333333 0.125 0.1328125 0.2388888888888889
5 0.9609375 0.1712962962962963 0.10260416666666666 0.40555555555555556
6 0.715625 0.19166666666666668 0.11458333333333333 0.2074074074074074
6 0.5703125 0.2824074074074074 0.08697916666666666 0.14537037037037037
1 0.8520833333333333 0.3861111111111111 0.08802083333333334 0.19537037037037036
2 0.41302083333333334 0.3824074074074074 0.06614583333333333 0.10925925925925926
