2 0.39375 0.8009259259259259 0.10520833333333333 0.19074074074074074
2 0.2421875 0.32314814814814813 0.09166666666666666 0.13518518518518519
2 0.23697916666666666 0.14722222222222223 0.09895833333333333 0.16296296296296298
6 0.4 0.6 0.10625 0.16018518518518518
6 0.25677083333333334 0.4703703703703704 0.08697916666666666 0.1648148148148148
4 0.9338541666666667 0.8981481481481481 0.0890625 0.20277777777777778
3 0.3458333333333333 0.6472222222222223 0.06666666666666667 0.16944444444444445
4 0.27239583333333334 0.06574074074074074 0.08697916666666666 0.21203703703703702
6 0.0015625 0.6129629629629629 0.10677083333333333 0.20185185185185187
6 0.23229166666666667 0.44722222222222224 0.15885416666666666 0.3055555555555556
1 0.29270833333333335 0.5925925925925926 0.128125 0.22777777777777777
3 0.15833333333333333 0.2388888888888889 0.10260416666666666 0.1259259259259259
