6 0.4161458333333333 0.6185185185185185 0.1375 0.25092592592592594
3 0.30104166666666665 0.9027777777777778 0.10729166666666666 0.1962962962962963
2 0.2796875 0.9694444444444444 0.10833333333333334 0.20277777777777778
3 0.06666666666666667 0.5425925925925926 0.06041666666666667 0.08055555555555556
3 0.21875 0.7175925925925926 0.07552083333333333 0.18888888888888888
2 0.059375 0.9842592592592593 0.06666666666666667 0.14814814814814814
2 0.08541666666666667 0.5962962962962963 0.0703125 0.12777777777777777
2 0.021354166666666667 0.8657407407407407 0.0734375 0.12314814814814815
4 0.453125 0.8675925925925926 0.065625 0.1527777777777778
3 0.2713541666666667 0.7037037037037037 0.05625 0.08888888888888889
3 0.3234375 0.6537037037037037 0.04583333333333333 0.0824074074074074
6 0.38385416666666666 0.7666666666666667 0.16770833333333332 0.2851851851851852
3 0.34479166666666666 0.7268518518518519 0.10833333333333334 0.1398148148148148
6 0.3046875 0.7342592592592593 0.1546875 0.26296296296296295
3 0.23072916666666668 0.8805555555555555 0.075 0.1287037037037037
5 0.5619791666666667 0.3111111111111111 0.12864583333333332 0.47962962962962963
