1 0.6432291666666666 0.549074074074074 0.08854166666666667 0.15
6 0.7036458333333333 0.4898148148148148 0.11979166666666667 0.24444444444444444
6 0.7104166666666667 0.7694444444444445 0.09947916666666666 0.1648148148148148
3 0.7765625 0.5425925925925926 0.06875 0.15555555555555556
3 0.534375 0.4148148148148148 0.09322916666666667 0.17037037037037037
6 0.75 0.2898148148148148 0.09114583333333333 0.15
2 0.5119791666666667 0.6666666666666666 0.140625 0.23425925925925925
1 0.6854166666666667 0.8972222222222223 0.11614583333333334 0.2222222222222222
2 0.48072916666666665 0.6916666666666667 0.109375 0.22314814814814815
1 0.778125 0.5555555555555556 0.11875 0.25092592592592594
3 0.721875 0.6287037037037037 0.08177083333333333 0.14166666666666666
6 0.6864583333333333 0.6574074074074074 0.07395833333333333 0.10833333333333334
