6 0.9119791666666667 0.5185185185185185 0.09739583333333333 0.15462962962962962
6 0.7864583333333334 0.8777777777777778 0.1203125 0.23055555555555557
6 0.9453125 0.537962962962963 0.11458333333333333 0.1675925925925926
6 0.8291666666666667 0.6759259259259259 0.125 0.22777777777777777
3 0.7416666666666667 0.6138888888888889 0.10260416666666666 0.23981481481481481
3 0.8479166666666667 0.5120370370370371 0.059895833333333336 0.10833333333333334
1 0.8973958333333333 0.7601851851851852 0.071875 0.13055555555555556
1 0.6864583333333333 0.5203703703703704 0.1125 0.21388888888888888
1 0.9041666666666667 0.6972222222222222 0.08854166666666667 0.17407407407407408
2 0.9140625 0.6175925925925926 0.10729166666666666 0.17777777777777778
4 0.052083333333333336 0.44074074074074077 0.084375 0.2101851851851852
1 0.6901041666666666 0.42685185185185187 0.05416666666666667 0.14629629629629629
