5 0.328125 0.737037037037037 0.09114583333333333 0.42685185185185187
2 0.11145833333333334 0.43148148148148147 0.08958333333333333 0.15555555555555556
1 0.37395833333333334 0.7129629629629629 0.09270833333333334 0.2388888888888889
4 0.5348958333333333 0.12407407407407407 0.0796875 0.17592592592592593
3 0.3203125 0.47129629629629627 0.12239583333333333 0.17592592592592593
2 0.26875 0.6231481481481481 0.0578125 0.09814814814814815
4 0.41770833333333335 0.9009259259259259 0.10833333333333334 0.20185185185185187
7 0.671875 0.7231481481481481 0.09322916666666667 0.19537037037037036
2 0.16770833333333332 0.6129629629629629 0.09739583333333333 0.1685185185185185
6 0.0375 0.24074074074074073 0.16458333333333333 0.30925925925925923
2 0.38697916666666665 0.5972222222222222 0.06979166666666667 0.12777777777777777
