2 0.39947916666666666 0.2722222222222222 0.05677083333333333 0.1361111111111111
3 0.5526041666666667 0.2861111111111111 0.08958333333333333 0.15833333333333333
3 0.7203125 0.37407407407407406 0.07447916666666667 0.10740740740740741
1 0.5166666666666667 0.46111111111111114 0.07447916666666667 0.17222222222222222
2 0.49270833333333336 0.38796296296296295 0.0671875 0.1
6 0.4552083333333333 0.2824074074074074 0.13125 0.1537037037037037
1 0.5473958333333333 0.37962962962962965 0.078125 0.14166666666666666
3 0.49583333333333335 0.45185185185185184 0.08385416666666666 0.1361111111111111
1 0.490625 0.5083333333333333 0.084375 0.17407407407407408
6 0.5489583333333333 0.23055555555555557 0.16302083333333334 0.25462962962962965
7 0.08697916666666666 0.5777777777777777 0.12291666666666666 0.2388888888888889
4 0.28802083333333334 0.5685185185185185 0.07239583333333334 0.19166666666666668
4 0.06302083333333333 0.9425925925925925 0.08489583333333334 0.22407407407407406
