2 0.8052083333333333 0.32685185185185184 0.1265625 0.2064814814814815
2 0.9125 0.5351851851851852 0.07916666666666666 0.13796296296296295
2 0.6776041666666667 0.40555555555555556 0.103125 0.18888888888888888
1 0.8583333333333333 0.6398148148148148 0.13333333333333333 0.25462962962962965
6 0.8723958333333334 0.3175925925925926 0.15520833333333334 0.2111111111111111
1 0.690625 0.47129629629629627 0.14479166666666668 0.24166666666666667
1 0.7026041666666667 0.3675925925925926 0.12604166666666666 0.23703703703703705
4 0.7994791666666666 0.8694444444444445 0.0734375 0.2064814814814815
1 0.7729166666666667 0.5657407407407408 0.11927083333333334 0.25
3 0.7307291666666667 0.42407407407407405 0.0734375 0.13703703703703704
1 0.9130208333333333 0.38425925925925924 0.13697916666666668 0.2657407407407407
1 0.8114583333333333 0.5703703703703704 0.12916666666666668 0.25092592592592594
2 0.8578125 0.38796296296296295 0.05520833333333333 0.09722222222222222
