2 0.6421875 0.6703703703703704 0.12916666666666668 0.17037037037037037
6 0.5010416666666667 0.36018518518518516 0.15885416666666666 0.27685185185185185
1 0.5869791666666667 0.5416666666666666 0.15989583333333332 0.30462962962962964
3 0.75625 0.2916666666666667 0.07552083333333333 0.15462962962962962
4 0.9635416666666666 0.9842592592592593 0.08385416666666666 0.2212962962962963
2 0.621875 0.47962962962962963 0.12239583333333333 0.2074074074074074
3 0.6869791666666667 0.6685185185185185 0.0890625 0.13240740740740742
1 0.5416666666666666 0.8222222222222222 0.07395833333333333 0.1824074074074074
6 0.5494791666666666 0.700925925925926 0.07916666666666666 0.14629629629629629
3 0.6416666666666667 0.5861111111111111 0.0921875 0.2111111111111111
1 0.32864583333333336 0.7787037037037037 0.121875 0.22407407407407406
3 0.40677083333333336 0.6287037037037037 0.05260416666666667 0.12037037037037036
6 0.75 0.6287037037037037 0.13645833333333332 0.2675925925925926
2 0.6255208333333333 0.48333333333333334 0.08541666666666667 0.12962962962962962
