1 0.54375 0.5722222222222222 0.09375 0.17685185185185184
6 0.48854166666666665 0.13425925925925927 0.09583333333333334 0.18888888888888888
5 0.03177083333333333 0.18611111111111112 0.12395833333333334 0.36203703703703705
3 0.5463541666666667 0.025925925925925925 0.04791666666666667 0.1111111111111111
6 0.3932291666666667 0.3138888888888889 0.09583333333333334 0.21203703703703702
3 0.6515625 0.737037037037037 0.0484375 0.08518518518518518
2 0.4552083333333333 0.009259259259259259 0.06666666666666667 0.1111111111111111
2 0.5208333333333334 0.6361111111111111 0.10260416666666666 0.15925925925925927
4 0.7072916666666667 0.6287037037037037 0.07291666666666667 0.17592592592592593
3 0.4890625 0.6722222222222223 0.0796875 0.13148148148148148
2 0.5307291666666667 0.4546296296296296 0.08489583333333334 0.15
2 0.6401041666666667 0.5138888888888888 0.08958333333333333 0.18333333333333332
3 0.4161458333333333 0.48703703703703705 0.05 0.10833333333333334
1 0.6328125 0.25277777777777777 0.1203125 0.25833333333333336
3 0.3125 0.37962962962962965 0.09583333333333334 0.225
