6 0.7380208333333333 0.37962962962962965 0.11822916666666666 0.21388888888888888
3 0.7552083333333334 0.40370370370370373 0.04479166666666667 0.08703703703703704
6 0.55625 0.6166666666666667 0.08489583333333334 0.14537037037037037
1 0.6328125 0.6685185185185185 0.11979166666666667 0.25
1 0.615625 0.6537037037037037 0.1328125 0.25
4 0.8114583333333333 0.9120370370370371 0.09947916666666666 0.19444444444444445
2 0.6307291666666667 0.5277777777777778 0.08020833333333334 0.11203703703703703
1 0.39114583333333336 0.5537037037037037 0.0921875 0.18055555555555555
2 0.8026041666666667 0.6935185185185185 0.10260416666666666 0.15092592592592594
6 0.66875 0.5111111111111111 0.10208333333333333 0.16203703703703703
2 0.7223958333333333 0.5833333333333334 0.0625 0.11481481481481481
3 0.5979166666666667 0.7722222222222223 0.07760416666666667 0.17685185185185184
1 0.7182291666666667 0.3 0.09114583333333333 0.25092592592592594
2 0.546875 0.7870370370370371 0.0890625 0.19907407407407407
4 0.4270833333333333 0.5083333333333333 0.06302083333333333 0.1675925925925926
3 0.4114583333333333 0.3351851851851852 0.10416666666666667 0.21296296296296297
