6 0.409375 0.5722222222222222 0.11614583333333334 0.22037037037037038
1 0.19895833333333332 0.5435185185185185 0.1109375 0.18888888888888888
1 0.31875 0.6175925925925926 0.058333333333333334 0.13333333333333333
3 0.26927083333333335 0.43333333333333335 0.07447916666666667 0.15925925925925927
2 0.259375 0.8055555555555556 0.07708333333333334 0.14351851851851852
6 0.27760416666666665 0.812037037037037 0.1390625 0.22407407407407406
2 0.425 0.46944444444444444 0.06614583333333333 0.10925925925925926
1 0.3494791666666667 0.5324074074074074 0.06510416666666667 0.10833333333333334
1 0.4114583333333333 0.6157407407407407 0.05572916666666667 0.10648148148148148
1 0.08125 0.700925925925926 0.121875 0.27037037037037037
