3 0.38177083333333334 0.5472222222222223 0.0875 0.15092592592592594
1 0.3807291666666667 0.2064814814814815 0.07135416666666666 0.13703703703703704
7 0.6463541666666667 0.06111111111111111 0.1046875 0.2175925925925926
1 0.2453125 0.6314814814814815 0.0921875 0.19444444444444445
4 0.5041666666666667 0.7166666666666667 0.07864583333333333 0.19907407407407407
1 0.11666666666666667 0.26481481481481484 0.08489583333333334 0.1574074074074074
1 0.09583333333333334 0.4361111111111111 0.08229166666666667 0.1675925925925926
1 0.22760416666666666 0.2962962962962963 0.04791666666666667 0.1361111111111111
2 0.22760416666666666 0.6296296296296297 0.058333333333333334 0.1037037037037037
4 0.2421875 0.46296296296296297 0.08177083333333333 0.16111111111111112
3 0.23333333333333334 0.3962962962962963 0.103125 0.2212962962962963
2 0.2755208333333333 0.1361111111111111 0.10625 0.1388888888888889
6 0.33541666666666664 0.19166666666666668 0.12239583333333333 0.29259259259259257
1 0.12552083333333333 0.49907407407407406 0.11354166666666667 0.23981481481481481
1 0.09895833333333333 0.3814814814814815 0.10416666666666667 0.19722222222222222
3 0.25104166666666666 0.5277777777777778 0.10677083333333333 0.18981481481481483
