6 0.5057291666666667 0.6888888888888889 0.08229166666666667 0.1935185185185185
1 0.403125 0.6833333333333333 0.075 0.15833333333333333
5 0.6895833333333333 0.7018518518518518 0.2421875 0.5351851851851852
6 0.6041666666666666 0.6916666666666667 0.05 0.11944444444444445
3 0.465625 0.9092592592592592 0.06041666666666667 0.13333333333333333
2 0.4296875 0.425 0.07864583333333333 0.1175925925925926
3 0.5463541666666667 0.3814814814814815 0.096875 0.21574074074074073
4 0.44583333333333336 0.14444444444444443 0.08177083333333333 0.1962962962962963
2 0.3963541666666667 0.17592592592592593 0.051041666666666666 0.0962962962962963
3 0.4348958333333333 0.4759259259259259 0.0796875 0.18518518518518517
