3 0.4140625 0.5666666666666667 0.05520833333333333 0.11481481481481481
6 0.4046875 0.3055555555555556 0.07447916666666667 0.17777777777777778
6 0.5296875 0.2657407407407407 0.13020833333333334 0.22870370370370371
6 0.6473958333333333 0.3768518518518518 0.15260416666666668 0.19907407407407407
6 0.32135416666666666 0.14444444444444443 0.10729166666666666 0.20092592592592592
1 0.39947916666666666 0.2916666666666667 0.058854166666666666 0.11481481481481481
1 0.42864583333333334 0.4861111111111111 0.07916666666666666 0.19074074074074074
3 0.4666666666666667 0.2518518518518518 0.08125 0.18703703703703703
1 0.5197916666666667 0.09074074074074075 0.1328125 0.2222222222222222
1 0.5197916666666667 0.5472222222222223 0.09375 0.1537037037037037
