4 0.7005208333333334 0.48703703703703705 0.07291666666666667 0.14166666666666666
6 0.503125 0.6518518518518519 0.12760416666666666 0.20462962962962963
5 0.28072916666666664 0.5722222222222222 0.11145833333333334 0.3296296296296296
1 0.36666666666666664 0.5611111111111111 0.10989583333333333 0.23981481481481481
2 0.6895833333333333 0.9675925925925926 0.065625 0.09351851851851851
1 0.6864583333333333 0.24259259259259258 0.14895833333333333 0.2851851851851852
2 0.571875 0.9203703703703704 0.07135416666666666 0.125
4 0.3807291666666667 0.7861111111111111 0.08854166666666667 0.12777777777777777
2 0.7098958333333333 0.8703703703703703 0.06041666666666667 0.11296296296296296
2 0.5494791666666666 0.47962962962962963 0.08177083333333333 0.13148148148148148
2 0.7557291666666667 0.5166666666666667 0.11614583333333334 0.1675925925925926
1 0.7864583333333334 0.7916666666666666 0.11822916666666666 0.2537037037037037
1 0.7848958333333333 0.8055555555555556 0.09270833333333334 0.16944444444444445
