3 0.7848958333333333 0.4398148148148148 0.0421875 0.11851851851851852
1 0.7869791666666667 0.23981481481481481 0.06979166666666667 0.14722222222222223
6 0.7885416666666667 0.6638888888888889 0.11927083333333334 0.3055555555555556
6 0.9572916666666667 0.21296296296296297 0.1359375 0.20092592592592592
1 0.7354166666666667 0.4462962962962963 0.0828125 0.23703703703703705
2 0.8578125 0.44907407407407407 0.0984375 0.14907407407407408
2 0.8046875 0.2740740740740741 0.05416666666666667 0.08611111111111111
2 0.6026041666666667 0.4527777777777778 0.06614583333333333 0.14814814814814814
2 0.6234375 0.6648148148148149 0.1 0.21851851851851853
3 0.7307291666666667 0.5185185185185185 0.0578125 0.1259259259259259
3 0.9765625 0.4305555555555556 0.07708333333333334 0.17407407407407408
6 0.6984375 0.22037037037037038 0.08020833333333334 0.13425925925925927
1 0.9177083333333333 0.20555555555555555 0.09895833333333333 0.16296296296296298
