6 0.4869791666666667 0.5314814814814814 0.1 0.2064814814814815
6 0.45677083333333335 0.7824074074074074 0.12708333333333333 0.1287037037037037
4 0.325 0.8898148148148148 0.09010416666666667 0.19814814814814816
1 0.4661458333333333 0.49444444444444446 0.07760416666666667 0.14814814814814814
6 0.5046875 0.44166666666666665 0.1296875 0.23148148148148148
1 0.2625 0.19166666666666668 0.08072916666666667 0.15555555555555556
6 0.5177083333333333 0.5222222222222223 0.14739583333333334 0.2564814814814815
1 0.4479166666666667 0.7101851851851851 0.08333333333333333 0.18888888888888888
1 0.38385416666666666 0.9944444444444445 0.1 0.21666666666666667
1 0.37916666666666665 0.5481481481481482 0.05520833333333333 0.11296296296296296
1 0.4947916666666667 0.37962962962962965 0.0546875 0.14166666666666666
6 0.5333333333333333 0.7351851851851852 0.09375 0.19722222222222222
5 0.9015625 0.2861111111111111 0.1375 0.4388888888888889
6 0.7005208333333334 0.5018518518518519 0.10520833333333333 0.16574074074074074
