3 0.6661458333333333 0.44074074074074077 0.10677083333333333 0.21944444444444444
2 0.6213541666666667 0.05925925925925926 0.109375 0.16666666666666666
6 0.5005208333333333 0.29259259259259257 0.07135416666666666 0.11388888888888889
1 0.8286458333333333 0.3787037037037037 0.14375 0.3037037037037037
2 0.6333333333333333 0.425 0.1015625 0.14814814814814814
1 0.628125 0.4064814814814815 0.08645833333333333 0.18981481481481483
5 0.5052083333333334 0.6435185185185185 0.07760416666666667 0.22314814814814815
1 0.8963541666666667 0.037037037037037035 0.10625 0.22685185185185186
2 0.6197916666666666 0.4 0.12604166666666666 0.18333333333333332
6 0.6442708333333333 0.24074074074074073 0.08958333333333333 0.21388888888888888
