1 0.6328125 0.8398148148148148 0.11458333333333333 0.22685185185185186
1 0.4239583333333333 0.8305555555555556 0.0796875 0.1638888888888889
6 0.7161458333333334 0.32222222222222224 0.125 0.20925925925925926
1 0.6052083333333333 0.40185185185185185 0.1296875 0.21944444444444444
2 0.7 0.6055555555555555 0.09270833333333334 0.19166666666666668
5 0.075 0.7194444444444444 0.071875 0.2111111111111111
2 0.7401041666666667 0.39166666666666666 0.11979166666666667 0.1814814814814815
6 0.7541666666666667 0.8731481481481481 0.17760416666666667 0.2361111111111111
6 0.83125 0.95 0.10104166666666667 0.18981481481481483
2 0.6244791666666667 0.44907407407407407 0.13072916666666667 0.2722222222222222
