1 0.2546875 0.7240740740740741 0.058854166666666666 0.15648148148148147
4 0.7229166666666667 0.7787037037037037 0.0734375 0.125
1 0.33229166666666665 0.6037037037037037 0.0953125 0.1787037037037037
3 0.2760416666666667 0.3472222222222222 0.06041666666666667 0.13240740740740742
3 0.2786458333333333 0.26851851851851855 0.08854166666666667 0.17314814814814813
3 0.30572916666666666 0.35462962962962963 0.08697916666666666 0.13518518518518519
3 0.18229166666666666 0.38796296296296295 0.11041666666666666 0.20555555555555555
1 0.30520833333333336 0.6166666666666667 0.09010416666666667 0.19907407407407407
3 0.30052083333333335 0.787962962962963 0.0765625 0.1398148148148148
1 0.42604166666666665 0.6018518518518519 0.10885416666666667 0.2601851851851852
