2 0.3296875 0.5037037037037037 0.059375 0.10925925925925926
7 0.06302083333333333 0.9518518518518518 0.11197916666666667 0.24074074074074073
6 0.09635416666666667 0.24722222222222223 0.15416666666666667 0.20092592592592592
6 0.1203125 0.3351851851851852 0.1203125 0.22592592592592592
6 0.29791666666666666 0.6462962962962963 0.053125 0.09722222222222222
4 0.3145833333333333 0.5851851851851851 0.07552083333333333 0.17962962962962964
1 0.2921875 0.3712962962962963 0.13072916666666667 0.2574074074074074
1 0.2546875 0.5314814814814814 0.13125 0.27685185185185185
3 0.0296875 0.3314814814814815 0.05364583333333333 0.09166666666666666
2 0.115625 0.16574074074074074 0.0671875 0.15555555555555556
3 0.0953125 0.14537037037037037 0.10416666666666667 0.1574074074074074
3 0.26875 0.5092592592592593 0.07864583333333333 0.14814814814814814
6 0.16979166666666667 0.37592592592592594 0.18802083333333333 0.32592592592592595
4 0.23697916666666666 0.2861111111111111 0.0765625 0.11851851851851852
1 0.203125 0.23148148148148148 0.052083333333333336 0.11944444444444445
2 0.16979166666666667 0.3861111111111111 0.11875 0.1925925925925926
2 0.35625 0.32685185185185184 0.08125 0.1648148148148148
