1 0.4078125 0.6333333333333333 0.08385416666666666 0.14351851851851852
1 0.3515625 0.23333333333333334 0.11197916666666667 0.2861111111111111
6 0.4505208333333333 0.5222222222222223 0.09791666666666667 0.18425925925925926
3 0.3697916666666667 0.32314814814814813 0.0875 0.11018518518518519
5 0.396875 0.9879629629629629 0.1125 0.25
1 0.35885416666666664 0.6648148148148149 0.08177083333333333 0.15462962962962962
1 0.4140625 0.3527777777777778 0.07916666666666666 0.15185185185185185
2 0.37552083333333336 0.6768518518518518 0.11354166666666667 0.19074074074074074
3 0.32916666666666666 0.2953703703703704 0.06354166666666666 0.09074074074074075
3 0.5411458333333333 0.5037037037037037 0.07604166666666666 0.17962962962962964
1 0.5838541666666667 0.4027777777777778 0.1265625 0.275
2 0.5916666666666667 0.7620370370370371 0.0625 0.11018518518518519
6 0.3338541666666667 0.17314814814814813 0.1765625 0.30185185185185187
4 0.671875 0.562037037037037 0.06822916666666666 0.1574074074074074
2 0.3958333333333333 0.5740740740740741 0.050520833333333334 0.11296296296296296
