1 0.5010416666666667 0.21944444444444444 0.06979166666666667 0.15
3 0.75 0.3101851851851852 0.06041666666666667 0.1361111111111111
5 0.32760416666666664 0.41944444444444445 0.15260416666666668 0.39351851851851855
6 0.3572916666666667 0.5935185185185186 0.10885416666666667 0.1712962962962963
2 0.4239583333333333 0.5833333333333334 0.07239583333333334 0.09722222222222222
3 0.41354166666666664 0.28703703703703703 0.09427083333333333 0.15555555555555556
3 0.3984375 0.5611111111111111 0.07239583333333334 0.12037037037037036
3 0.6317708333333333 0.387037037037037 0.103125 0.2037037037037037
4 0.5395833333333333 0.004629629629629629 0.06197916666666667 0.18981481481481483
1 0.6380208333333334 0.4444444444444444 0.10208333333333333 0.20092592592592592
2 0.5911458333333334 0.5833333333333334 0.058854166666666666 0.09444444444444444
1 0.49583333333333335 0.5805555555555556 0.11614583333333334 0.22870370370370371
3 0.4239583333333333 0.7194444444444444 0.08333333333333333 0.18981481481481483
1 0.38229166666666664 0.65 0.08125 0.16574074074074074
2 0.6041666666666666 0.924074074074074 0.11197916666666667 0.175
