4 0.8635416666666667 0.9055555555555556 0.0671875 0.19537037037037036
1 0.38229166666666664 0.7398148148148148 0.0671875 0.13055555555555556
1 0.4270833333333333 0.2657407407407407 0.06822916666666666 0.1537037037037037
1 0.66875 0.7574074074074074 0.1078125 0.24722222222222223
6 0.4473958333333333 0.3287037037037037 0.12447916666666667 0.2611111111111111
6 0.5046875 0.9175925925925926 0.13333333333333333 0.2361111111111111
1 0.7421875 0.24259259259259258 0.08072916666666667 0.21296296296296297
4 0.5489583333333333 0.762962962962963 0.08697916666666666 0.16296296296296298
1 0.48125 0.5111111111111111 0.134375 0.25092592592592594
6 0.5567708333333333 0.7648148148148148 0.09270833333333334 0.17314814814814813
5 0.9572916666666667 0.7537037037037037 0.12395833333333334 0.3175925925925926
2 0.4661458333333333 0.5009259259259259 0.05520833333333333 0.12777777777777777
2 0.54375 0.6027777777777777 0.109375 0.1527777777777778
2 0.44635416666666666 0.34074074074074073 0.10520833333333333 0.1935185185185185
1 0.4947916666666667 0.7537037037037037 0.09479166666666666 0.1925925925925926
1 0.5395833333333333 0.3277777777777778 0.058333333333333334 0.1111111111111111
2 0.27239583333333334 0.4703703703703704 0.06510416666666667 0.1037037037037037
