6 0.5479166666666667 0.42407407407407405 0.075 0.16574074074074074
1 0.6958333333333333 0.5879629629629629 0.05364583333333333 0.1287037037037037
3 0.5213541666666667 0.5351851851851852 0.04479166666666667 0.10555555555555556
2 0.5130208333333334 0.2759259259259259 0.053125 0.08518518518518518
6 0.7265625 0.42685185185185187 0.07135416666666666 0.13425925925925927
3 0.5666666666666667 0.3435185185185185 0.10208333333333333 0.22407407407407406
4 0.15052083333333333 0.6685185185185185 0.08958333333333333 0.2
2 0.7005208333333334 0.15833333333333333 0.09114583333333333 0.14351851851851852
6 0.7635416666666667 0.14074074074074075 0.07604166666666666 0.11481481481481481
6 0.6072916666666667 0.08518518518518518 0.11302083333333333 0.21666666666666667
5 0.415625 0.7277777777777777 0.19270833333333334 0.46574074074074073
1 0.8020833333333334 0.75 0.08541666666666667 0.18055555555555555
