3 0.7125 0.525 0.049479166666666664 0.0962962962962963
2 0.5552083333333333 0.41759259259259257 0.09479166666666666 0.20555555555555555
1 0.78125 0.12685185185185185 0.0890625 0.1962962962962963
2 0.7890625 0.3333333333333333 0.09895833333333333 0.21666666666666667
1 0.8682291666666667 0.2916666666666667 0.09583333333333334 0.21203703703703702
6 0.653125 0.5935185185185186 0.0546875 0.09907407407407408
4 0.83125 0.16666666666666666 0.09427083333333333 0.15925925925925927
1 0.38333333333333336 0.4537037037037037 0.11145833333333334 0.24444444444444444
2 0.5963541666666666 0.4981481481481482 0.06666666666666667 0.12685185185185185
1 0.475 0.7583333333333333 0.09010416666666667 0.23148148148148148
3 0.47604166666666664 0.4398148148148148 0.07916666666666666 0.1537037037037037
2 0.5932291666666667 0.3962962962962963 0.05364583333333333 0.125
