2 0.6588541666666666 0.7666666666666667 0.08489583333333334 0.14074074074074075
6 0.4895833333333333 0.43425925925925923 0.07552083333333333 0.12777777777777777
3 0.4515625 0.8712962962962963 0.051041666666666666 0.08148148148148149
1 0.42239583333333336 0.6314814814814815 0.051041666666666666 0.1111111111111111
6 0.6921875 0.42962962962962964 0.12916666666666668 0.22037037037037038
6 0.6994791666666667 0.47685185185185186 0.06510416666666667 0.11203703703703703
5 0.4276041666666667 0.8083333333333333 0.1421875 0.39814814814814814
1 0.4890625 0.4925925925925926 0.08177083333333333 0.15185185185185185
6 0.525 0.37592592592592594 0.11197916666666667 0.19444444444444445
6 0.6536458333333334 0.38425925925925924 0.12552083333333333 0.21666666666666667
3 0.7953125 0.3351851851851852 0.1140625 0.1361111111111111
2 0.5166666666666667 0.7203703703703703 0.05364583333333333 0.1175925925925926
2 0.8109375 0.325 0.09270833333333334 0.14907407407407408
