3 0.26145833333333335 0.40370370370370373 0.07395833333333333 0.1712962962962963
4 0.0234375 0.3527777777777778 0.09270833333333334 0.16574074074074074
2 0.4317708333333333 0.33425925925925926 0.09791666666666667 0.13796296296296295
4 0.6416666666666667 0.5416666666666666 0.08854166666666667 0.1685185185185185
1 0.005729166666666666 0.10185185185185185 0.09635416666666667 0.16666666666666666
2 0.37864583333333335 0.24166666666666667 0.0640625 0.10740740740740741
2 0.15572916666666667 0.2722222222222222 0.0453125 0.08888888888888889
1 0.27395833333333336 0.15 0.08489583333333334 0.1527777777777778
1 0.22135416666666666 0.0787037037037037 0.09270833333333334 0.16203703703703703
7 0.5869791666666667 0.7037037037037037 0.0890625 0.18611111111111112
2 0.234375 0.30925925925925923 0.125 0.20092592592592592
3 0.3541666666666667 0.5194444444444445 0.08333333333333333 0.14814814814814814
3 0.17552083333333332 0.5962962962962963 0.07447916666666667 0.16203703703703703
