1 0.5921875 0.4787037037037037 0.12395833333333334 0.21296296296296297
6 0.7838541666666666 0.3712962962962963 0.1234375 0.2212962962962963
3 0.7255208333333333 0.7712962962962963 0.04635416666666667 0.1037037037037037
3 0.40260416666666665 0.008333333333333333 0.059895833333333336 0.1574074074074074
6 0.6463541666666667 0.46944444444444444 0.11197916666666667 0.18518518518518517
6 0.5911458333333334 0.4388888888888889 0.14270833333333333 0.2388888888888889
5 0.5052083333333334 0.7601851851851852 0.14479166666666668 0.5037037037037037
2 0.6479166666666667 0.4398148148148148 0.06875 0.11203703703703703
3 0.6541666666666667 0.5231481481481481 0.10364583333333334 0.15925925925925927
2 0.5505208333333333 0.22870370370370371 0.052083333333333336 0.11574074074074074
2 0.475 0.549074074074074 0.1390625 0.23148148148148148
3 0.4296875 0.7138888888888889 0.09427083333333333 0.14166666666666666
6 0.6479166666666667 0.30462962962962964 0.103125 0.2638888888888889
3 0.5817708333333333 0.30277777777777776 0.090625 0.16018518518518518
4 0.8020833333333334 0.5120370370370371 0.0640625 0.17407407407407408
4 0.2942708333333333 0.7212962962962963 0.08333333333333333 0.15
