6 0.56875 0.30462962962962964 0.0875 0.09259259259259259
4 0.034895833333333334 0.7222222222222222 0.05677083333333333 0.17037037037037037
1 0.6963541666666667 0.30185185185185187 0.140625 0.23703703703703705
3 0.4817708333333333 0.25555555555555554 0.06041666666666667 0.13518518518518519
6 0.48541666666666666 0.5611111111111111 0.12604166666666666 0.22314814814814815
1 0.5890625 0.23981481481481481 0.075 0.2101851851851852
3 0.5364583333333334 0.42777777777777776 0.07291666666666667 0.16296296296296298
3 0.7104166666666667 0.25277777777777777 0.059895833333333336 0.16574074074074074
2 0.59375 0.6759259259259259 0.09166666666666666 0.14907407407407408
2 0.2328125 0.512962962962963 0.06614583333333333 0.13425925925925927
3 0.478125 0.39351851851851855 0.09739583333333333 0.22592592592592592
3 0.6572916666666667 0.6768518518518518 0.043229166666666666 0.10185185185185185
2 0.6291666666666667 0.7638888888888888 0.06927083333333334 0.10277777777777777
1 0.6963541666666667 0.3907407407407407 0.09895833333333333 0.1675925925925926
1 0.46041666666666664 0.625 0.041666666666666664 0.11481481481481481
