1 0.48385416666666664 0.32592592592592595 0.1109375 0.22685185185185186
4 0.540625 0.5092592592592593 0.09635416666666667 0.16296296296296298
2 0.4552083333333333 0.6101851851851852 0.10052083333333334 0.15925925925925927
2 0.3015625 0.175 0.075 0.11574074074074074
2 0.5171875 0.25 0.08958333333333333 0.1648148148148148
4 0.6390625 0.8333333333333334 0.09114583333333333 0.12407407407407407
1 0.3151041666666667 0.425 0.08020833333333334 0.17037037037037037
2 0.2578125 0.3138888888888889 0.08958333333333333 0.1398148148148148
3 0.3703125 0.2361111111111111 0.10104166666666667 0.15555555555555556
7 0.7614583333333333 0.8916666666666667 0.09322916666666667 0.2740740740740741
3 0.246875 0.7407407407407407 0.08802083333333334 0.20555555555555555
1 0.4166666666666667 0.8018518518518518 0.13020833333333334 0.21666666666666667
3 0.3651041666666667 0.7870370370370371 0.0921875 0.16666666666666666
1 0.22291666666666668 0.5055555555555555 0.16979166666666667 0.3212962962962963
6 0.2984375 0.7388888888888889 0.13645833333333332 0.2101851851851852
