6 0.3234375 0.49537037037037035 0.16822916666666668 0.2740740740740741
1 0.3932291666666667 0.26851851851851855 0.10885416666666667 0.18055555555555555
6 0.26458333333333334 0.3175925925925926 0.17291666666666666 0.2972222222222222
4 0.8625 0.6185185185185185 0.10625 0.21388888888888888
1 0.23645833333333333 0.15925925925925927 0.06041666666666667 0.13518518518518519
1 0.19895833333333332 0.42314814814814816 0.09479166666666666 0.21944444444444444
6 0.06041666666666667 0.18425925925925926 0.07447916666666667 0.11296296296296296
5 0.49635416666666665 0.2074074074074074 0.15625 0.35462962962962963
7 0.65625 0.325 0.0984375 0.2675925925925926
4 0.0765625 0.5398148148148149 0.06875 0.20092592592592592
1 0.2869791666666667 0.11666666666666667 0.1109375 0.2074074074074074
1 0.15677083333333333 0.2490740740740741 0.11927083333333334 0.23981481481481481
3 0.275 0.39537037037037037 0.09791666666666667 0.1685185185185185
