2 0.7067708333333333 0.8675925925925926 0.09375 0.16018518518518518
1 0.9505208333333334 0.787962962962963 0.07916666666666666 0.1814814814814815
3 0.5708333333333333 0.6268518518518519 0.096875 0.2101851851851852
3 0.5322916666666667 0.7972222222222223 0.08854166666666667 0.11203703703703703
6 0.7630208333333334 0.43425925925925923 0.052083333333333336 0.10648148148148148
1 0.6625 0.7277777777777777 0.1234375 0.2351851851851852
1 0.6463541666666667 0.7379629629629629 0.134375 0.25555555555555554
2 0.5119791666666667 0.7435185185185185 0.09583333333333334 0.18703703703703703
1 0.5192708333333333 0.8601851851851852 0.04739583333333333 0.11944444444444445
3 0.7958333333333333 0.687037037037037 0.052083333333333336 0.1037037037037037
