1 0.24166666666666667 0.8537037037037037 0.08072916666666667 0.18611111111111112
6 0.24270833333333333 0.487962962962963 0.078125 0.13703703703703704
3 0.1375 0.30648148148148147 0.0671875 0.10925925925925926
3 0.29739583333333336 0.725 0.05 0.12962962962962962
6 0.24895833333333334 0.7314814814814815 0.07916666666666666 0.12222222222222222
4 0.6817708333333333 0.26296296296296295 0.058854166666666666 0.17962962962962964
1 0.16979166666666667 0.5805555555555556 0.08489583333333334 0.1685185185185185
6 0.15729166666666666 0.3333333333333333 0.075 0.11388888888888889
3 0.0359375 0.9481481481481482 0.09739583333333333 0.22407407407407406
1 0.2760416666666667 0.5462962962962963 0.08177083333333333 0.16944444444444445
2 0.165625 0.425 0.09114583333333333 0.15092592592592594
5 0.3703125 0.012962962962962963 0.184375 0.4388888888888889
6 0.16770833333333332 0.549074074074074 0.0625 0.12129629629629629
6 0.278125 0.4925925925925926 0.09479166666666666 0.19907407407407407
2 0.34739583333333335 0.44907407407407407 0.1140625 0.24444444444444444
4 0.5989583333333334 0.46296296296296297 0.05572916666666667 0.19907407407407407
