3 0.27447916666666666 0.5666666666666667 0.07604166666666666 0.17777777777777778
4 0.6890625 0.12314814814814815 0.07083333333333333 0.11574074074074074
5 0.019791666666666666 0.7509259259259259 0.09583333333333334 0.26666666666666666
1 0.48854166666666665 0.4925925925925926 0.1109375 0.18888888888888888
4 0.10364583333333334 0.6657407407407407 0.08489583333333334 0.16203703703703703
1 0.33697916666666666 0.35462962962962963 0.051041666666666666 0.11944444444444445
2 0.334375 0.09166666666666666 0.10520833333333333 0.15092592592592594
1 0.2296875 0.4638888888888889 0.06770833333333333 0.14166666666666666
6 0.4552083333333333 0.6981481481481482 0.10885416666666667 0.16296296296296298
6 0.3625 0.8138888888888889 0.0765625 0.12777777777777777
