6 0.8760416666666667 0.3851851851851852 0.13385416666666666 0.22407407407407406
1 0.6458333333333334 0.49444444444444446 0.07916666666666666 0.19907407407407407
5 0.6072916666666667 0.05740740740740741 0.13229166666666667 0.3398148148148148
1 0.9520833333333333 0.4527777777777778 0.11927083333333334 0.25462962962962965
6 0.7911458333333333 0.525 0.07447916666666667 0.1712962962962963
1 0.6880208333333333 0.6481481481481481 0.0625 0.1287037037037037
4 0.9932291666666667 0.39444444444444443 0.06927083333333334 0.16574074074074074
2 0.8192708333333333 0.3648148148148148 0.05 0.07407407407407407
4 0.27760416666666665 0.9962962962962963 0.057291666666666664 0.16111111111111112
3 0.8203125 0.6296296296296297 0.044270833333333336 0.08796296296296297
6 0.6630208333333333 0.44722222222222224 0.0515625 0.13240740740740742
6 0.6640625 0.637962962962963 0.05520833333333333 0.12129629629629629
6 0.6682291666666667 0.23425925925925925 0.1015625 0.20277777777777778
2 0.7661458333333333 0.262037037037037 0.06927083333333334 0.11018518518518519
1 0.9526041666666667 0.2 0.10260416666666666 0.17777777777777778
