2 0.9432291666666667 0.3398148148148148 0.0671875 0.15185185185185185
7 0.2828125 0.9018518518518519 0.10104166666666667 0.20925925925925926
2 0.7921875 0.5148148148148148 0.128125 0.17592592592592593
4 0.5520833333333334 0.007407407407407408 0.0796875 0.18703703703703703
2 0.8109375 0.22037037037037038 0.0984375 0.18611111111111112
6 0.7109375 0.4064814814814815 0.043229166666666666 0.1388888888888889
6 0.734375 0.27685185185185185 0.0703125 0.1537037037037037
3 0.6572916666666667 0.2388888888888889 0.07083333333333333 0.14537037037037037
4 0.5567708333333333 0.662962962962963 0.12239583333333333 0.225
6 0.5234375 0.3768518518518518 0.16770833333333332 0.22685185185185186
6 0.8348958333333333 0.4064814814814815 0.1125 0.19444444444444445
3 0.665625 0.07685185185185185 0.0390625 0.08518518518518518
3 0.821875 0.625 0.0328125 0.09074074074074075
1 0.8494791666666667 0.15092592592592594 0.10833333333333334 0.2101851851851852
2 0.8791666666666667 0.13148148148148148 0.09895833333333333 0.1425925925925926
1 0.6505208333333333 0.412962962962963 0.11822916666666666 0.22685185185185186
1 0.9880208333333333 0.5925925925925926 0.06822916666666666 0.16296296296296298
