5 0.8473958333333333 0.9398148148148148 0.140625 0.36574074074074076
7 0.4427083333333333 0.20833333333333334 0.05625 0.21388888888888888
4 0.1453125 0.009259259259259259 0.08958333333333333 0.20462962962962963
2 0.5786458333333333 0.2111111111111111 0.13385416666666666 0.18055555555555555
2 0.4625 0.5370370370370371 0.05520833333333333 0.11851851851851852
6 0.8796875 0.17962962962962964 0.12916666666666668 0.22314814814814815
2 0.5447916666666667 0.425 0.0765625 0.17222222222222222
4 0.871875 0.32314814814814813 0.07135416666666666 0.18888888888888888
1 0.5317708333333333 0.5138888888888888 0.08854166666666667 0.18518518518518517
3 0.6666666666666666 0.32222222222222224 0.0703125 0.13425925925925927
3 0.5921875 0.6296296296296297 0.0671875 0.12777777777777777
3 0.7296875 0.2101851851851852 0.1046875 0.17037037037037037
2 0.6791666666666667 0.2462962962962963 0.10208333333333333 0.22592592592592592
2 0.5354166666666667 0.35185185185185186 0.07291666666666667 0.1111111111111111
6 0.6135416666666667 0.20185185185185187 0.11875 0.19907407407407407
3 0.55 0.07037037037037037 0.05572916666666667 0.10740740740740741
