1 0.7640625 0.5333333333333333 0.11666666666666667 0.1962962962962963
4 0.49375 0.34074074074074073 0.09322916666666667 0.13055555555555556
5 0.86875 0.43425925925925923 0.1984375 0.49537037037037035
3 0.8322916666666667 0.1537037037037037 0.04114583333333333 0.07407407407407407
2 0.6859375 0.8527777777777777 0.10208333333333333 0.21296296296296297
2 0.6463541666666667 0.21851851851851853 0.12395833333333334 0.175
6 0.8458333333333333 0.46296296296296297 0.10520833333333333 0.22407407407407406
4 0.9947916666666666 0.6287037037037037 0.10572916666666667 0.19166666666666668
1 0.8041666666666667 0.5305555555555556 0.0625 0.1361111111111111
2 0.8192708333333333 0.2712962962962963 0.08072916666666667 0.12962962962962962
2 0.6458333333333334 0.6546296296296297 0.11041666666666666 0.2
6 0.9578125 0.34444444444444444 0.06510416666666667 0.1425925925925926
