6 0.7546875 0.6361111111111111 0.15625 0.29907407407407405
1 0.7994791666666666 0.6314814814814815 0.08177083333333333 0.13703703703703704
1 0.7973958333333333 0.26851851851851855 0.13541666666666666 0.22870370370370371
1 0.95625 0.25555555555555554 0.096875 0.1712962962962963
6 0.8223958333333333 0.5787037037037037 0.08229166666666667 0.12685185185185185
5 0.4171875 0.49074074074074076 0.19166666666666668 0.49907407407407406
6 0.7140625 0.49074074074074076 0.0703125 0.14629629629629629
6 0.75 0.21851851851851853 0.078125 0.11851851851851852
2 0.9375 0.29907407407407405 0.07604166666666666 0.14814814814814814
3 0.8848958333333333 0.3490740740740741 0.06822916666666666 0.11666666666666667
4 0.9125 0.3453703703703704 0.06979166666666667 0.21666666666666667
1 0.6505208333333333 0.7694444444444445 0.0796875 0.14629629629629629
2 0.790625 0.3055555555555556 0.10677083333333333 0.19907407407407407
