1 0.7703125 0.3111111111111111 0.11875 0.2490740740740741
4 0.275 0.9805555555555555 0.07864583333333333 0.2074074074074074
3 0.8177083333333334 0.5833333333333334 0.10729166666666666 0.1398148148148148
6 0.7838541666666666 0.7907407407407407 0.13072916666666667 0.23703703703703705
3 0.6239583333333333 0.40370370370370373 0.06510416666666667 0.1675925925925926
3 0.9671875 0.30092592592592593 0.08125 0.10925925925925926
1 0.5880208333333333 0.27314814814814814 0.0984375 0.25092592592592594
4 0.2609375 0.9675925925925926 0.09114583333333333 0.1962962962962963
1 0.7838541666666666 0.6296296296296297 0.1140625 0.21574074074074073
1 0.8197916666666667 0.5555555555555556 0.09322916666666667 0.18518518518518517
2 0.81875 0.6990740740740741 0.1375 0.2037037037037037
7 0.09427083333333333 0.9629629629629629 0.07916666666666666 0.20925925925925926
6 0.6890625 0.6277777777777778 0.06354166666666666 0.14351851851851852
6 0.7015625 0.6916666666666667 0.03697916666666667 0.1175925925925926
3 0.7979166666666667 0.32407407407407407 0.04010416666666667 0.09537037037037037
