6 0.3453125 0.23425925925925925 0.10260416666666666 0.2351851851851852
1 0.5395833333333333 0.5453703703703704 0.115625 0.25277777777777777
2 0.40729166666666666 0.6175925925925926 0.0734375 0.16111111111111112
1 0.265625 0.45185185185185184 0.1078125 0.18981481481481483
1 0.28229166666666666 0.17222222222222222 0.10260416666666666 0.21481481481481482
2 0.2557291666666667 0.5472222222222223 0.058333333333333334 0.10462962962962963
2 0.4375 0.600925925925926 0.1125 0.18518518518518517
6 0.32083333333333336 0.20925925925925926 0.07760416666666667 0.13703703703703704
1 0.3671875 0.14814814814814814 0.05416666666666667 0.10925925925925926
2 0.3265625 0.4537037037037037 0.115625 0.23333333333333334
4 0.4947916666666667 0.8083333333333333 0.08802083333333334 0.2037037037037037
4 0.6302083333333334 0.5472222222222223 0.0984375 0.22592592592592592
2 0.2796875 0.2675925925925926 0.06614583333333333 0.11666666666666667
1 0.4109375 0.7222222222222222 0.13020833333333334 0.22777777777777777
