1 0.8463541666666666 0.6416666666666667 0.11875 0.225
1 0.8890625 0.6129629629629629 0.06041666666666667 0.1259259259259259
2 0.8234375 0.39814814814814814 0.058854166666666666 0.09722222222222222
4 0.6828125 0.47685185185185186 0.1046875 0.15
1 0.7479166666666667 0.775 0.14270833333333333 0.28425925925925927
4 0.07708333333333334 0.21944444444444444 0.10885416666666667 0.2074074074074074
2 0.796875 0.6759259259259259 0.16041666666666668 0.20185185185185187
6 0.8895833333333333 0.25277777777777777 0.14739583333333334 0.18425925925925926
3 0.6125 0.537962962962963 0.07395833333333333 0.11296296296296296
2 0.9005208333333333 0.9675925925925926 0.1171875 0.17037037037037037
3 0.8276041666666667 0.6037037037037037 0.08854166666666667 0.15092592592592594
6 0.85625 0.4388888888888889 0.14166666666666666 0.25277777777777777
3 0.9880208333333333 0.5342592592592592 0.08645833333333333 0.14166666666666666
5 0.1796875 0.9305555555555556 0.11666666666666667 0.2601851851851852
1 0.7713541666666667 0.35185185185185186 0.10416666666666667 0.21851851851851853
