6 0.6140625 0.47314814814814815 0.19583333333333333 0.28703703703703703
6 0.4109375 0.6157407407407407 0.10260416666666666 0.17777777777777778
4 0.4796875 0.6481481481481481 0.08802083333333334 0.2175925925925926
2 0.571875 0.7388888888888889 0.0515625 0.0962962962962963
1 0.71875 0.7777777777777778 0.08541666666666667 0.14444444444444443
2 0.725 0.44537037037037036 0.0984375 0.175
2 0.36354166666666665 0.48055555555555557 0.059375 0.08425925925925926
4 0.540625 0.8851851851851852 0.08333333333333333 0.19722222222222222
3 0.5890625 0.5222222222222223 0.07239583333333334 0.13333333333333333
2 0.4317708333333333 0.44351851851851853 0.058333333333333334 0.09259259259259259
1 0.4239583333333333 0.7037037037037037 0.09895833333333333 0.18055555555555555
6 0.4942708333333333 0.2601851851851852 0.08489583333333334 0.1648148148148148
3 0.38229166666666664 0.03888888888888889 0.10572916666666667 0.17037037037037037
3 0.553125 0.4777777777777778 0.08072916666666667 0.1685185185185185
3 0.465625 0.3101851851851852 0.0671875 0.17222222222222222
2 0.6916666666666667 0.29074074074074074 0.06510416666666667 0.09722222222222222
