2 0.5239583333333333 0.5814814814814815 0.09375 0.16111111111111112
2 0.5041666666666667 0.5962962962962963 0.09427083333333333 0.10185185185185185
6 0.6135416666666667 0.362962962962963 0.10260416666666666 0.15
4 0.15625 0.9092592592592592 0.0796875 0.1962962962962963
1 0.4895833333333333 0.7833333333333333 0.058854166666666666 0.12685185185185185
3 0.4765625 0.36203703703703705 0.07916666666666666 0.11944444444444445
3 0.4203125 0.12777777777777777 0.08802083333333334 0.12314814814814815
1 0.5213541666666667 0.21666666666666667 0.09114583333333333 0.18888888888888888
4 0.4270833333333333 0.3388888888888889 0.07760416666666667 0.12407407407407407
1 0.42239583333333336 0.5907407407407408 0.13229166666666667 0.2537037037037037
6 0.4359375 0.044444444444444446 0.06979166666666667 0.12407407407407407
6 0.671875 0.2111111111111111 0.10104166666666667 0.18981481481481483
6 0.5802083333333333 0.06111111111111111 0.1125 0.2037037037037037
3 0.5651041666666666 0.5861111111111111 0.08645833333333333 0.18703703703703703
1 0.5588541666666667 0.487962962962963 0.096875 0.2064814814814815
2 0.5671875 0.575925925925926 0.11979166666666667 0.20833333333333334
