1 0.5380208333333333 0.046296296296296294 0.13489583333333333 0.24166666666666667
6 0.4083333333333333 0.23055555555555557 0.07291666666666667 0.14074074074074075
6 0.6703125 0.31296296296296294 0.13177083333333334 0.22777777777777777
1 0.30572916666666666 0.2712962962962963 0.103125 0.1962962962962963
2 0.4317708333333333 0.33611111111111114 0.0796875 0.13240740740740742
2 0.6744791666666666 0.24814814814814815 0.11666666666666667 0.18703703703703703
7 0.7953125 0.3962962962962963 0.06458333333333334 0.15185185185185185
2 0.5796875 0.3435185185185185 0.12291666666666666 0.20925925925925926
1 0.7005208333333334 0.4462962962962963 0.078125 0.1361111111111111
4 0.033854166666666664 0.25092592592592594 0.0859375 0.2
1 0.49635416666666665 0.2212962962962963 0.06875 0.15185185185185185
6 0.6046875 0.16203703703703703 0.1359375 0.2175925925925926
3 0.6088541666666667 0.9851851851851852 0.065625 0.1425925925925926
6 0.65625 0.3787037037037037 0.090625 0.16111111111111112
2 0.609375 0.3962962962962963 0.08489583333333334 0.16574074074074074
2 0.5421875 0.5472222222222223 0.08385416666666666 0.14351851851851852
4 0.5770833333333333 0.9 0.058854166666666666 0.16203703703703703
