1 0.21666666666666667 0.65 0.04791666666666667 0.11944444444444445
4 0.5723958333333333 0.27870370370370373 0.08125 0.19907407407407407
3 0.10416666666666667 0.8731481481481481 0.04635416666666667 0.10648148148148148
3 0.31614583333333335 0.562962962962963 0.1109375 0.13425925925925927
6 0.125 0.7148148148148148 0.08541666666666667 0.12962962962962962
6 0.2078125 0.7796296296296297 0.12760416666666666 0.2222222222222222
7 0.0578125 0.649074074074074 0.09635416666666667 0.2
6 0.378125 0.5657407407407408 0.1171875 0.20555555555555555
3 0.396875 0.5666666666666667 0.04739583333333333 0.09259259259259259
4 0.5739583333333333 0.8935185185185185 0.07083333333333333 0.20185185185185187
5 0.4348958333333333 0.575925925925926 0.19479166666666667 0.4398148148148148
6 0.20885416666666667 0.4888888888888889 0.14375 0.25277777777777777
2 0.24479166666666666 0.6148148148148148 0.058854166666666666 0.09722222222222222
1 0.1875 0.7268518518518519 0.0734375 0.16203703703703703
