1 0.3484375 0.6287037037037037 0.0921875 0.15462962962962962
1 0.35885416666666664 0.43148148148148147 0.075 0.14074074074074075
3 0.23854166666666668 0.5296296296296297 0.08072916666666667 0.1675925925925926
1 0.34427083333333336 0.4898148148148148 0.10625 0.20555555555555555
2 0.296875 0.5148148148148148 0.059895833333333336 0.09259259259259259
1 0.5348958333333333 0.42407407407407405 0.07447916666666667 0.1675925925925926
6 0.32395833333333335 0.6314814814814815 0.15729166666666666 0.2833333333333333
6 0.21458333333333332 0.1111111111111111 0.1671875 0.22962962962962963
6 0.3890625 0.45 0.0734375 0.10833333333333334
6 0.26927083333333335 0.42777777777777776 0.1640625 0.22037037037037038
1 0.17708333333333334 0.387037037037037 0.08125 0.13425925925925927
