3 0.6755208333333333 0.46944444444444444 0.07552083333333333 0.12407407407407407
7 0.2671875 0.4861111111111111 0.075 0.1638888888888889
6 0.7255208333333333 0.5518518518518518 0.0890625 0.1787037037037037
6 0.6364583333333333 0.5407407407407407 0.1171875 0.17777777777777778
3 0.5947916666666667 0.5675925925925925 0.08854166666666667 0.14814814814814814
6 0.4588541666666667 0.5675925925925925 0.18020833333333333 0.287962962962963
4 0.8208333333333333 0.7953703703703704 0.06302083333333333 0.16018518518518518
2 0.6567708333333333 0.6712962962962963 0.11145833333333334 0.20185185185185187
6 0.5963541666666666 0.625 0.15364583333333334 0.26666666666666666
4 0.7953125 0.8203703703703704 0.07395833333333333 0.1787037037037037
5 0.6447916666666667 0.3851851851851852 0.14322916666666666 0.3648148148148148
6 0.5505208333333333 0.6842592592592592 0.0984375 0.175
