1 0.37447916666666664 0.30925925925925923 0.13697916666666668 0.25462962962962965
6 0.5026041666666666 0.687962962962963 0.08802083333333334 0.14444444444444443
1 0.37604166666666666 0.537962962962963 0.1078125 0.23148148148148148
2 0.3572916666666667 0.9064814814814814 0.10885416666666667 0.1648148148148148
6 0.41875 0.5990740740740741 0.0765625 0.16944444444444445
6 0.2921875 0.7231481481481481 0.09947916666666666 0.16111111111111112
2 0.5145833333333333 0.4 0.103125 0.18888888888888888
6 0.2994791666666667 0.7509259259259259 0.15572916666666667 0.262037037037037
3 0.27291666666666664 0.1398148148148148 0.0609375 0.15555555555555556
3 0.3380208333333333 0.3768518518518518 0.05416666666666667 0.09907407407407408
5 0.30104166666666665 0.7703703703703704 0.08385416666666666 0.2212962962962963
6 0.42083333333333334 0.08518518518518518 0.12552083333333333 0.18425925925925926
3 0.521875 0.5185185185185185 0.07552083333333333 0.12685185185185185
6 0.3572916666666667 0.34074074074074073 0.13125 0.22592592592592592
1 0.46979166666666666 0.18333333333333332 0.1203125 0.20925925925925926
