1 0.6265625 0.42962962962962964 0.121875 0.2074074074074074
5 0.2484375 0.7185185185185186 0.12708333333333333 0.5101851851851852
3 0.6567708333333333 0.7037037037037037 0.08489583333333334 0.125
2 0.703125 0.7592592592592593 0.11979166666666667 0.14907407407407408
2 0.5447916666666667 0.3314814814814815 0.09375 0.15833333333333333
4 0.4088541666666667 0.837037037037037 0.07291666666666667 0.18981481481481483
7 0.0453125 0.2962962962962963 0.10625 0.1814814814814815
3 0.4296875 0.2675925925925926 0.08489583333333334 0.1425925925925926
2 0.5765625 0.0712962962962963 0.12864583333333332 0.225
4 0.7088541666666667 0.3 0.11458333333333333 0.2351851851851852
2 0.5328125 0.32222222222222224 0.0578125 0.09907407407407408
