1 0.384375 0.9157407407407407 0.1203125 0.25833333333333336
6 0.5145833333333333 0.5907407407407408 0.08854166666666667 0.16111111111111112
1 0.2984375 0.40925925925925927 0.04635416666666667 0.10925925925925926
2 0.42239583333333336 0.46944444444444444 0.11145833333333334 0.1685185185185185
1 0.60625 0.6953703703703704 0.0578125 0.1574074074074074
2 0.5864583333333333 0.26944444444444443 0.1328125 0.21851851851851853
2 0.7385416666666667 0.6888888888888889 0.0734375 0.16296296296296298
3 0.446875 0.4046296296296296 0.06614583333333333 0.1648148148148148
3 0.6182291666666667 0.6944444444444444 0.10052083333333334 0.14351851851851852
6 0.471875 0.637962962962963 0.09166666666666666 0.14444444444444443
2 0.6276041666666666 0.5425925925925926 0.05572916666666667 0.08333333333333333
6 0.49895833333333334 0.6898148148148148 0.07708333333333334 0.15092592592592594
5 0.6682291666666667 0.17592592592592593 0.12291666666666666 0.3416666666666667
4 0.6776041666666667 0.4675925925925926 0.07395833333333333 0.18333333333333332
