6 0.42864583333333334 0.9009259259259259 0.075 0.1287037037037037
2 0.5416666666666666 0.5185185185185185 0.08541666666666667 0.15648148148148147
4 0.14895833333333333 0.3824074074074074 0.06302083333333333 0.1962962962962963
3 0.49583333333333335 0.8009259259259259 0.0921875 0.2064814814814815
6 0.5239583333333333 0.7833333333333333 0.1703125 0.25833333333333336
4 0.22708333333333333 0.537962962962963 0.071875 0.15833333333333333
3 0.43125 0.4777777777777778 0.07135416666666666 0.11296296296296296
6 0.39010416666666664 0.9629629629629629 0.1578125 0.2712962962962963
3 0.3390625 0.7537037037037037 0.1 0.14444444444444443
6 0.2890625 0.7046296296296296 0.06927083333333334 0.10185185185185185
6 0.5427083333333333 0.7342592592592593 0.051041666666666666 0.14444444444444443
5 0.7510416666666667 0.8851851851851852 0.08177083333333333 0.24074074074074073
6 0.28229166666666666 0.19814814814814816 0.13802083333333334 0.21203703703703702
3 0.5520833333333334 0.38333333333333336 0.05260416666666667 0.08333333333333333
1 0.4114583333333333 0.7592592592592593 0.1109375 0.2388888888888889
