2 0.5588541666666667 0.21574074074074073 0.10260416666666666 0.1527777777777778
4 0.3015625 0.525 0.05520833333333333 0.1824074074074074
5 0.6625 0.020370370370370372 0.19479166666666667 0.48148148148148145
6 0.7098958333333333 0.8055555555555556 0.08385416666666666 0.13518518518518519
1 0.60625 0.3212962962962963 0.0921875 0.18055555555555555
6 0.6270833333333333 0.675 0.125 0.3148148148148148
6 0.66875 0.6203703703703703 0.11614583333333334 0.1814814814814815
4 0.071875 0.09259259259259259 0.0703125 0.17037037037037037
2 0.73125 0.5296296296296297 0.1 0.14814814814814814
3 0.7682291666666666 0.6472222222222223 0.06927083333333334 0.1398148148148148
