6 0.4765625 0.15092592592592594 0.17604166666666668 0.2361111111111111
1 0.5963541666666666 0.25462962962962965 0.10729166666666666 0.25092592592592594
2 0.6546875 0.18888888888888888 0.10260416666666666 0.16944444444444445
3 0.4942708333333333 0.4685185185185185 0.09010416666666667 0.19814814814814816
3 0.5567708333333333 0.11574074074074074 0.06302083333333333 0.14629629629629629
6 0.38177083333333334 0.34444444444444444 0.11979166666666667 0.21574074074074073
6 0.553125 0.3907407407407407 0.1578125 0.25092592592592594
1 0.6880208333333333 0.3416666666666667 0.06614583333333333 0.13703703703703704
1 0.7848958333333333 0.5166666666666667 0.07708333333333334 0.18333333333333332
6 0.38125 0.34074074074074073 0.12135416666666667 0.21481481481481482
6 0.4015625 0.3194444444444444 0.08541666666666667 0.125
7 0.2609375 0.3194444444444444 0.059375 0.12314814814814815
4 0.8692708333333333 0.7027777777777777 0.09270833333333334 0.17314814814814813
4 0.9125 0.11944444444444445 0.09114583333333333 0.2111111111111111
