1 0.3385416666666667 0.46111111111111114 0.1203125 0.2537037037037037
5 0.028645833333333332 0.7194444444444444 0.09166666666666666 0.2388888888888889
2 0.03333333333333333 0.23703703703703705 0.10104166666666667 0.18703703703703703
2 0.4109375 0.225 0.06927083333333334 0.12685185185185185
1 0.4328125 0.20185185185185187 0.04583333333333333 0.10462962962962963
3 0.16770833333333332 0.549074074074074 0.0875 0.14537037037037037
6 0.325 0.5148148148148148 0.13229166666666667 0.2222222222222222
2 0.13645833333333332 0.6055555555555555 0.10729166666666666 0.11481481481481481
4 0.20989583333333334 0.175 0.10729166666666666 0.18888888888888888
1 0.14791666666666667 0.5944444444444444 0.14270833333333333 0.2638888888888889
6 0.052083333333333336 0.6481481481481481 0.12864583333333332 0.21574074074074073
1 0.2677083333333333 0.2814814814814815 0.07864583333333333 0.16944444444444445
