7 0.6828125 0.2 0.0953125 0.16574074074074074
4 0.05572916666666667 0.5842592592592593 0.10052083333333334 0.17037037037037037
6 0.5067708333333333 0.9074074074074074 0.06666666666666667 0.1398148148148148
2 0.5041666666666667 0.6462962962962963 0.11822916666666666 0.17222222222222222
2 0.3265625 0.5990740740740741 0.12708333333333333 0.2101851851851852
4 0.4041666666666667 0.08703703703703704 0.08333333333333333 0.2111111111111111
3 0.4171875 0.9064814814814814 0.04635416666666667 0.1
6 0.3453125 0.8194444444444444 0.10364583333333334 0.18518518518518517
6 0.5510416666666667 0.8166666666666667 0.13385416666666666 0.21944444444444444
2 0.4609375 0.7037037037037037 0.06041666666666667 0.1037037037037037
1 0.26614583333333336 0.5194444444444445 0.09947916666666666 0.2064814814814815
