2 0.7604166666666666 0.4009259259259259 0.09635416666666667 0.12962962962962962
5 0.22708333333333333 0.8296296296296296 0.1859375 0.46574074074074073
4 0.23020833333333332 0.5120370370370371 0.08854166666666667 0.21851851851851853
6 0.6838541666666667 0.019444444444444445 0.07135416666666666 0.1574074074074074
3 0.6307291666666667 0.5611111111111111 0.06822916666666666 0.23333333333333334
7 0.5682291666666667 0.07685185185185185 0.07447916666666667 0.11296296296296296
6 0.6375 0.6759259259259259 0.1 0.18055555555555555
6 0.6994791666666667 0.43796296296296294 0.06458333333333334 0.1111111111111111
4 0.37916666666666665 0.862037037037037 0.07447916666666667 0.19074074074074074
2 0.6145833333333334 0.8166666666666667 0.09583333333333334 0.15185185185185185
2 0.5682291666666667 0.30185185185185187 0.11458333333333333 0.1925925925925926
2 0.6489583333333333 0.20277777777777778 0.0953125 0.15555555555555556
