6 0.21197916666666666 0.06574074074074074 0.12083333333333333 0.24259259259259258
3 0.13333333333333333 0.11574074074074074 0.0578125 0.1398148148148148
6 0.21354166666666666 0.26851851851851855 0.09947916666666666 0.1175925925925926
1 0.0171875 0.7055555555555556 0.10052083333333334 0.1712962962962963
2 0.2390625 0.5064814814814815 0.0734375 0.1425925925925926
2 0.12083333333333333 0.45092592592592595 0.07135416666666666 0.13055555555555556
3 0.1859375 0.38796296296296295 0.053125 0.08518518518518518
3 0.18333333333333332 0.08055555555555556 0.06666666666666667 0.11666666666666667
4 0.365625 0.26944444444444443 0.11666666666666667 0.2111111111111111
3 0.33489583333333334 0.17037037037037037 0.049479166666666664 0.1111111111111111
2 0.24479166666666666 0.09351851851851851 0.09583333333333334 0.1527777777777778
6 0.4046875 0.3074074074074074 0.06197916666666667 0.1361111111111111
2 0.19791666666666666 0.12129629629629629 0.10729166666666666 0.1925925925925926
1 0.11458333333333333 0.425 0.07291666666666667 0.14907407407407408
3 0.12135416666666667 0.19074074074074074 0.04583333333333333 0.13796296296296295
