4 0.5375 0.028703703703703703 0.06145833333333333 0.15185185185185185
6 0.6208333333333333 0.22407407407407406 0.1125 0.2212962962962963
3 0.5604166666666667 0.5712962962962963 0.0578125 0.1287037037037037
5 0.9890625 0.6888888888888889 0.0875 0.2388888888888889
2 0.421875 0.3287037037037037 0.12291666666666666 0.1648148148148148
1 0.6947916666666667 0.18796296296296297 0.10885416666666667 0.2101851851851852
3 0.515625 0.47962962962962963 0.07239583333333334 0.12222222222222222
6 0.5057291666666667 0.37962962962962965 0.12708333333333333 0.21296296296296297
7 0.041666666666666664 0.3212962962962963 0.05625 0.2037037037037037
4 0.9020833333333333 0.3675925925925926 0.10989583333333333 0.20833333333333334
1 0.7328125 0.0712962962962963 0.12708333333333333 0.2740740740740741
