3 0.6302083333333334 0.2490740740740741 0.07552083333333333 0.19907407407407407
2 0.49583333333333335 0.32407407407407407 0.06354166666666666 0.1175925925925926
6 0.6432291666666666 0.35185185185185186 0.12447916666666667 0.20555555555555555
3 0.553125 0.28703703703703703 0.09322916666666667 0.16111111111111112
2 0.7640625 0.14351851851851852 0.12760416666666666 0.15
6 0.621875 0.28888888888888886 0.1578125 0.2740740740740741
3 0.5 0.7555555555555555 0.08802083333333334 0.15925925925925927
6 0.4822916666666667 0.4740740740740741 0.14479166666666668 0.2175925925925926
4 0.2546875 0.04259259259259259 0.059895833333333336 0.17222222222222222
2 0.8666666666666667 0.6462962962962963 0.08177083333333333 0.12962962962962962
