1 0.840625 0.3851851851851852 0.08072916666666667 0.15185185185185185
3 0.9359375 0.7694444444444445 0.0671875 0.15925925925925927
1 0.8552083333333333 0.6555555555555556 0.08020833333333334 0.17407407407407408
3 0.6223958333333334 0.6046296296296296 0.10885416666666667 0.2574074074074074
1 0.9901041666666667 0.46111111111111114 0.09583333333333334 0.21574074074074073
6 0.5916666666666667 0.47962962962962963 0.08020833333333334 0.1537037037037037
5 0.15572916666666667 0.3277777777777778 0.13854166666666667 0.42962962962962964
1 0.6796875 0.38425925925925924 0.0484375 0.11296296296296296
1 0.6223958333333334 0.5009259259259259 0.125 0.2518518518518518
2 0.8729166666666667 0.762962962962963 0.121875 0.25833333333333336
3 0.7026041666666667 0.9981481481481481 0.0390625 0.08981481481481482
1 0.8328125 0.6814814814814815 0.08177083333333333 0.14074074074074075
3 0.9151041666666667 0.7453703703703703 0.07239583333333334 0.17314814814814813
3 0.5369791666666667 0.4166666666666667 0.11875 0.14074074074074075
4 0.640625 0.8814814814814815 0.08385416666666666 0.15925925925925927
