1 0.2942708333333333 0.49444444444444446 0.0953125 0.19166666666666668
2 0.2640625 0.8027777777777778 0.07239583333333334 0.11944444444444445
2 0.5661458333333333 0.35555555555555557 0.06302083333333333 0.11203703703703703
4 0.06302083333333333 0.9342592592592592 0.0875 0.18796296296296297
4 0.6526041666666667 0.24537037037037038 0.06979166666666667 0.1111111111111111
6 0.5723958333333333 0.7481481481481481 0.08072916666666667 0.12037037037037036
1 0.5984375 0.30833333333333335 0.0734375 0.17222222222222222
1 0.4703125 0.6925925925925925 0.08177083333333333 0.1685185185185185
5 0.990625 0.08148148148148149 0.10208333333333333 0.4111111111111111
1 0.3572916666666667 0.6712962962962963 0.07864583333333333 0.14814814814814814
