3 0.18958333333333333 0.7555555555555555 0.03177083333333333 0.09351851851851851
7 0.7416666666666667 0.9842592592592593 0.09583333333333334 0.14814814814814814
3 0.07083333333333333 0.09259259259259259 0.08541666666666667 0.20925925925925926
5 0.5838541666666667 0.9898148148148148 0.23177083333333334 0.49166666666666664
4 0.6098958333333333 0.6731481481481482 0.0984375 0.15648148148148147
4 0.30520833333333336 0.05185185185185185 0.11614583333333334 0.21388888888888888
1 0.171875 0.09814814814814815 0.07291666666666667 0.13425925925925927
2 0.18802083333333333 0.2212962962962963 0.10520833333333333 0.1527777777777778
2 0.19479166666666667 0.3435185185185185 0.11354166666666667 0.17407407407407408
6 0.13229166666666667 0.27314814814814814 0.115625 0.15
