6 0.08489583333333334 0.024074074074074074 0.1125 0.2
6 0.1375 0.30462962962962964 0.14322916666666666 0.19166666666666668
2 0.3177083333333333 0.2037037037037037 0.0671875 0.11851851851851852
3 0.28958333333333336 0.5944444444444444 0.0671875 0.11388888888888889
6 0.16458333333333333 0.3416666666666667 0.14635416666666667 0.22592592592592592
1 0.058333333333333334 0.487962962962963 0.07604166666666666 0.1287037037037037
6 0.09791666666666667 0.924074074074074 0.051041666666666666 0.1
1 0.28229166666666666 0.5509259259259259 0.13177083333333334 0.21944444444444444
2 0.2921875 0.5203703703703704 0.09791666666666667 0.15833333333333333
1 0.10260416666666666 0.612037037037037 0.16354166666666667 0.2935185185185185
1 0.22083333333333333 0.325 0.1046875 0.17407407407407408
1 0.1875 0.41574074074074074 0.1109375 0.1935185185185185
1 0.21770833333333334 0.4185185185185185 0.1203125 0.26944444444444443
5 0.3302083333333333 0.7472222222222222 0.13541666666666666 0.3287037037037037
4 0.7125 0.023148148148148147 0.09479166666666666 0.1685185185185185
3 0.027083333333333334 0.5888888888888889 0.06458333333333334 0.09166666666666666
