3 0.5348958333333333 0.5231481481481481 0.08697916666666666 0.17962962962962964
1 0.31666666666666665 0.3101851851851852 0.08802083333333334 0.1648148148148148
4 0.6864583333333333 0.2212962962962963 0.10104166666666667 0.18055555555555555
3 0.4609375 0.6 0.08072916666666667 0.19166666666666668
2 0.34479166666666666 0.46111111111111114 0.109375 0.15648148148148147
1 0.6255208333333333 0.2851851851851852 0.090625 0.225
1 0.49375 0.46574074074074073 0.0828125 0.17407407407407408
6 0.553125 0.1962962962962963 0.10625 0.19074074074074074
3 0.5578125 0.28425925925925927 0.09635416666666667 0.16018518518518518
2 0.5442708333333334 0.08425925925925926 0.051041666666666666 0.09444444444444444
