2 0.5442708333333334 0.2657407407407407 0.0875 0.14444444444444443
1 0.5510416666666667 0.4722222222222222 0.10989583333333333 0.21944444444444444
5 0.8078125 0.6185185185185185 0.10364583333333334 0.2777777777777778
3 0.49375 0.35648148148148145 0.06041666666666667 0.11574074074074074
2 0.5729166666666666 0.16666666666666666 0.125 0.26666666666666666
2 0.6359375 0.3435185185185185 0.08333333333333333 0.12685185185185185
1 0.4114583333333333 0.46944444444444444 0.10989583333333333 0.20833333333333334
1 0.45989583333333334 0.5546296296296296 0.13489583333333333 0.262037037037037
6 0.4479166666666667 0.8074074074074075 0.07135416666666666 0.12037037037037036
1 0.3723958333333333 0.38425925925925924 0.096875 0.19722222222222222
6 0.3536458333333333 0.887962962962963 0.08645833333333333 0.18611111111111112
