6 0.5755208333333334 0.825925925925926 0.058333333333333334 0.10555555555555556
2 0.3125 0.2212962962962963 0.0890625 0.14074074074074075
3 0.5609375 0.712037037037037 0.084375 0.19537037037037036
3 0.7197916666666667 0.4564814814814815 0.07135416666666666 0.15462962962962962
2 0.6484375 0.6925925925925925 0.0984375 0.15925925925925927
1 0.5875 0.45 0.06302083333333333 0.13240740740740742
2 0.45208333333333334 0.6398148148148148 0.09583333333333334 0.15555555555555556
6 0.584375 0.6981481481481482 0.11770833333333333 0.19722222222222222
2 0.38697916666666665 0.7777777777777778 0.14322916666666666 0.24074074074074073
6 0.4786458333333333 0.17314814814814813 0.16666666666666666 0.24814814814814815
