3 0.5291666666666667 0.3962962962962963 0.06770833333333333 0.14629629629629629
4 0.3703125 0.8148148148148148 0.07604166666666666 0.2037037037037037
2 0.4244791666666667 0.10092592592592593 0.07083333333333333 0.11944444444444445
3 0.4630208333333333 0.2 0.0578125 0.08888888888888889
3 0.4588541666666667 0.5194444444444445 0.071875 0.16018518518518518
2 0.4078125 0.4824074074074074 0.0453125 0.10462962962962963
2 0.6359375 0.4351851851851852 0.1046875 0.1712962962962963
2 0.5015625 0.6990740740740741 0.1140625 0.23981481481481481
2 0.6130208333333333 0.22037037037037038 0.13645833333333332 0.23148148148148148
1 0.6661458333333333 0.6962962962962963 0.115625 0.21481481481481482
4 0.16979166666666667 0.5796296296296296 0.0859375 0.12777777777777777
3 0.48333333333333334 0.26296296296296295 0.07604166666666666 0.10277777777777777
6 0.47604166666666664 0.15555555555555556 0.10572916666666667 0.18333333333333332
