6 0.4666666666666667 0.7907407407407407 0.07916666666666666 0.15462962962962962
2 0.6145833333333334 0.9166666666666666 0.13020833333333334 0.20833333333333334
6 0.40520833333333334 0.6324074074074074 0.06197916666666667 0.13055555555555556
1 0.47708333333333336 0.7759259259259259 0.1390625 0.22962962962962963
3 0.47760416666666666 0.7055555555555556 0.0875 0.11296296296296296
5 0.23854166666666668 0.6277777777777778 0.12552083333333333 0.35185185185185186
2 0.503125 0.6972222222222222 0.09166666666666666 0.14444444444444443
3 0.459375 0.6833333333333333 0.09166666666666666 0.14074074074074075
2 0.5005208333333333 0.9324074074074075 0.058333333333333334 0.09074074074074075
6 0.5171875 0.7657407407407407 0.11197916666666667 0.2037037037037037
6 0.678125 0.612037037037037 0.08645833333333333 0.11203703703703703
