3 0.16041666666666668 0.9462962962962963 0.06614583333333333 0.11388888888888889
3 0.24427083333333333 0.7592592592592593 0.065625 0.15925925925925927
1 0.14895833333333333 0.5824074074074074 0.12395833333333334 0.2953703703703704
1 0.08020833333333334 0.6620370370370371 0.0953125 0.15925925925925927
1 0.4552083333333333 0.65 0.07916666666666666 0.16666666666666666
6 0.32395833333333335 0.3731481481481482 0.1140625 0.20833333333333334
6 0.06875 0.775 0.1390625 0.26666666666666666
1 0.17916666666666667 0.34629629629629627 0.13333333333333333 0.23055555555555557
2 0.3359375 0.43796296296296294 0.10989583333333333 0.15092592592592594
2 0.21927083333333333 0.3453703703703704 0.05 0.07962962962962963
6 0.2760416666666667 0.6240740740740741 0.12135416666666667 0.16111111111111112
6 0.2552083333333333 0.4074074074074074 0.14166666666666666 0.27314814814814814
1 0.33541666666666664 0.6601851851851852 0.1 0.2111111111111111
