2 0.5380208333333333 0.5805555555555556 0.09479166666666666 0.15925925925925927
3 0.7609375 0.7361111111111112 0.046875 0.08425925925925926
2 0.6109375 0.7398148148148148 0.12604166666666666 0.24814814814814815
4 0.7901041666666667 0.7203703703703703 0.09739583333333333 0.1638888888888889
2 0.5927083333333333 0.6175925925925926 0.09791666666666667 0.17962962962962964
5 0.45208333333333334 0.29907407407407405 0.14270833333333333 0.3101851851851852
6 0.5260416666666666 0.7462962962962963 0.06458333333333334 0.11574074074074074
1 0.7510416666666667 0.6305555555555555 0.05677083333333333 0.13518518518518519
3 0.7817708333333333 0.2814814814814815 0.0859375 0.16666666666666666
1 0.6546875 0.5444444444444444 0.0703125 0.1388888888888889
