3 0.4713541666666667 0.8342592592592593 0.08229166666666667 0.18518518518518517
6 0.5026041666666666 0.9055555555555556 0.125 0.14629629629629629
3 0.5239583333333333 0.425 0.0859375 0.14537037037037037
1 0.43645833333333334 0.26296296296296295 0.042708333333333334 0.10740740740740741
3 0.5583333333333333 0.8916666666666667 0.08020833333333334 0.12037037037037036
3 0.5859375 0.46296296296296297 0.06979166666666667 0.15
3 0.6130208333333333 0.32037037037037036 0.05677083333333333 0.14444444444444443
1 0.5807291666666666 0.3287037037037037 0.0671875 0.175
1 0.5130208333333334 0.7277777777777777 0.08489583333333334 0.17037037037037037
6 0.5635416666666667 0.15648148148148147 0.11354166666666667 0.17037037037037037
6 0.5583333333333333 0.5601851851851852 0.15052083333333333 0.2601851851851852
3 0.6932291666666667 0.5277777777777778 0.050520833333333334 0.08796296296296297
3 0.709375 0.36666666666666664 0.04739583333333333 0.1
