2 0.09322916666666667 0.39166666666666666 0.08541666666666667 0.17037037037037037
4 0.6682291666666667 0.4546296296296296 0.08489583333333334 0.18796296296296297
1 0.115625 0.35648148148148145 0.08125 0.17407407407407408
1 0.3541666666666667 0.06944444444444445 0.075 0.175
3 0.049479166666666664 0.5175925925925926 0.050520833333333334 0.11203703703703703
4 0.5854166666666667 0.5314814814814814 0.07083333333333333 0.18888888888888888
5 0.5661458333333333 0.2824074074074074 0.16666666666666666 0.3990740740740741
1 0.15520833333333334 0.7 0.0828125 0.19907407407407407
3 0.0890625 0.5194444444444445 0.08333333333333333 0.12962962962962962
6 0.2796875 0.04722222222222222 0.0671875 0.11203703703703703
3 0.3265625 0.5083333333333333 0.036458333333333336 0.09907407407407408
3 0.20989583333333334 0.3388888888888889 0.06145833333333333 0.13703703703703704
1 0.215625 0.44166666666666665 0.05625 0.13703703703703704
1 0.11875 0.6648148148148149 0.08645833333333333 0.18796296296296297
6 0.021354166666666667 0.5583333333333333 0.0703125 0.10648148148148148
