2 0.6 0.2972222222222222 0.06510416666666667 0.14907407407407408
2 0.5244791666666667 0.48703703703703705 0.07447916666666667 0.14074074074074075
3 0.47291666666666665 0.30925925925925923 0.07395833333333333 0.18796296296296297
4 0.6927083333333334 0.9583333333333334 0.0921875 0.14722222222222223
3 0.45364583333333336 0.4861111111111111 0.050520833333333334 0.1111111111111111
6 0.6046875 0.32685185185185184 0.16197916666666667 0.20462962962962963
2 0.2109375 0.025 0.09114583333333333 0.17222222222222222
3 0.715625 0.25 0.059895833333333336 0.10740740740740741
1 0.38697916666666665 0.08981481481481482 0.0625 0.1111111111111111
5 0.5895833333333333 0.35833333333333334 0.11510416666666666 0.3435185185185185
1 0.553125 0.25 0.084375 0.18425925925925926
6 0.42291666666666666 0.25833333333333336 0.084375 0.15555555555555556
