3 0.22552083333333334 0.8083333333333333 0.05625 0.12222222222222222
1 0.37552083333333336 0.8555555555555555 0.059895833333333336 0.12777777777777777
2 0.4234375 0.7222222222222222 0.05416666666666667 0.08518518518518518
3 0.20208333333333334 0.5148148148148148 0.03333333333333333 0.06388888888888888
4 0.11614583333333334 0.2601851851851852 0.0796875 0.21203703703703702
1 0.18072916666666666 0.5101851851851852 0.1078125 0.2175925925925926
2 0.11614583333333334 0.799074074074074 0.071875 0.1361111111111111
2 0.21302083333333333 0.5277777777777778 0.09322916666666667 0.14722222222222223
3 0.24010416666666667 0.4666666666666667 0.059375 0.1388888888888889
6 0.29583333333333334 0.5814814814814815 0.18645833333333334 0.3277777777777778
3 0.1890625 0.7351851851851852 0.03854166666666667 0.0824074074074074
3 0.203125 0.6953703703703704 0.1 0.14629629629629629
2 0.2947916666666667 0.9583333333333334 0.059375 0.09722222222222222
