6 0.47760416666666666 0.45 0.0953125 0.2101851851851852
3 0.4046875 0.36944444444444446 0.04010416666666667 0.09722222222222222
4 0.2125 0.49166666666666664 0.06666666666666667 0.19814814814814816
6 0.4375 0.08518518518518518 0.09270833333333334 0.16018518518518518
4 0.7166666666666667 0.8722222222222222 0.1 0.18888888888888888
7 0.4859375 0.8277777777777777 0.07916666666666666 0.17685185185185184
2 0.27760416666666665 0.5435185185185185 0.075 0.1037037037037037
1 0.32708333333333334 0.7268518518518519 0.13177083333333334 0.2638888888888889
1 0.5119791666666667 0.5546296296296296 0.06770833333333333 0.1361111111111111
5 0.6354166666666666 0.9490740740740741 0.1734375 0.5361111111111111
