6 0.8208333333333333 0.6194444444444445 0.1296875 0.21574074074074073
2 0.7 0.07407407407407407 0.09427083333333333 0.1527777777777778
4 0.7317708333333334 0.4425925925925926 0.1078125 0.15185185185185185
6 0.690625 0.44537037037037036 0.06927083333333334 0.16203703703703703
2 0.6895833333333333 0.125 0.08645833333333333 0.12962962962962962
3 0.675 0.28055555555555556 0.06197916666666667 0.11203703703703703
6 0.696875 0.6166666666666667 0.1328125 0.2388888888888889
3 0.7359375 0.262037037037037 0.05 0.10185185185185185
2 0.5755208333333334 0.13055555555555556 0.09427083333333333 0.13055555555555556
4 0.07864583333333333 0.23425925925925925 0.11354166666666667 0.25092592592592594
6 0.75 0.10555555555555556 0.14270833333333333 0.25277777777777777
3 0.5026041666666666 0.35185185185185186 0.0796875 0.10648148148148148
3 0.7296875 0.31296296296296294 0.0640625 0.10092592592592593
7 0.06354166666666666 0.07777777777777778 0.0671875 0.1685185185185185
