6 0.5630208333333333 0.42777777777777776 0.10520833333333333 0.17407407407407408
2 0.603125 0.3648148148148148 0.08125 0.1712962962962963
3 0.83125 0.7981481481481482 0.12864583333333332 0.15833333333333333
6 0.5864583333333333 0.5888888888888889 0.0984375 0.17037037037037037
2 0.7984375 0.27314814814814814 0.12135416666666667 0.18055555555555555
6 0.7838541666666666 0.27314814814814814 0.14114583333333333 0.17407407407407408
1 0.7765625 0.5324074074074074 0.14479166666666668 0.24814814814814815
6 0.5880208333333333 0.4722222222222222 0.14583333333333334 0.2638888888888889
1 0.703125 0.6601851851851852 0.052083333333333336 0.1175925925925926
1 0.5166666666666667 0.4287037037037037 0.09322916666666667 0.19444444444444445
3 0.7317708333333334 0.4287037037037037 0.06666666666666667 0.1175925925925926
3 0.79375 0.6537037037037037 0.059895833333333336 0.11481481481481481
