2 0.2546875 0.2777777777777778 0.13072916666666667 0.17314814814814813
3 0.16302083333333334 0.3611111111111111 0.07395833333333333 0.16111111111111112
5 0.34010416666666665 0.45925925925925926 0.15625 0.3925925925925926
1 0.096875 0.22777777777777777 0.09635416666666667 0.1935185185185185
3 0.0421875 0.2898148148148148 0.08541666666666667 0.2
3 0.253125 0.4787037037037037 0.07552083333333333 0.18981481481481483
1 0.19895833333333332 0.649074074074074 0.1140625 0.21388888888888888
1 0.25416666666666665 0.6555555555555556 0.11458333333333333 0.225
6 0.13125 0.5203703703703704 0.178125 0.2574074074074074
2 0.3125 0.15462962962962962 0.13072916666666667 0.17685185185185184
2 0.1453125 0.28055555555555556 0.06614583333333333 0.1037037037037037
3 0.13020833333333334 0.8212962962962963 0.07916666666666666 0.12129629629629629
3 0.5213541666666667 0.7490740740740741 0.09114583333333333 0.2
