3 0.9171875 0.8611111111111112 0.11041666666666666 0.19907407407407407
6 0.9734375 0.30092592592592593 0.08541666666666667 0.18518518518518517
3 0.646875 0.6083333333333333 0.05625 0.06851851851851852
3 0.8411458333333334 0.3685185185185185 0.0625 0.10648148148148148
6 0.8234375 0.737037037037037 0.09791666666666667 0.14814814814814814
4 0.7270833333333333 0.5657407407407408 0.058854166666666666 0.14907407407407408
2 0.7833333333333333 0.6046296296296296 0.10416666666666667 0.16203703703703703
1 0.6661458333333333 0.6259259259259259 0.09375 0.2351851851851852
4 0.17083333333333334 0.44907407407407407 0.08333333333333333 0.22592592592592592
1 0.70625 0.5861111111111111 0.05364583333333333 0.08981481481481482
2 0.8401041666666667 0.7027777777777777 0.08541666666666667 0.13148148148148148
