3 0.37864583333333335 0.5944444444444444 0.09166666666666666 0.1685185185185185
2 0.27447916666666666 0.6166666666666667 0.07916666666666666 0.11851851851851852
2 0.1453125 0.4824074074074074 0.05677083333333333 0.09722222222222222
6 0.48125 0.8342592592592593 0.12916666666666668 0.19814814814814816
5 0.6494791666666667 0.762962962962963 0.075 0.2175925925925926
6 0.3640625 0.49537037037037035 0.14375 0.19907407407407407
4 0.42239583333333336 0.7351851851851852 0.0375 0.17685185185185184
4 0.6244791666666667 0.7824074074074074 0.0890625 0.15648148148148147
3 0.3484375 0.8638888888888889 0.10260416666666666 0.20555555555555555
2 0.234375 0.6907407407407408 0.12708333333333333 0.2462962962962963
