3 0.7739583333333333 0.4777777777777778 0.08489583333333334 0.13055555555555556
3 0.91875 0.7287037037037037 0.06458333333333334 0.14722222222222223
3 0.8098958333333334 0.9861111111111112 0.1109375 0.19722222222222222
1 0.9322916666666666 0.44166666666666665 0.09166666666666666 0.19074074074074074
1 0.8260416666666667 0.8601851851851852 0.10416666666666667 0.2212962962962963
3 0.7625 0.29444444444444445 0.0578125 0.19166666666666668
6 0.5197916666666667 0.9712962962962963 0.125 0.2111111111111111
6 0.7984375 0.3037037037037037 0.08020833333333334 0.2037037037037037
6 0.828125 0.4398148148148148 0.08229166666666667 0.14629629629629629
3 0.8546875 0.8916666666666667 0.07239583333333334 0.23796296296296296
6 0.7104166666666667 0.40370370370370373 0.09427083333333333 0.12222222222222222
6 0.8473958333333333 0.8833333333333333 0.13125 0.2722222222222222
3 0.8729166666666667 0.7527777777777778 0.05364583333333333 0.09444444444444444
