3 0.41041666666666665 0.2972222222222222 0.06041666666666667 0.08333333333333333
3 0.4036458333333333 0.6555555555555556 0.036458333333333336 0.08148148148148149
2 0.5177083333333333 0.1 0.059895833333333336 0.09166666666666666
2 0.2557291666666667 0.7546296296296297 0.07552083333333333 0.13425925925925927
6 0.5182291666666666 0.587037037037037 0.10208333333333333 0.1638888888888889
4 0.259375 0.8185185185185185 0.0875 0.1648148148148148
4 0.5166666666666667 0.42962962962962964 0.10364583333333334 0.17777777777777778
2 0.34010416666666665 0.5305555555555556 0.057291666666666664 0.1111111111111111
2 0.24010416666666667 0.43148148148148147 0.06354166666666666 0.10555555555555556
3 0.4588541666666667 0.47129629629629627 0.121875 0.29074074074074074
