5 0.07708333333333334 0.11388888888888889 0.09635416666666667 0.2861111111111111
1 0.578125 0.7092592592592593 0.06666666666666667 0.14074074074074075
3 0.296875 0.9518518518518518 0.07760416666666667 0.17962962962962964
1 0.4432291666666667 0.6685185185185185 0.09270833333333334 0.1925925925925926
2 0.4510416666666667 0.5333333333333333 0.08489583333333334 0.1962962962962963
4 0.5338541666666666 0.43425925925925923 0.08020833333333334 0.21388888888888888
2 0.32395833333333335 0.6092592592592593 0.06458333333333334 0.09259259259259259
6 0.33177083333333335 0.6657407407407407 0.075 0.15092592592592594
6 0.49947916666666664 0.4759259259259259 0.15520833333333334 0.24537037037037038
1 0.39427083333333335 0.48333333333333334 0.07864583333333333 0.1537037037037037
4 0.6791666666666667 0.6185185185185185 0.09947916666666666 0.14351851851851852
2 0.5765625 0.2972222222222222 0.1203125 0.19537037037037036
1 0.1015625 0.35833333333333334 0.06041666666666667 0.11481481481481481
6 0.1875 0.6416666666666667 0.08020833333333334 0.13148148148148148
