4 0.825 0.29907407407407405 0.08385416666666666 0.1574074074074074
1 0.8322916666666667 0.5805555555555556 0.11197916666666667 0.2833333333333333
1 0.6145833333333334 0.23055555555555557 0.08385416666666666 0.14814814814814814
1 0.8114583333333333 0.9222222222222223 0.06458333333333334 0.14722222222222223
6 0.9875 0.825 0.1171875 0.2759259259259259
4 0.5619791666666667 0.7796296296296297 0.0953125 0.2
6 0.7854166666666667 0.7916666666666666 0.16458333333333333 0.3148148148148148
1 0.6848958333333334 0.5027777777777778 0.0875 0.21666666666666667
7 0.08489583333333334 0.262037037037037 0.08020833333333334 0.13518518518518519
3 0.6515625 0.7324074074074074 0.08489583333333334 0.12037037037037036
6 0.725 0.4962962962962963 0.140625 0.24166666666666667
6 0.784375 0.15185185185185185 0.17760416666666667 0.2962962962962963
2 0.9203125 0.512962962962963 0.096875 0.1675925925925926
