2 0.5234375 0.4101851851851852 0.12760416666666666 0.175
2 0.2125 0.22962962962962963 0.11770833333333333 0.17777777777777778
6 0.403125 0.6342592592592593 0.06770833333333333 0.12222222222222222
3 0.40572916666666664 0.7472222222222222 0.07447916666666667 0.14444444444444443
4 0.9541666666666667 0.13055555555555556 0.1 0.17592592592592593
2 0.5463541666666667 0.5944444444444444 0.06197916666666667 0.07962962962962963
3 0.2390625 0.5222222222222223 0.042708333333333334 0.09166666666666666
3 0.39375 0.4537037037037037 0.07083333333333333 0.1574074074074074
6 0.46770833333333334 0.4824074074074074 0.11927083333333334 0.24444444444444444
3 0.36875 0.37962962962962965 0.09895833333333333 0.2037037037037037
2 0.4010416666666667 0.9083333333333333 0.07760416666666667 0.1175925925925926
3 0.484375 0.37222222222222223 0.078125 0.17777777777777778
6 0.38125 0.3194444444444444 0.057291666666666664 0.15
