4 0.8390625 0.5592592592592592 0.0828125 0.1574074074074074
3 0.55 0.6342592592592593 0.06979166666666667 0.14722222222222223
1 0.7776041666666667 0.6212962962962963 0.13697916666666668 0.23981481481481481
1 0.5755208333333334 0.9861111111111112 0.05520833333333333 0.12407407407407407
2 0.8182291666666667 0.2574074074074074 0.07239583333333334 0.12314814814814815
3 0.71875 0.36018518518518516 0.1078125 0.16944444444444445
6 0.5703125 0.4888888888888889 0.1328125 0.1962962962962963
1 0.7130208333333333 0.49537037037037035 0.07291666666666667 0.13240740740740742
4 0.0609375 0.6027777777777777 0.0625 0.17314814814814813
1 0.5270833333333333 0.4648148148148148 0.05416666666666667 0.12314814814814815
6 0.5984375 0.7037037037037037 0.05625 0.12685185185185185
7 0.49895833333333334 0.6907407407407408 0.0921875 0.1787037037037037
3 0.5541666666666667 0.375 0.06927083333333334 0.15
6 0.7458333333333333 0.4 0.13489583333333333 0.28888888888888886
3 0.6755208333333333 0.5481481481481482 0.08958333333333333 0.13425925925925927
6 0.6317708333333333 0.5537037037037037 0.1125 0.14537037037037037
