7 0.4630208333333333 0.2490740740740741 0.10260416666666666 0.17592592592592593
4 0.9505208333333334 0.4324074074074074 0.0984375 0.14351851851851852
1 0.3375 0.5074074074074074 0.05625 0.11018518518518519
1 0.44166666666666665 0.36666666666666664 0.13125 0.25092592592592594
3 0.4171875 0.3 0.0484375 0.07314814814814814
6 0.28958333333333336 0.4185185185185185 0.06614583333333333 0.09907407407407408
3 0.3223958333333333 0.47685185185185186 0.06302083333333333 0.08148148148148149
2 0.40520833333333334 0.6953703703703704 0.1 0.14629629629629629
4 0.34375 0.3685185185185185 0.08541666666666667 0.19722222222222222
5 0.30885416666666665 0.8675925925925926 0.25677083333333334 0.5842592592592593
