1 0.3515625 0.0824074074074074 0.10833333333333334 0.18055555555555555
1 0.4078125 0.2759259259259259 0.06770833333333333 0.14722222222222223
1 0.37604166666666666 0.02962962962962963 0.14427083333333332 0.29444444444444445
2 0.4484375 0.262037037037037 0.05260416666666667 0.09166666666666666
1 0.3296875 0.27037037037037037 0.08125 0.17777777777777778
3 0.28125 0.13055555555555556 0.0921875 0.1527777777777778
5 0.8854166666666666 0.8416666666666667 0.10572916666666667 0.287962962962963
6 0.5973958333333333 0.18888888888888888 0.14114583333333333 0.20462962962962963
2 0.3015625 0.337037037037037 0.13489583333333333 0.2712962962962963
6 0.4546875 0.4 0.115625 0.22962962962962963
6 0.5401041666666667 0.5074074074074074 0.11822916666666666 0.1935185185185185
6 0.5213541666666667 0.14537037037037037 0.15416666666666667 0.2814814814814815
1 0.21927083333333333 0.3296296296296296 0.11822916666666666 0.28425925925925927
