2 0.21979166666666666 0.4962962962962963 0.10833333333333334 0.2351851851851852
3 0.37552083333333336 0.5074074074074074 0.046875 0.11944444444444445
2 0.3625 0.7138888888888889 0.09375 0.1175925925925926
2 0.29791666666666666 0.5638888888888889 0.134375 0.24074074074074073
1 0.34322916666666664 0.4101851851851852 0.057291666666666664 0.13240740740740742
6 0.33125 0.537962962962963 0.10833333333333334 0.1685185185185185
1 0.471875 0.3074074074074074 0.12135416666666667 0.24722222222222223
7 0.4869791666666667 0.016666666666666666 0.09010416666666667 0.20092592592592592
4 0.47604166666666664 0.2972222222222222 0.0953125 0.1814814814814815
3 0.24739583333333334 0.799074074074074 0.06041666666666667 0.07407407407407407
3 0.23020833333333332 0.32314814814814813 0.04479166666666667 0.09166666666666666
1 0.1796875 0.6787037037037037 0.103125 0.24351851851851852
6 0.18385416666666668 0.1712962962962963 0.08125 0.14722222222222223
4 0.4161458333333333 0.8953703703703704 0.06822916666666666 0.1814814814814815
6 0.2989583333333333 0.6583333333333333 0.08541666666666667 0.13055555555555556
3 0.31875 0.8675925925925926 0.08541666666666667 0.19537037037037036
