4 0.8921875 0.525 0.06197916666666667 0.19444444444444445
6 0.058854166666666666 0.6018518518518519 0.053125 0.1037037037037037
5 0.2552083333333333 0.9037037037037037 0.0796875 0.23333333333333334
4 0.2421875 0.7296296296296296 0.084375 0.19814814814814816
1 0.20104166666666667 0.9472222222222222 0.103125 0.18981481481481483
6 0.18177083333333333 0.7175925925925926 0.09166666666666666 0.14444444444444443
6 0.4005208333333333 0.4722222222222222 0.10572916666666667 0.16203703703703703
6 0.10625 0.5166666666666667 0.09322916666666667 0.19907407407407407
2 0.058333333333333334 0.787962962962963 0.04635416666666667 0.10648148148148148
1 0.19010416666666666 0.3972222222222222 0.12604166666666666 0.20833333333333334
