1 0.7161458333333334 0.7657407407407407 0.1140625 0.23703703703703705
2 0.7276041666666667 0.4361111111111111 0.115625 0.1935185185185185
6 0.8171875 0.6712962962962963 0.0796875 0.12962962962962962
2 0.7375 0.7435185185185185 0.13177083333333334 0.1675925925925926
1 0.7651041666666667 0.48518518518518516 0.15104166666666666 0.2722222222222222
3 0.5921875 0.8555555555555555 0.10677083333333333 0.1398148148148148
6 0.8744791666666667 0.4888888888888889 0.1296875 0.21944444444444444
4 0.5463541666666667 0.6731481481481482 0.065625 0.2175925925925926
2 0.6697916666666667 0.9925925925925926 0.1265625 0.17962962962962964
5 0.3359375 0.014814814814814815 0.19739583333333333 0.5194444444444445
3 0.8083333333333333 0.6555555555555556 0.049479166666666664 0.08333333333333333
