3 0.5130208333333334 0.37037037037037035 0.06145833333333333 0.11018518518518519
6 0.5635416666666667 0.5018518518518519 0.13229166666666667 0.21388888888888888
2 0.5770833333333333 0.2953703703703704 0.06145833333333333 0.07407407407407407
2 0.6109375 0.43148148148148147 0.08177083333333333 0.13055555555555556
6 0.44166666666666665 0.43425925925925923 0.1421875 0.24166666666666667
3 0.6432291666666666 0.6037037037037037 0.09166666666666666 0.12037037037037036
5 0.13645833333333332 0.9935185185185185 0.09895833333333333 0.4222222222222222
1 0.39739583333333334 0.14351851851851852 0.084375 0.1425925925925926
2 0.6140625 0.19722222222222222 0.11927083333333334 0.2175925925925926
4 0.10104166666666667 0.17592592592592593 0.09739583333333333 0.1935185185185185
3 0.565625 0.39537037037037037 0.0671875 0.1361111111111111
2 0.5708333333333333 0.38055555555555554 0.06875 0.11481481481481481
4 0.403125 0.7694444444444445 0.0875 0.12407407407407407
1 0.32395833333333335 0.5703703703703704 0.09010416666666667 0.17592592592592593
7 0.86875 0.6518518518518519 0.08541666666666667 0.1787037037037037
6 0.6234375 0.21666666666666667 0.13802083333333334 0.25277777777777777
