6 0.4161458333333333 0.9314814814814815 0.05625 0.10555555555555556
2 0.6859375 0.38055555555555554 0.08541666666666667 0.18611111111111112
6 0.5973958333333333 0.5351851851851852 0.15052083333333333 0.262037037037037
6 0.39791666666666664 0.4074074074074074 0.13125 0.26666666666666666
2 0.5645833333333333 0.6481481481481481 0.075 0.1111111111111111
3 0.5604166666666667 0.42685185185185187 0.07135416666666666 0.1388888888888889
4 0.5895833333333333 0.32685185185185184 0.11927083333333334 0.13240740740740742
2 0.3671875 0.85 0.07395833333333333 0.13055555555555556
2 0.4942708333333333 0.5342592592592592 0.11822916666666666 0.1685185185185185
1 0.5447916666666667 0.5027777777777778 0.11197916666666667 0.2175925925925926
3 0.6213541666666667 0.6212962962962963 0.08385416666666666 0.18333333333333332
4 0.259375 0.39537037037037037 0.07708333333333334 0.19166666666666668
6 0.5380208333333333 0.5509259259259259 0.14322916666666666 0.2101851851851852
