1 0.225 0.5731481481481482 0.09947916666666666 0.22037037037037038
1 0.153125 0.6944444444444444 0.10052083333333334 0.19537037037037036
6 0.1953125 0.40370370370370373 0.090625 0.14814814814814814
3 0.30052083333333335 0.725 0.08072916666666667 0.17314814814814813
6 0.24635416666666668 0.6861111111111111 0.1171875 0.1962962962962963
3 0.21770833333333334 0.7194444444444444 0.09166666666666666 0.17222222222222222
4 0.7239583333333334 0.3101851851851852 0.071875 0.22962962962962963
2 0.378125 0.6925925925925925 0.05416666666666667 0.10740740740740741
6 0.23541666666666666 0.7555555555555555 0.12135416666666667 0.21203703703703702
7 0.9375 0.2537037037037037 0.04635416666666667 0.1361111111111111
6 0.23177083333333334 0.5564814814814815 0.06927083333333334 0.12314814814814815
6 0.31614583333333335 0.4101851851851852 0.121875 0.2351851851851852
1 0.1890625 0.8296296296296296 0.07447916666666667 0.16018518518518518
4 0.4708333333333333 0.6064814814814815 0.096875 0.14814814814814814
6 0.10625 0.39814814814814814 0.14635416666666667 0.24537037037037038
6 0.31354166666666666 0.9268518518518518 0.1296875 0.24074074074074073
