7 0.3359375 0.5787037037037037 0.07395833333333333 0.1962962962962963
5 0.83125 0.7148148148148148 0.12604166666666666 0.3453703703703704
1 0.571875 0.4388888888888889 0.09635416666666667 0.1925925925925926
2 0.4953125 0.4722222222222222 0.10572916666666667 0.1361111111111111
6 0.759375 0.7157407407407408 0.08854166666666667 0.14907407407407408
6 0.5661458333333333 0.3925925925925926 0.19427083333333334 0.29259259259259257
2 0.6692708333333334 0.45555555555555555 0.07604166666666666 0.12129629629629629
3 0.5776041666666667 0.5898148148148148 0.057291666666666664 0.09722222222222222
4 0.7145833333333333 0.12407407407407407 0.0984375 0.175
3 0.7510416666666667 0.31574074074074077 0.058333333333333334 0.11296296296296296
6 0.40520833333333334 0.9166666666666666 0.07552083333333333 0.1361111111111111
2 0.6208333333333333 0.6314814814814815 0.08541666666666667 0.15925925925925927
1 0.5255208333333333 0.3277777777777778 0.10208333333333333 0.24444444444444444
1 0.49635416666666665 0.6111111111111112 0.07864583333333333 0.15462962962962962
4 0.025 0.3731481481481482 0.08802083333333334 0.2037037037037037
