6 0.5520833333333334 0.649074074074074 0.11197916666666667 0.19166666666666668
7 0.2375 0.1537037037037037 0.058854166666666666 0.14814814814814814
5 0.08229166666666667 0.8490740740740741 0.19114583333333332 0.3907407407407407
1 0.7432291666666667 0.7138888888888889 0.059375 0.125
3 0.6192708333333333 0.5 0.0609375 0.12037037037037036
6 0.6958333333333333 0.4398148148148148 0.1078125 0.15925925925925927
3 0.45364583333333336 0.23055555555555557 0.046875 0.0712962962962963
2 0.4640625 0.8907407407407407 0.08125 0.15185185185185185
4 0.06197916666666667 0.006481481481481481 0.0671875 0.18981481481481483
2 0.43333333333333335 0.6287037037037037 0.057291666666666664 0.08703703703703704
3 0.4473958333333333 0.5824074074074074 0.10364583333333334 0.18518518518518517
2 0.5651041666666666 0.4777777777777778 0.10729166666666666 0.17962962962962964
2 0.3729166666666667 0.4601851851851852 0.11041666666666666 0.1685185185185185
4 0.528125 0.31851851851851853 0.09322916666666667 0.18055555555555555
2 0.5166666666666667 0.6666666666666666 0.1109375 0.18333333333333332
3 0.7994791666666666 0.7898148148148149 0.06041666666666667 0.16666666666666666
