2 0.4239583333333333 0.6537037037037037 0.140625 0.22777777777777777
2 0.66875 0.1787037037037037 0.1109375 0.2037037037037037
7 0.396875 0.4111111111111111 0.1 0.1787037037037037
4 0.7427083333333333 0.8092592592592592 0.06770833333333333 0.17037037037037037
2 0.390625 0.7231481481481481 0.09114583333333333 0.1425925925925926
1 0.23177083333333334 0.03796296296296296 0.1203125 0.24537037037037038
3 0.4484375 0.45925925925925926 0.09427083333333333 0.16574074074074074
4 0.69375 0.5435185185185185 0.08177083333333333 0.20833333333333334
3 0.5416666666666666 0.5907407407407408 0.046875 0.1111111111111111
6 0.4588541666666667 0.587037037037037 0.10833333333333334 0.23425925925925925
2 0.5994791666666667 0.6620370370370371 0.08333333333333333 0.1787037037037037
2 0.45416666666666666 0.4842592592592593 0.1328125 0.2111111111111111
