3 0.59375 0.6111111111111112 0.0828125 0.17777777777777778
6 0.46041666666666664 0.4398148148148148 0.07708333333333334 0.1388888888888889
6 0.5145833333333333 0.10462962962962963 0.09270833333333334 0.16203703703703703
5 0.58125 0.9953703703703703 0.1375 0.3972222222222222
3 0.6671875 0.6685185185185185 0.0859375 0.15092592592592594
6 0.5442708333333334 0.6805555555555556 0.0625 0.15
1 0.5723958333333333 0.41759259259259257 0.11979166666666667 0.2675925925925926
6 0.6479166666666667 0.2175925925925926 0.08541666666666667 0.16296296296296298
6 0.8494791666666667 0.4527777777777778 0.12135416666666667 0.22777777777777777
3 0.5807291666666666 0.25462962962962965 0.08177083333333333 0.21851851851851853
1 0.6817708333333333 0.7962962962962963 0.057291666666666664 0.1259259259259259
1 0.65625 0.37777777777777777 0.0875 0.18981481481481483
6 0.3963541666666667 0.13148148148148148 0.109375 0.20833333333333334
