4 0.7223958333333333 0.125 0.0875 0.22870370370370371
6 0.6161458333333333 0.38796296296296295 0.11041666666666666 0.1675925925925926
4 0.5130208333333334 0.9916666666666667 0.08125 0.2111111111111111
6 0.6520833333333333 0.1111111111111111 0.06458333333333334 0.0787037037037037
2 0.7244791666666667 0.18518518518518517 0.06458333333333334 0.10277777777777777
3 0.5932291666666667 0.3638888888888889 0.09947916666666666 0.1574074074074074
1 0.7661458333333333 0.14444444444444443 0.1265625 0.25833333333333336
2 0.8046875 0.3296296296296296 0.07239583333333334 0.11203703703703703
3 0.9328125 0.4546296296296296 0.0875 0.16018518518518518
6 0.6942708333333333 0.5425925925925926 0.12395833333333334 0.2074074074074074
1 0.8765625 0.13055555555555556 0.11979166666666667 0.20092592592592592
