4 0.7255208333333333 0.8277777777777777 0.071875 0.18055555555555555
5 0.6328125 0.9231481481481482 0.14270833333333333 0.43796296296296294
6 0.26614583333333336 0.5407407407407407 0.11510416666666666 0.17685185185185184
1 0.18697916666666667 0.31296296296296294 0.08125 0.14907407407407408
3 0.052083333333333336 0.12129629629629629 0.07239583333333334 0.1
3 0.303125 0.6962962962962963 0.07708333333333334 0.13425925925925927
3 0.26197916666666665 0.3472222222222222 0.057291666666666664 0.1175925925925926
7 0.8161458333333333 0.13333333333333333 0.053125 0.15462962962962962
6 0.22239583333333332 0.6194444444444445 0.10416666666666667 0.20555555555555555
4 0.8328125 0.12962962962962962 0.09270833333333334 0.17314814814814813
6 0.3078125 0.2722222222222222 0.08385416666666666 0.14537037037037037
3 0.25625 0.524074074074074 0.050520833333333334 0.1287037037037037
1 0.2546875 0.3425925925925926 0.07135416666666666 0.12129629629629629
1 0.3328125 0.3685185185185185 0.12604166666666666 0.2175925925925926
3 0.2791666666666667 0.362962962962963 0.08697916666666666 0.11203703703703703
3 0.5375 0.5444444444444444 0.06875 0.15833333333333333
6 0.31875 0.6583333333333333 0.109375 0.1675925925925926
1 0.22708333333333333 0.6916666666666667 0.11302083333333333 0.21666666666666667
