2 0.23072916666666668 0.6101851851851852 0.06927083333333334 0.11296296296296296
4 0.6760416666666667 0.30185185185185187 0.10520833333333333 0.20092592592592592
3 0.375 0.6944444444444444 0.043229166666666666 0.10185185185185185
6 0.24427083333333333 0.5055555555555555 0.096875 0.12685185185185185
6 0.14635416666666667 0.4703703703703704 0.12708333333333333 0.19444444444444445
6 0.43333333333333335 0.2777777777777778 0.17291666666666666 0.2537037037037037
1 0.309375 0.7046296296296296 0.06614583333333333 0.19537037037037036
1 0.3927083333333333 0.5601851851851852 0.1265625 0.2796296296296296
6 0.3546875 0.5685185185185185 0.0796875 0.13240740740740742
3 0.3260416666666667 0.6 0.07447916666666667 0.10648148148148148
6 0.4166666666666667 0.36666666666666664 0.08072916666666667 0.12777777777777777
3 0.2828125 0.41574074074074074 0.09635416666666667 0.2175925925925926
5 0.5833333333333334 0.674074074074074 0.20364583333333333 0.4638888888888889
4 0.10208333333333333 0.8305555555555556 0.07447916666666667 0.1685185185185185
2 0.24635416666666668 0.6314814814814815 0.125 0.21666666666666667
