2 0.7401041666666667 0.2111111111111111 0.057291666666666664 0.12222222222222222
1 0.6265625 0.49537037037037035 0.12604166666666666 0.24074074074074073
6 0.7010416666666667 0.5833333333333334 0.11822916666666666 0.2537037037037037
4 0.7520833333333333 0.0962962962962963 0.084375 0.19537037037037036
2 0.5557291666666667 0.7194444444444444 0.08958333333333333 0.16296296296296298
6 0.7869791666666667 0.36944444444444446 0.08229166666666667 0.14074074074074075
3 0.50625 0.7305555555555555 0.07604166666666666 0.10277777777777777
6 0.7286458333333333 0.387037037037037 0.07604166666666666 0.13518518518518519
2 0.7348958333333333 0.5444444444444444 0.10104166666666667 0.15648148148148147
6 0.7505208333333333 0.9444444444444444 0.06510416666666667 0.15185185185185185
3 0.5119791666666667 0.9444444444444444 0.0671875 0.15925925925925927
4 0.5432291666666667 0.041666666666666664 0.09895833333333333 0.2212962962962963
1 0.7244791666666667 0.9574074074074074 0.11770833333333333 0.2175925925925926
3 0.6036458333333333 0.2 0.090625 0.1787037037037037
