3 0.76875 0.3814814814814815 0.084375 0.1648148148148148
1 0.8734375 0.4462962962962963 0.07395833333333333 0.14444444444444443
6 0.5182291666666666 0.005555555555555556 0.08385416666666666 0.14722222222222223
3 0.7307291666666667 0.20462962962962963 0.06770833333333333 0.11018518518518519
1 0.7260416666666667 0.3212962962962963 0.06927083333333334 0.16296296296296298
3 0.8619791666666666 0.725925925925926 0.042708333333333334 0.07777777777777778
1 0.7875 0.5712962962962963 0.11822916666666666 0.22407407407407406
1 0.7072916666666667 0.5898148148148148 0.1015625 0.1925925925925926
2 0.7197916666666667 0.42685185185185187 0.05625 0.09074074074074075
6 0.6916666666666667 0.5842592592592593 0.1046875 0.20462962962962963
2 0.5755208333333334 0.7203703703703703 0.057291666666666664 0.10740740740740741
2 0.5458333333333333 0.5027777777777778 0.084375 0.14166666666666666
