2 0.9796875 0.48518518518518516 0.052083333333333336 0.11296296296296296
1 0.7135416666666666 0.8944444444444445 0.058333333333333334 0.1175925925925926
1 0.7463541666666667 0.29814814814814816 0.1203125 0.21851851851851853
2 0.7104166666666667 0.6564814814814814 0.0640625 0.14629629629629629
1 0.784375 0.4148148148148148 0.0484375 0.13425925925925927
2 0.8541666666666666 0.6240740740740741 0.10572916666666667 0.18055555555555555
5 0.011979166666666667 0.1814814814814815 0.0984375 0.44537037037037036
6 0.6864583333333333 0.3768518518518518 0.09479166666666666 0.2101851851851852
1 0.7067708333333333 0.1527777777777778 0.06666666666666667 0.14351851851851852
4 0.3807291666666667 0.9361111111111111 0.06302083333333333 0.18703703703703703
6 0.775 0.4166666666666667 0.11927083333333334 0.25833333333333336
4 0.5052083333333334 0.2351851851851852 0.08072916666666667 0.2064814814814815
1 0.90625 0.7287037037037037 0.1359375 0.2712962962962963
1 0.6510416666666666 0.9962962962962963 0.0671875 0.14629629629629629
