4 0.06302083333333333 0.18055555555555555 0.07708333333333334 0.175
2 0.30572916666666666 0.8481481481481481 0.1125 0.2064814814814815
6 0.19895833333333332 0.3148148148148148 0.12916666666666668 0.20277777777777778
6 0.2390625 0.5083333333333333 0.11979166666666667 0.1935185185185185
6 0.1515625 0.6018518518518519 0.146875 0.2759259259259259
6 0.25729166666666664 0.41203703703703703 0.10833333333333334 0.18333333333333332
3 0.26614583333333336 0.15185185185185185 0.0921875 0.18333333333333332
4 0.0359375 0.5685185185185185 0.065625 0.2
3 0.23125 0.700925925925926 0.12916666666666668 0.225
1 0.31614583333333335 0.6472222222222223 0.08177083333333333 0.17777777777777778
3 0.2833333333333333 0.47685185185185186 0.05364583333333333 0.08518518518518518
3 0.3536458333333333 0.6675925925925926 0.0453125 0.10092592592592593
2 0.365625 0.28055555555555556 0.09166666666666666 0.13333333333333333
2 0.2140625 0.4462962962962963 0.1171875 0.17962962962962964
