3 0.2916666666666667 0.17777777777777778 0.043229166666666666 0.15555555555555556
3 0.35885416666666664 0.5185185185185185 0.08854166666666667 0.17222222222222222
3 0.2682291666666667 0.5185185185185185 0.06666666666666667 0.14351851851851852
6 0.34375 0.020370370370370372 0.07916666666666666 0.13148148148148148
3 0.29010416666666666 0.1 0.08177083333333333 0.1685185185185185
2 0.3182291666666667 0.22592592592592592 0.057291666666666664 0.08703703703703704
6 0.46822916666666664 0.3101851851851852 0.08802083333333334 0.1712962962962963
4 0.0125 0.3787037037037037 0.1 0.175
1 0.03697916666666667 0.7 0.06458333333333334 0.17777777777777778
3 0.2947916666666667 0.5768518518518518 0.09895833333333333 0.22777777777777777
