3 0.35 0.43425925925925923 0.07916666666666666 0.17685185185185184
3 0.41041666666666665 0.5148148148148148 0.07291666666666667 0.12962962962962962
6 0.4817708333333333 0.39537037037037037 0.11354166666666667 0.14444444444444443
2 0.571875 0.3101851851851852 0.09479166666666666 0.12314814814814815
2 0.7520833333333333 0.725925925925926 0.07760416666666667 0.12222222222222222
2 0.5619791666666667 0.5481481481481482 0.121875 0.21481481481481482
2 0.6223958333333334 0.8398148148148148 0.07604166666666666 0.12407407407407407
3 0.6984375 0.8490740740740741 0.057291666666666664 0.13055555555555556
6 0.63125 0.700925925925926 0.17916666666666667 0.2740740740740741
3 0.5255208333333333 0.5268518518518519 0.08229166666666667 0.1537037037037037
2 0.675 0.6537037037037037 0.09479166666666666 0.2
2 0.5427083333333333 0.5407407407407407 0.11145833333333334 0.19722222222222222
