4 0.0546875 0.09722222222222222 0.12239583333333333 0.18425925925925926
3 0.434375 0.13240740740740742 0.08645833333333333 0.1935185185185185
1 0.28958333333333336 0.9203703703703704 0.08072916666666667 0.1537037037037037
1 0.23645833333333333 0.30925925925925923 0.05 0.10648148148148148
6 0.3385416666666667 0.7518518518518519 0.15572916666666667 0.2574074074074074
5 0.3203125 0.25555555555555554 0.11614583333333334 0.3194444444444444
4 0.8390625 0.8981481481481481 0.09791666666666667 0.19907407407407407
6 0.2625 0.7203703703703703 0.08854166666666667 0.14166666666666666
2 0.36770833333333336 0.26944444444444443 0.06614583333333333 0.09814814814814815
2 0.20260416666666667 0.30277777777777776 0.07864583333333333 0.12962962962962962
3 0.11145833333333334 0.38055555555555554 0.0703125 0.1111111111111111
3 0.35260416666666666 0.34814814814814815 0.04895833333333333 0.10185185185185185
2 0.34791666666666665 0.2898148148148148 0.08802083333333334 0.15648148148148147
