2 0.6083333333333333 0.5888888888888889 0.10677083333333333 0.22962962962962963
3 0.7109375 0.7416666666666667 0.078125 0.1675925925925926
4 0.3609375 0.5305555555555556 0.04895833333333333 0.14907407407407408
2 0.4703125 0.8759259259259259 0.084375 0.14907407407407408
2 0.5692708333333333 0.7305555555555555 0.13020833333333334 0.16111111111111112
6 0.7697916666666667 0.687962962962963 0.08489583333333334 0.21574074074074073
1 0.7317708333333334 0.5703703703703704 0.10104166666666667 0.17685185185185184
2 0.6276041666666666 0.700925925925926 0.04739583333333333 0.09074074074074075
2 0.6130208333333333 0.8111111111111111 0.07604166666666666 0.1287037037037037
2 0.5942708333333333 0.5601851851851852 0.07291666666666667 0.11296296296296296
6 0.8661458333333333 0.3101851851851852 0.12395833333333334 0.20925925925925926
3 0.8619791666666666 0.8842592592592593 0.13020833333333334 0.21666666666666667
3 0.6119791666666666 0.44814814814814813 0.06666666666666667 0.09444444444444444
1 0.6125 0.8814814814814815 0.06614583333333333 0.1388888888888889
3 0.7229166666666667 0.6018518518518519 0.11979166666666667 0.14814814814814814
4 0.5416666666666666 0.10462962962962963 0.09947916666666666 0.20462962962962963
