6 0.3416666666666667 0.053703703703703705 0.0796875 0.18055555555555555
4 0.20364583333333333 0.35648148148148145 0.0859375 0.17314814814814813
3 0.4479166666666667 0.1037037037037037 0.06770833333333333 0.14537037037037037
2 0.47291666666666665 0.25092592592592594 0.0875 0.16111111111111112
6 0.6130208333333333 0.4962962962962963 0.11197916666666667 0.19166666666666668
3 0.3265625 0.23703703703703705 0.034895833333333334 0.09259259259259259
4 0.6260416666666667 0.7416666666666667 0.06822916666666666 0.175
6 0.5453125 0.0712962962962963 0.15677083333333333 0.25833333333333336
2 0.3619791666666667 0.2537037037037037 0.08072916666666667 0.17685185185185184
2 0.5963541666666666 0.46296296296296297 0.09270833333333334 0.15092592592592594
1 0.36354166666666665 0.5574074074074075 0.09375 0.21203703703703702
3 0.521875 0.43425925925925923 0.07291666666666667 0.12777777777777777
