6 0.3484375 0.48055555555555557 0.10052083333333334 0.1787037037037037
1 0.14739583333333334 0.5027777777777778 0.11979166666666667 0.2722222222222222
2 0.19166666666666668 0.5287037037037037 0.065625 0.12407407407407407
3 0.3182291666666667 0.5935185185185186 0.09583333333333334 0.16666666666666666
1 0.47760416666666666 0.6203703703703703 0.07552083333333333 0.1648148148148148
3 0.3328125 0.262037037037037 0.06041666666666667 0.13703703703703704
3 0.3260416666666667 0.6611111111111111 0.04635416666666667 0.13333333333333333
1 0.446875 0.4824074074074074 0.14114583333333333 0.29814814814814816
2 0.303125 0.5694444444444444 0.06458333333333334 0.10648148148148148
6 0.14166666666666666 0.5259259259259259 0.14270833333333333 0.29259259259259257
2 0.2515625 0.6666666666666666 0.04583333333333333 0.07407407407407407
