1 0.5989583333333334 0.049074074074074076 0.12135416666666667 0.2518518518518518
3 0.5828125 0.6083333333333333 0.065625 0.09537037037037037
1 0.6036458333333333 0.30462962962962964 0.078125 0.1685185185185185
6 0.5463541666666667 0.10833333333333334 0.1015625 0.2518518518518518
2 0.36354166666666665 0.25462962962962965 0.09895833333333333 0.16111111111111112
4 0.33541666666666664 0.6259259259259259 0.07708333333333334 0.21481481481481482
1 0.5182291666666666 0.24074074074074073 0.11145833333333334 0.18518518518518517
4 0.18854166666666666 0.23148148148148148 0.06354166666666666 0.18888888888888888
7 0.7807291666666667 0.4185185185185185 0.09427083333333333 0.18796296296296297
6 0.440625 0.2777777777777778 0.1234375 0.20555555555555555
