3 0.5557291666666667 0.27037037037037037 0.049479166666666664 0.14629629629629629
6 0.30885416666666665 0.28703703703703703 0.084375 0.1398148148148148
4 0.9854166666666667 0.36574074074074076 0.0671875 0.19907407407407407
3 0.203125 0.20277777777777778 0.06458333333333334 0.1638888888888889
1 0.3260416666666667 0.40185185185185185 0.12760416666666666 0.25555555555555554
4 0.44895833333333335 0.674074074074074 0.07760416666666667 0.12129629629629629
3 0.2833333333333333 0.48703703703703705 0.053125 0.08333333333333333
2 0.38333333333333336 0.5101851851851852 0.0796875 0.14074074074074075
2 0.296875 0.22685185185185186 0.07135416666666666 0.125
6 0.234375 0.23425925925925925 0.1265625 0.2175925925925926
2 0.325 0.35185185185185186 0.059375 0.125
6 0.32395833333333335 0.2972222222222222 0.08645833333333333 0.16944444444444445
2 0.2109375 0.31851851851851853 0.09739583333333333 0.2101851851851852
3 0.28489583333333335 0.13240740740740742 0.090625 0.13518518518518519
1 0.3125 0.3425925925925926 0.0890625 0.18796296296296297
3 0.11822916666666666 0.21388888888888888 0.09114583333333333 0.17777777777777778
