6 0.5067708333333333 0.6185185185185185 0.0703125 0.10740740740740741
1 0.4119791666666667 0.5185185185185185 0.08697916666666666 0.2074074074074074
1 0.4510416666666667 0.4185185185185185 0.05625 0.14537037037037037
3 0.4890625 0.85 0.07552083333333333 0.1287037037037037
7 0.23177083333333334 0.8805555555555555 0.06354166666666666 0.1685185185185185
4 0.8869791666666667 0.925 0.09635416666666667 0.21666666666666667
1 0.5645833333333333 0.4462962962962963 0.09947916666666666 0.16574074074074074
5 0.3458333333333333 0.8962962962962963 0.12708333333333333 0.40370370370370373
1 0.30833333333333335 0.4759259259259259 0.10625 0.22314814814814815
2 0.4947916666666667 0.6481481481481481 0.09114583333333333 0.13148148148148148
4 0.7208333333333333 0.7157407407407408 0.06822916666666666 0.12407407407407407
1 0.3776041666666667 0.4444444444444444 0.06197916666666667 0.1675925925925926
3 0.40208333333333335 0.1824074074074074 0.04479166666666667 0.06944444444444445
2 0.5234375 0.24259259259259258 0.07239583333333334 0.12037037037037036
