4 0.5723958333333333 0.6638888888888889 0.08177083333333333 0.1388888888888889
3 0.7671875 0.6370370370370371 0.05260416666666667 0.08333333333333333
3 0.8729166666666667 0.8018518518518518 0.06354166666666666 0.09907407407407408
3 0.6484375 0.5611111111111111 0.06927083333333334 0.16111111111111112
7 0.0328125 0.9527777777777777 0.09010416666666667 0.13240740740740742
6 0.7515625 0.462037037037037 0.1546875 0.2657407407407407
1 0.9197916666666667 0.5611111111111111 0.10885416666666667 0.20277777777777778
4 0.45625 0.7787037037037037 0.071875 0.16944444444444445
2 0.9276041666666667 0.5712962962962963 0.0921875 0.11851851851851852
1 0.7776041666666667 0.7648148148148148 0.06302083333333333 0.12962962962962962
6 0.7385416666666667 0.8203703703703704 0.10885416666666667 0.175
