2 0.178125 0.3287037037037037 0.09114583333333333 0.12129629629629629
6 0.0796875 0.8166666666666667 0.06041666666666667 0.10833333333333334
2 0.29322916666666665 0.4148148148148148 0.125 0.27037037037037037
5 0.3546875 0.041666666666666664 0.0890625 0.2490740740740741
6 0.15052083333333333 0.6074074074074074 0.10833333333333334 0.1361111111111111
1 0.375 0.2722222222222222 0.06041666666666667 0.14814814814814814
2 0.19270833333333334 0.24351851851851852 0.11979166666666667 0.25833333333333336
2 0.16822916666666668 0.6333333333333333 0.09583333333333334 0.17685185185185184
6 0.20833333333333334 0.3388888888888889 0.07552083333333333 0.1425925925925926
3 0.15520833333333334 0.24259259259259258 0.09270833333333334 0.20833333333333334
4 0.609375 0.562037037037037 0.10416666666666667 0.16666666666666666
2 0.1703125 0.7185185185185186 0.12083333333333333 0.19444444444444445
6 0.2833333333333333 0.31203703703703706 0.09895833333333333 0.19444444444444445
