6 0.14635416666666667 0.7657407407407407 0.1171875 0.19074074074074074
4 0.41822916666666665 0.26944444444444443 0.1 0.1935185185185185
3 0.5265625 0.337037037037037 0.05260416666666667 0.12129629629629629
3 0.5359375 0.47962962962962963 0.07552083333333333 0.13425925925925927
2 0.36041666666666666 0.3685185185185185 0.115625 0.14722222222222223
6 0.30572916666666666 0.37777777777777777 0.06666666666666667 0.14444444444444443
2 0.38125 0.47962962962962963 0.07708333333333334 0.12777777777777777
4 0.11979166666666667 0.07685185185185185 0.12760416666666666 0.20462962962962963
3 0.46770833333333334 0.16666666666666666 0.06041666666666667 0.1685185185185185
6 0.5104166666666666 0.5648148148148148 0.10416666666666667 0.1962962962962963
