6 0.36875 0.5925925925925926 0.059375 0.11944444444444445
3 0.6604166666666667 0.8351851851851851 0.06614583333333333 0.10925925925925926
4 0.42239583333333336 0.23703703703703705 0.090625 0.16018518518518518
1 0.6046875 0.4212962962962963 0.09427083333333333 0.24722222222222223
6 0.503125 0.8712962962962963 0.11302083333333333 0.19166666666666668
3 0.440625 0.31296296296296294 0.10364583333333334 0.2175925925925926
1 0.5338541666666666 0.9898148148148148 0.1109375 0.24444444444444444
2 0.31197916666666664 0.49537037037037035 0.06510416666666667 0.10740740740740741
6 0.3932291666666667 0.8768518518518519 0.06979166666666667 0.15185185185185185
3 0.446875 0.825 0.10729166666666666 0.17407407407407408
1 0.6442708333333333 0.35185185185185186 0.08072916666666667 0.15462962962962962
1 0.396875 0.5018518518518519 0.08489583333333334 0.14814814814814814
4 0.43854166666666666 0.07037037037037037 0.07552083333333333 0.19722222222222222
6 0.6958333333333333 0.9796296296296296 0.041666666666666664 0.11018518518518519
7 0.7135416666666666 0.18425925925925926 0.10052083333333334 0.1962962962962963
