2 0.8270833333333333 0.8416666666666667 0.08697916666666666 0.11481481481481481
6 0.671875 0.4675925925925926 0.08333333333333333 0.14907407407407408
1 0.840625 0.7870370370370371 0.128125 0.21574074074074073
6 0.6869791666666667 0.5740740740740741 0.159375 0.2601851851851852
6 0.8239583333333333 0.7101851851851851 0.14166666666666666 0.24351851851851852
3 0.696875 0.7731481481481481 0.07760416666666667 0.12222222222222222
1 0.6557291666666667 0.8240740740740741 0.0609375 0.1
3 0.8640625 0.07962962962962963 0.08177083333333333 0.15185185185185185
6 0.8119791666666667 0.47962962962962963 0.11458333333333333 0.2212962962962963
6 0.5989583333333334 0.29074074074074074 0.09114583333333333 0.15092592592592594
3 0.8671875 0.45092592592592595 0.059895833333333336 0.15462962962962962
