3 0.17447916666666666 0.37037037037037035 0.10260416666666666 0.2111111111111111
6 0.33958333333333335 0.674074074074074 0.09583333333333334 0.19074074074074074
1 0.078125 0.45740740740740743 0.13333333333333333 0.22314814814814815
3 0.24635416666666668 0.9555555555555556 0.07291666666666667 0.15462962962962962
1 0.375 0.475 0.121875 0.2361111111111111
2 0.2557291666666667 0.15925925925925927 0.13177083333333334 0.2111111111111111
6 0.3489583333333333 0.48333333333333334 0.12552083333333333 0.21481481481481482
6 0.25677083333333334 0.21481481481481482 0.078125 0.12685185185185185
3 0.21510416666666668 0.7870370370370371 0.07708333333333334 0.23703703703703705
3 0.41354166666666664 0.7648148148148148 0.0625 0.11296296296296296
