2 0.5447916666666667 0.6046296296296296 0.1015625 0.15648148148148147
3 0.8208333333333333 0.5064814814814815 0.06145833333333333 0.11481481481481481
6 0.565625 0.7907407407407407 0.06979166666666667 0.09351851851851851
3 0.5088541666666667 0.8527777777777777 0.05364583333333333 0.1
5 0.5291666666666667 0.9722222222222222 0.1 0.2638888888888889
1 0.47760416666666666 0.6370370370370371 0.09583333333333334 0.20925925925925926
3 0.4479166666666667 0.49444444444444446 0.06510416666666667 0.13425925925925927
1 0.6583333333333333 0.4462962962962963 0.125 0.27870370370370373
1 0.4276041666666667 0.774074074074074 0.12708333333333333 0.21296296296296297
2 0.6322916666666667 0.8037037037037037 0.04739583333333333 0.0787037037037037
3 0.41770833333333335 0.6768518518518518 0.1015625 0.28055555555555556
2 0.7208333333333333 0.6074074074074074 0.11302083333333333 0.20925925925925926
3 0.5703125 0.9027777777777778 0.0875 0.12222222222222222
2 0.5916666666666667 0.7074074074074074 0.12604166666666666 0.2361111111111111
3 0.36354166666666665 0.8148148148148148 0.0625 0.08055555555555556
