5 0.3328125 0.4398148148148148 0.12135416666666667 0.3037037037037037
3 0.76875 0.8037037037037037 0.10885416666666667 0.2324074074074074
6 0.7140625 0.7620370370370371 0.08125 0.13425925925925927
3 0.509375 0.8407407407407408 0.04114583333333333 0.08518518518518518
3 0.6098958333333333 0.8101851851851852 0.1125 0.19537037037037036
1 0.7567708333333333 0.47314814814814815 0.0765625 0.16944444444444445
2 0.7921875 0.2212962962962963 0.0484375 0.1111111111111111
2 0.7880208333333333 0.6324074074074074 0.10416666666666667 0.18611111111111112
4 0.321875 0.18055555555555555 0.0796875 0.20185185185185187
2 0.478125 0.6620370370370371 0.10364583333333334 0.1925925925925926
3 0.5604166666666667 0.42777777777777776 0.09479166666666666 0.16203703703703703
1 0.6979166666666666 0.6777777777777778 0.0859375 0.19166666666666668
