2 0.678125 0.20462962962962963 0.11927083333333334 0.2222222222222222
3 0.6052083333333333 0.3 0.0703125 0.11851851851851852
1 0.765625 0.6509259259259259 0.1140625 0.25462962962962965
1 0.6421875 0.5722222222222222 0.1078125 0.22407407407407406
2 0.8005208333333333 0.8564814814814815 0.044270833333333336 0.10092592592592593
5 0.5427083333333333 0.8398148148148148 0.16041666666666668 0.4546296296296296
6 0.6541666666666667 0.0787037037037037 0.06979166666666667 0.12777777777777777
3 0.5765625 0.48703703703703705 0.044270833333333336 0.0787037037037037
7 0.11041666666666666 0.39166666666666666 0.08333333333333333 0.14166666666666666
2 0.8166666666666667 0.5194444444444445 0.12864583333333332 0.17962962962962964
3 0.7927083333333333 0.5953703703703703 0.090625 0.19907407407407407
3 0.8213541666666667 0.3787037037037037 0.1 0.21574074074074073
4 0.5286458333333334 0.30833333333333335 0.0921875 0.14629629629629629
2 0.784375 0.5092592592592593 0.0890625 0.14629629629629629
6 0.58125 0.27037037037037037 0.13697916666666668 0.24814814814814815
4 0.8057291666666667 0.26481481481481484 0.09791666666666667 0.14444444444444443
2 0.8322916666666667 0.5879629629629629 0.10572916666666667 0.19074074074074074
