6 0.165625 0.7592592592592593 0.1140625 0.20092592592592592
2 0.2994791666666667 0.5 0.07395833333333333 0.15833333333333333
1 0.4973958333333333 0.5851851851851851 0.0828125 0.15925925925925927
1 0.5255208333333333 0.14166666666666666 0.08489583333333334 0.1675925925925926
2 0.3020833333333333 0.6527777777777778 0.09375 0.21388888888888888
3 0.2760416666666667 0.362962962962963 0.0828125 0.17685185185185184
1 0.36770833333333336 0.43703703703703706 0.07239583333333334 0.14074074074074075
3 0.3390625 0.4101851851851852 0.06510416666666667 0.1175925925925926
2 0.365625 0.36944444444444446 0.04583333333333333 0.06944444444444445
2 0.24322916666666666 0.4888888888888889 0.10260416666666666 0.1259259259259259
2 0.34010416666666665 0.1824074074074074 0.0875 0.14537037037037037
4 0.5734375 0.637962962962963 0.07864583333333333 0.175
