6 0.5197916666666667 0.46111111111111114 0.14114583333333333 0.2518518518518518
1 0.24791666666666667 0.49444444444444446 0.06145833333333333 0.1111111111111111
1 0.3026041666666667 0.5296296296296297 0.07447916666666667 0.14907407407407408
6 0.14947916666666666 0.512962962962963 0.16927083333333334 0.3194444444444444
2 0.30364583333333334 0.487962962962963 0.08229166666666667 0.14537037037037037
6 0.19739583333333333 0.9009259259259259 0.11822916666666666 0.27870370370370373
1 0.3927083333333333 0.5833333333333334 0.1078125 0.21574074074074073
3 0.20833333333333334 0.36018518518518516 0.04635416666666667 0.10740740740740741
3 0.271875 0.287962962962963 0.0375 0.11203703703703703
6 0.259375 0.4388888888888889 0.09791666666666667 0.1675925925925926
1 0.29583333333333334 0.5768518518518518 0.09583333333333334 0.2037037037037037
1 0.4270833333333333 0.3037037037037037 0.10833333333333334 0.2222222222222222
1 0.375 0.32037037037037036 0.11197916666666667 0.20555555555555555
