3 0.26875 0.6759259259259259 0.06875 0.13240740740740742
4 0.834375 0.025925925925925925 0.07604166666666666 0.16296296296296298
6 0.20520833333333333 0.549074074074074 0.13697916666666668 0.2388888888888889
2 0.2677083333333333 0.9916666666666667 0.07135416666666666 0.0962962962962963
1 0.3651041666666667 0.05740740740740741 0.065625 0.1259259259259259
5 0.6973958333333333 0.987037037037037 0.10416666666666667 0.30092592592592593
2 0.4317708333333333 0.48518518518518516 0.07760416666666667 0.14074074074074075
3 0.25729166666666664 0.524074074074074 0.08645833333333333 0.14351851851851852
6 0.16041666666666668 0.5805555555555556 0.146875 0.1824074074074074
2 0.3026041666666667 0.6268518518518519 0.12864583333333332 0.18333333333333332
3 0.3015625 0.5879629629629629 0.0375 0.10092592592592593
2 0.009895833333333333 0.787962962962963 0.10260416666666666 0.21574074074074073
1 0.12291666666666666 0.6351851851851852 0.10729166666666666 0.24074074074074073
4 0.665625 0.4824074074074074 0.07760416666666667 0.21851851851851853
6 0.19166666666666668 0.42962962962962964 0.12447916666666667 0.2074074074074074
3 0.29583333333333334 0.9648148148148148 0.0546875 0.10092592592592593
2 0.1796875 0.9537037037037037 0.08489583333333334 0.18055555555555555
