2 0.1265625 0.5712962962962963 0.11510416666666666 0.21574074074074073
1 0.171875 0.512962962962963 0.11614583333333334 0.20555555555555555
6 0.19895833333333332 0.6453703703703704 0.0984375 0.18333333333333332
3 0.43333333333333335 0.42314814814814816 0.0890625 0.2037037037037037
1 0.1890625 0.4740740740740741 0.09427083333333333 0.2064814814814815
4 0.16666666666666666 0.5805555555555556 0.0875 0.22685185185185186
6 0.165625 0.0712962962962963 0.0546875 0.09444444444444444
6 0.22760416666666666 0.3037037037037037 0.10833333333333334 0.21574074074074073
2 0.27760416666666665 0.22777777777777777 0.08229166666666667 0.16296296296296298
3 0.24479166666666666 0.5342592592592592 0.05 0.09074074074074075
2 0.03697916666666667 0.6101851851851852 0.0515625 0.08518518518518518
3 0.26510416666666664 0.4666666666666667 0.10729166666666666 0.22592592592592592
6 0.371875 0.5638888888888889 0.14375 0.2490740740740741
6 0.32864583333333336 0.5796296296296296 0.0875 0.18981481481481483
2 0.15104166666666666 0.6601851851851852 0.07291666666666667 0.13055555555555556
