2 0.39947916666666666 0.43703703703703706 0.06041666666666667 0.09722222222222222
3 0.4453125 0.5296296296296297 0.06302083333333333 0.11203703703703703
6 0.4984375 0.3398148148148148 0.0890625 0.12314814814814815
4 0.09895833333333333 0.9768518518518519 0.0796875 0.20833333333333334
6 0.5052083333333334 0.5712962962962963 0.1203125 0.20462962962962963
2 0.246875 0.35185185185185186 0.1296875 0.2074074074074074
1 0.27708333333333335 0.6472222222222223 0.10260416666666666 0.1824074074074074
6 0.40260416666666665 0.37962962962962965 0.10572916666666667 0.18611111111111112
2 0.47291666666666665 0.7111111111111111 0.07291666666666667 0.15833333333333333
2 0.41875 0.5537037037037037 0.0890625 0.13240740740740742
1 0.20104166666666667 0.5259259259259259 0.09895833333333333 0.24722222222222223
3 0.328125 0.3 0.08072916666666667 0.12777777777777777
3 0.27395833333333336 0.31851851851851853 0.08072916666666667 0.18703703703703703
1 0.31145833333333334 0.325 0.10260416666666666 0.22407407407407406
