6 0.6291666666666667 0.7481481481481481 0.08854166666666667 0.15925925925925927
3 0.7671875 0.2935185185185185 0.09427083333333333 0.12407407407407407
4 0.9703125 0.30277777777777776 0.06354166666666666 0.18796296296296297
6 0.27708333333333335 0.8055555555555556 0.10208333333333333 0.14444444444444443
5 0.028125 0.7685185185185185 0.125 0.37037037037037035
1 0.3567708333333333 0.5092592592592593 0.11145833333333334 0.2074074074074074
2 0.7057291666666666 0.8185185185185185 0.10885416666666667 0.1787037037037037
1 0.596875 0.0962962962962963 0.05677083333333333 0.12962962962962962
7 0.13125 0.29259259259259257 0.07916666666666666 0.22592592592592592
4 0.20520833333333333 0.2740740740740741 0.0578125 0.17407407407407408
6 0.41822916666666665 0.2638888888888889 0.07135416666666666 0.1175925925925926
