2 0.44427083333333334 0.43796296296296294 0.09895833333333333 0.17314814814814813
6 0.640625 0.4462962962962963 0.11458333333333333 0.19907407407407407
4 0.7583333333333333 0.4703703703703704 0.0765625 0.20925925925925926
3 0.4557291666666667 0.7407407407407407 0.0859375 0.1925925925925926
2 0.5947916666666667 0.20555555555555555 0.06822916666666666 0.16666666666666666
2 0.5020833333333333 0.14814814814814814 0.14895833333333333 0.262037037037037
2 0.6734375 0.5879629629629629 0.057291666666666664 0.11203703703703703
1 0.5770833333333333 0.6314814814814815 0.12291666666666666 0.24722222222222223
6 0.5739583333333333 0.43425925925925923 0.08645833333333333 0.15462962962962962
4 0.9619791666666667 0.5555555555555556 0.0890625 0.14537037037037037
3 0.71875 0.44074074074074077 0.042708333333333334 0.09907407407407408
1 0.4979166666666667 0.462037037037037 0.09947916666666666 0.1675925925925926
3 0.5541666666666667 0.8527777777777777 0.1015625 0.17777777777777778
1 0.575 0.3787037037037037 0.08854166666666667 0.2037037037037037
1 0.5911458333333334 0.27037037037037037 0.08802083333333334 0.19814814814814816
