1 0.36875 0.18611111111111112 0.05572916666666667 0.1361111111111111
1 0.35104166666666664 0.28888888888888886 0.07864583333333333 0.15555555555555556
3 0.3255208333333333 0.48148148148148145 0.05625 0.14722222222222223
6 0.6244791666666667 0.5537037037037037 0.115625 0.16018518518518518
4 0.775 0.7518518518518519 0.12083333333333333 0.2388888888888889
6 0.4875 0.41574074074074074 0.14322916666666666 0.2175925925925926
1 0.45625 0.3574074074074074 0.12083333333333333 0.24074074074074073
6 0.40208333333333335 0.2833333333333333 0.159375 0.24537037037037038
6 0.4421875 0.6638888888888889 0.10364583333333334 0.16203703703703703
2 0.575 0.7648148148148148 0.090625 0.14444444444444443
2 0.45260416666666664 0.525 0.08854166666666667 0.1037037037037037
