4 0.4640625 0.8638888888888889 0.10364583333333334 0.15648148148148147
5 0.084375 0.5305555555555556 0.2520833333333333 0.5851851851851851
1 0.5755208333333334 0.44814814814814813 0.09427083333333333 0.21203703703703702
1 0.5807291666666666 0.9861111111111112 0.12864583333333332 0.24259259259259258
1 0.6510416666666666 0.2574074074074074 0.05625 0.10092592592592593
1 0.45625 0.49907407407407406 0.09947916666666666 0.2074074074074074
2 0.5119791666666667 0.9333333333333333 0.10104166666666667 0.15462962962962962
3 0.5015625 0.28888888888888886 0.12291666666666666 0.17314814814814813
2 0.6234375 0.4648148148148148 0.06875 0.11574074074074074
3 0.37083333333333335 0.36666666666666664 0.06041666666666667 0.1425925925925926
2 0.378125 0.8425925925925926 0.0703125 0.11574074074074074
6 0.39791666666666664 0.5175925925925926 0.10572916666666667 0.19074074074074074
3 0.25625 0.6481481481481481 0.05416666666666667 0.09722222222222222
6 0.5515625 0.7574074074074074 0.10625 0.14814814814814814
3 0.6614583333333334 0.3712962962962963 0.05677083333333333 0.09722222222222222
