1 0.8286458333333333 0.33796296296296297 0.06197916666666667 0.11851851851851852
6 0.6177083333333333 0.5907407407407408 0.11875 0.2212962962962963
2 0.7619791666666667 0.2351851851851852 0.11302083333333333 0.18055555555555555
5 0.6385416666666667 0.8157407407407408 0.07708333333333334 0.21574074074074073
4 0.5135416666666667 0.799074074074074 0.08854166666666667 0.15833333333333333
6 0.42083333333333334 0.675 0.1765625 0.31203703703703706
6 0.5822916666666667 0.6407407407407407 0.07135416666666666 0.10833333333333334
4 0.011458333333333333 0.12407407407407407 0.10260416666666666 0.14722222222222223
7 0.28958333333333336 0.6759259259259259 0.1046875 0.22870370370370371
6 0.7270833333333333 0.32592592592592595 0.075 0.13703703703703704
