6 0.28072916666666664 0.45 0.12291666666666666 0.21944444444444444
1 0.2708333333333333 0.562962962962963 0.07135416666666666 0.12314814814814815
1 0.0828125 0.49722222222222223 0.11666666666666667 0.22314814814814815
2 0.23489583333333333 0.6203703703703703 0.09114583333333333 0.15833333333333333
6 0.0671875 0.6287037037037037 0.10416666666666667 0.22777777777777777
1 0.3046875 0.5101851851851852 0.10625 0.1925925925925926
7 0.14791666666666667 0.9601851851851851 0.08125 0.18425925925925926
4 0.08958333333333333 0.42314814814814816 0.0953125 0.18888888888888888
4 0.8369791666666667 0.5527777777777778 0.06614583333333333 0.1814814814814815
1 0.14427083333333332 0.7703703703703704 0.08125 0.14444444444444443
