6 0.44479166666666664 0.39166666666666666 0.0734375 0.1287037037037037
2 0.6984375 0.7490740740740741 0.06302083333333333 0.11944444444444445
6 0.7026041666666667 0.5416666666666666 0.19114583333333332 0.2962962962962963
6 0.5333333333333333 0.6361111111111111 0.1 0.17592592592592593
6 0.4708333333333333 0.7490740740740741 0.08802083333333334 0.17592592592592593
2 0.6307291666666667 0.9990740740740741 0.11510416666666666 0.19907407407407407
6 0.48072916666666665 0.8009259259259259 0.08333333333333333 0.11018518518518519
2 0.4979166666666667 0.45092592592592595 0.0921875 0.12222222222222222
1 0.6041666666666666 0.6129629629629629 0.10729166666666666 0.29074074074074074
1 0.6859375 0.5842592592592593 0.11458333333333333 0.225
6 0.5645833333333333 0.6555555555555556 0.07760416666666667 0.20555555555555555
6 0.7989583333333333 0.55 0.0546875 0.11944444444444445
5 0.5354166666666667 0.5962962962962963 0.18645833333333334 0.44814814814814813
4 0.9234375 0.5703703703703704 0.07708333333333334 0.20462962962962963
1 0.6635416666666667 0.5694444444444444 0.07083333333333333 0.14722222222222223
