1 0.3880208333333333 0.9685185185185186 0.053125 0.14351851851851852
4 0.17083333333333334 0.42592592592592593 0.06458333333333334 0.1638888888888889
6 0.19114583333333332 0.5203703703703704 0.12604166666666666 0.22592592592592592
7 0.36875 0.8518518518518519 0.10104166666666667 0.1537037037037037
5 0.8619791666666666 0.7462962962962963 0.1390625 0.34074074074074073
1 0.30572916666666666 0.7787037037037037 0.109375 0.23148148148148148
4 0.0796875 0.3212962962962963 0.09270833333333334 0.1925925925925926
6 0.24375 0.44351851851851853 0.1578125 0.22962962962962963
2 0.34010416666666665 0.5962962962962963 0.06822916666666666 0.09444444444444444
3 0.27395833333333336 0.5111111111111111 0.10625 0.16018518518518518
3 0.346875 0.8333333333333334 0.0515625 0.13055555555555556
3 0.4 0.7592592592592593 0.051041666666666666 0.08518518518518518
1 0.3640625 0.4287037037037037 0.11875 0.2537037037037037
1 0.2635416666666667 0.40925925925925927 0.06145833333333333 0.13796296296296295
