2 0.3828125 0.6407407407407407 0.07135416666666666 0.1425925925925926
1 0.2760416666666667 0.487962962962963 0.13177083333333334 0.25462962962962965
6 0.31666666666666665 0.6444444444444445 0.1421875 0.23333333333333334
2 0.36666666666666664 0.9537037037037037 0.053125 0.08055555555555556
5 0.4 0.2222222222222222 0.17395833333333333 0.42314814814814816
6 0.4088541666666667 0.5287037037037037 0.0515625 0.1287037037037037
2 0.36614583333333334 0.35648148148148145 0.09947916666666666 0.15648148148148147
6 0.25 0.6731481481481482 0.15729166666666666 0.27037037037037037
6 0.37604166666666666 0.5601851851851852 0.08958333333333333 0.16203703703703703
1 0.24739583333333334 0.5259259259259259 0.09166666666666666 0.17592592592592593
2 0.49375 0.3194444444444444 0.053125 0.08981481481481482
6 0.3463541666666667 0.5296296296296297 0.07239583333333334 0.14351851851851852
6 0.27760416666666665 0.42314814814814816 0.18645833333333334 0.30185185185185187
2 0.36666666666666664 0.5222222222222223 0.09427083333333333 0.16203703703703703
