6 0.35520833333333335 0.42407407407407405 0.09479166666666666 0.16018518518518518
3 0.33958333333333335 0.38055555555555554 0.09322916666666667 0.22314814814814815
6 0.07135416666666666 0.30277777777777776 0.08489583333333334 0.1537037037037037
1 0.409375 0.725925925925926 0.09479166666666666 0.19907407407407407
4 0.24322916666666666 0.23148148148148148 0.057291666666666664 0.175
4 0.7182291666666667 0.5657407407407408 0.09635416666666667 0.2175925925925926
2 0.5239583333333333 0.26944444444444443 0.058333333333333334 0.09074074074074075
2 0.4036458333333333 0.6148148148148148 0.0796875 0.15925925925925927
6 0.34375 0.22407407407407406 0.0734375 0.12037037037037036
3 0.34791666666666665 0.6314814814814815 0.0390625 0.08611111111111111
1 0.33697916666666666 0.23796296296296296 0.04739583333333333 0.1287037037037037
7 0.790625 0.937037037037037 0.09010416666666667 0.1962962962962963
1 0.3140625 0.649074074074074 0.08333333333333333 0.15462962962962962
3 0.3104166666666667 0.5203703703703704 0.06979166666666667 0.11388888888888889
6 0.390625 0.4212962962962963 0.146875 0.2814814814814815
