3 0.6817708333333333 0.6398148148148148 0.03802083333333333 0.08611111111111111
1 0.621875 0.6851851851851852 0.15520833333333334 0.31574074074074077
6 0.7671875 0.6027777777777777 0.14791666666666667 0.2953703703703704
6 0.55 0.6333333333333333 0.09427083333333333 0.14629629629629629
2 0.621875 0.6435185185185185 0.08177083333333333 0.12962962962962962
3 0.4671875 0.5259259259259259 0.06979166666666667 0.1287037037037037
2 0.5583333333333333 0.6731481481481482 0.078125 0.14722222222222223
1 0.5145833333333333 0.55 0.1296875 0.26851851851851855
6 0.6057291666666667 0.637962962962963 0.08229166666666667 0.16203703703703703
3 0.5052083333333334 0.47314814814814815 0.07083333333333333 0.1685185185185185
1 0.7557291666666667 0.3685185185185185 0.071875 0.1574074074074074
1 0.9005208333333333 0.6935185185185185 0.1140625 0.21944444444444444
