2 0.38385416666666666 0.6435185185185185 0.08020833333333334 0.1259259259259259
4 0.5364583333333334 0.6638888888888889 0.08854166666666667 0.17314814814814813
6 0.2609375 0.12962962962962962 0.11041666666666666 0.1925925925925926
4 0.7453125 0.1648148148148148 0.08854166666666667 0.23055555555555557
1 0.140625 0.35648148148148145 0.11041666666666666 0.23425925925925925
1 0.10885416666666667 0.44722222222222224 0.06666666666666667 0.15555555555555556
3 0.15989583333333332 0.5537037037037037 0.059895833333333336 0.1287037037037037
2 0.14375 0.5675925925925925 0.09791666666666667 0.16296296296296298
6 0.025 0.6731481481481482 0.08072916666666667 0.14629629629629629
3 0.25729166666666664 0.4101851851851852 0.06666666666666667 0.08055555555555556
6 0.10729166666666666 0.33796296296296297 0.14375 0.24351851851851852
3 0.078125 0.20092592592592592 0.06770833333333333 0.11203703703703703
2 0.13333333333333333 0.34444444444444444 0.10260416666666666 0.16944444444444445
5 0.7786458333333334 0.6472222222222223 0.128125 0.32685185185185184
7 0.9854166666666667 0.6314814814814815 0.0625 0.15648148148148147
2 0.36354166666666665 0.7851851851851852 0.05 0.11296296296296296
