6 0.3328125 0.7657407407407407 0.07395833333333333 0.1388888888888889
2 0.5338541666666666 0.6342592592592593 0.0640625 0.09351851851851851
2 0.5979166666666667 0.8277777777777777 0.075 0.11388888888888889
3 0.4583333333333333 0.4222222222222222 0.08854166666666667 0.2
4 0.11041666666666666 0.175 0.07239583333333334 0.20185185185185187
6 0.3536458333333333 0.7685185185185185 0.1796875 0.21481481481481482
6 0.5223958333333333 0.8870370370370371 0.10833333333333334 0.2037037037037037
2 0.6328125 0.8388888888888889 0.09791666666666667 0.1648148148148148
1 0.4666666666666667 0.7092592592592593 0.0765625 0.13796296296296295
6 0.509375 0.8574074074074074 0.14166666666666666 0.2222222222222222
