4 0.3494791666666667 0.04259259259259259 0.08072916666666667 0.21481481481481482
5 0.8567708333333334 0.4222222222222222 0.140625 0.4148148148148148
6 0.5203125 0.6370370370370371 0.0828125 0.14537037037037037
3 0.5510416666666667 0.5296296296296297 0.041666666666666664 0.09259259259259259
3 0.4791666666666667 0.5842592592592593 0.10416666666666667 0.15
3 0.7776041666666667 0.6046296296296296 0.09114583333333333 0.21203703703703702
2 0.5854166666666667 0.7324074074074074 0.07083333333333333 0.11018518518518519
3 0.5645833333333333 0.8046296296296296 0.057291666666666664 0.13703703703703704
1 0.46875 0.5203703703703704 0.1046875 0.27685185185185185
1 0.6916666666666667 0.6018518518518519 0.0703125 0.18611111111111112
