6 0.9276041666666667 0.3824074074074074 0.16979166666666667 0.2611111111111111
3 0.7979166666666667 0.3731481481481482 0.09114583333333333 0.1824074074074074
2 0.7723958333333333 0.6611111111111111 0.08802083333333334 0.15
3 0.9494791666666667 0.34444444444444444 0.07552083333333333 0.14814814814814814
4 0.47604166666666664 0.8666666666666667 0.10572916666666667 0.2074074074074074
1 0.6744791666666666 0.49537037037037035 0.07239583333333334 0.13148148148148148
3 0.6588541666666666 0.525 0.06614583333333333 0.14814814814814814
4 0.6869791666666667 0.5833333333333334 0.06510416666666667 0.18333333333333332
7 0.2265625 0.5583333333333333 0.06927083333333334 0.14166666666666666
1 0.7192708333333333 0.5194444444444445 0.0765625 0.13703703703703704
