3 0.7760416666666666 0.35833333333333334 0.04010416666666667 0.09722222222222222
6 0.8177083333333334 0.15 0.0875 0.1287037037037037
3 0.6520833333333333 0.525 0.058854166666666666 0.14907407407407408
1 0.85 0.31296296296296294 0.08385416666666666 0.18888888888888888
3 0.759375 0.40925925925925927 0.06770833333333333 0.10555555555555556
6 0.7005208333333334 0.4203703703703704 0.08229166666666667 0.1388888888888889
1 0.9739583333333334 0.30277777777777776 0.11197916666666667 0.18888888888888888
6 0.559375 0.3888888888888889 0.0640625 0.12037037037037036
2 0.5494791666666666 0.3638888888888889 0.1078125 0.17407407407407408
6 0.7671875 0.3037037037037037 0.15 0.2796296296296296
3 0.8661458333333333 0.36944444444444446 0.036458333333333336 0.09722222222222222
1 0.6260416666666667 0.26296296296296295 0.09010416666666667 0.18055555555555555
1 0.7458333333333333 0.41203703703703703 0.0625 0.14629629629629629
