4 0.6223958333333334 0.26296296296296295 0.08958333333333333 0.16018518518518518
6 0.6661458333333333 0.8194444444444444 0.06875 0.11203703703703703
1 0.7510416666666667 0.9222222222222223 0.0390625 0.10740740740740741
2 0.559375 0.5546296296296296 0.06354166666666666 0.14074074074074075
1 0.6661458333333333 0.6370370370370371 0.11145833333333334 0.25833333333333336
6 0.5692708333333333 0.1962962962962963 0.08958333333333333 0.2657407407407407
3 0.6427083333333333 0.5453703703703704 0.10364583333333334 0.16944444444444445
2 0.7 0.7046296296296296 0.10520833333333333 0.17314814814814813
1 0.4328125 0.6231481481481481 0.090625 0.1685185185185185
1 0.7583333333333333 0.5388888888888889 0.1046875 0.19722222222222222
1 0.4791666666666667 0.5861111111111111 0.058333333333333334 0.17222222222222222
3 0.7458333333333333 0.5074074074074074 0.0890625 0.1925925925925926
