6 0.1125 0.1814814814814815 0.07291666666666667 0.12129629629629629
1 0.3380208333333333 0.6074074074074074 0.0609375 0.12962962962962962
3 0.35104166666666664 0.14629629629629629 0.07291666666666667 0.1675925925925926
2 0.21510416666666668 0.4351851851851852 0.1171875 0.19907407407407407
2 0.06614583333333333 0.42407407407407405 0.10989583333333333 0.2212962962962963
7 0.6333333333333333 0.48148148148148145 0.07135416666666666 0.1787037037037037
1 0.22447916666666667 0.4425925925925926 0.11302083333333333 0.21388888888888888
4 0.5796875 0.5055555555555555 0.059895833333333336 0.1648148148148148
4 0.3072916666666667 0.2388888888888889 0.10520833333333333 0.15925925925925927
1 0.18854166666666666 0.8638888888888889 0.0671875 0.12129629629629629
