2 0.7145833333333333 0.9962962962962963 0.09427083333333333 0.1648148148148148
3 0.8083333333333333 0.6472222222222223 0.06822916666666666 0.1037037037037037
4 0.9916666666666667 0.7435185185185185 0.07864583333333333 0.175
6 0.8505208333333333 0.687962962962963 0.14375 0.2537037037037037
1 0.7901041666666667 0.44722222222222224 0.05625 0.1287037037037037
1 0.9265625 0.5092592592592593 0.12291666666666666 0.27314814814814814
3 0.6875 0.6564814814814814 0.0734375 0.13703703703703704
1 0.8526041666666667 0.587037037037037 0.12708333333333333 0.2814814814814815
3 0.9739583333333334 0.6935185185185185 0.0453125 0.09814814814814815
7 0.2682291666666667 0.48518518518518516 0.06927083333333334 0.1824074074074074
3 0.6546875 0.8092592592592592 0.0953125 0.1685185185185185
3 0.7713541666666667 0.6027777777777777 0.0375 0.09074074074074075
6 0.98125 0.6888888888888889 0.115625 0.20185185185185187
4 0.5510416666666667 0.7675925925925926 0.0765625 0.17407407407407408
