3 0.7317708333333334 0.5796296296296296 0.10052083333333334 0.17962962962962964
6 0.8489583333333334 0.7453703703703703 0.10729166666666666 0.16203703703703703
6 0.7348958333333333 0.7851851851851852 0.11875 0.21481481481481482
3 0.790625 0.9722222222222222 0.059895833333333336 0.22592592592592592
1 0.6208333333333333 0.2759259259259259 0.103125 0.22962962962962963
3 0.9052083333333333 0.4925925925925926 0.12552083333333333 0.2037037037037037
1 0.8359375 0.6416666666666667 0.065625 0.12685185185185185
2 0.8421875 0.9342592592592592 0.06510416666666667 0.14629629629629629
4 0.35104166666666664 0.6111111111111112 0.06510416666666667 0.175
3 0.8604166666666667 0.6592592592592592 0.08072916666666667 0.16666666666666666
1 0.7010416666666667 0.46111111111111114 0.12395833333333334 0.25462962962962965
2 0.7661458333333333 0.8194444444444444 0.06822916666666666 0.1111111111111111
