2 0.7427083333333333 0.7166666666666667 0.14739583333333334 0.262037037037037
1 0.7848958333333333 0.85 0.1578125 0.2657407407407407
6 0.9552083333333333 0.21944444444444444 0.10364583333333334 0.13518518518518519
1 0.8859375 0.8833333333333333 0.11927083333333334 0.31296296296296294
1 0.9182291666666667 0.4861111111111111 0.10833333333333334 0.21851851851851853
3 0.6479166666666667 0.5407407407407407 0.1328125 0.18055555555555555
2 0.8145833333333333 0.3907407407407407 0.08385416666666666 0.1287037037037037
3 0.7010416666666667 0.8018518518518518 0.11041666666666666 0.1537037037037037
5 0.44375 0.6907407407407408 0.1921875 0.48518518518518516
3 0.8692708333333333 0.4648148148148148 0.07135416666666666 0.125
