2 0.9416666666666667 0.537962962962963 0.090625 0.2074074074074074
6 0.6645833333333333 0.41574074074074074 0.07552083333333333 0.13148148148148148
4 0.79375 0.18518518518518517 0.06458333333333334 0.1935185185185185
2 0.7869791666666667 0.37222222222222223 0.06666666666666667 0.09814814814814815
2 0.6875 0.5185185185185185 0.06510416666666667 0.09444444444444444
7 0.6276041666666666 0.6398148148148148 0.11822916666666666 0.2351851851851852
4 0.26875 0.12962962962962962 0.09010416666666667 0.13796296296296295
1 0.60625 0.4722222222222222 0.0921875 0.19907407407407407
6 0.7989583333333333 0.09444444444444444 0.11302083333333333 0.15
1 0.7645833333333333 0.3861111111111111 0.08697916666666666 0.17685185185185184
3 0.38125 0.2212962962962963 0.0671875 0.1824074074074074
3 0.7770833333333333 0.21388888888888888 0.033854166666666664 0.10740740740740741
6 0.821875 0.3509259259259259 0.10989583333333333 0.2537037037037037
3 0.709375 0.32222222222222224 0.07135416666666666 0.1685185185185185
2 0.7390625 0.2351851851851852 0.071875 0.11203703703703703
5 0.328125 0.8462962962962963 0.13333333333333333 0.42407407407407405
1 0.9041666666666667 0.6231481481481481 0.0890625 0.15555555555555556
6 0.7104166666666667 0.06759259259259259 0.05520833333333333 0.14722222222222223
