6 0.5427083333333333 0.3333333333333333 0.16614583333333333 0.27685185185185185
2 0.7197916666666667 0.7435185185185185 0.07760416666666667 0.15555555555555556
3 0.7307291666666667 0.30092592592592593 0.09791666666666667 0.14814814814814814
1 0.6682291666666667 0.9388888888888889 0.13125 0.2518518518518518
6 0.671875 0.3972222222222222 0.08177083333333333 0.14351851851851852
3 0.596875 0.6666666666666666 0.059375 0.13333333333333333
2 0.7260416666666667 0.41388888888888886 0.0671875 0.10555555555555556
1 0.6895833333333333 0.3685185185185185 0.08802083333333334 0.17592592592592593
6 0.6666666666666666 0.42407407407407405 0.11197916666666667 0.13518518518518519
3 0.5869791666666667 0.7425925925925926 0.058854166666666666 0.2
3 0.7546875 0.31666666666666665 0.06458333333333334 0.17037037037037037
1 0.5098958333333333 0.5703703703703704 0.0953125 0.2564814814814815
