1 0.7020833333333333 0.6166666666666667 0.0671875 0.16111111111111112
4 0.465625 0.6361111111111111 0.058854166666666666 0.18611111111111112
2 0.8494791666666667 0.11574074074074074 0.08125 0.11481481481481481
1 0.7244791666666667 0.5194444444444445 0.115625 0.2601851851851852
7 0.4625 0.9444444444444444 0.08802083333333334 0.20277777777777778
2 0.5760416666666667 0.38055555555555554 0.06354166666666666 0.1287037037037037
1 0.7010416666666667 0.2916666666666667 0.10052083333333334 0.18703703703703703
5 0.9546875 0.41944444444444445 0.0921875 0.25925925925925924
1 0.6 0.175 0.06875 0.19907407407407407
2 0.70625 0.1287037037037037 0.08541666666666667 0.12314814814814815
3 0.43697916666666664 0.6555555555555556 0.08229166666666667 0.17777777777777778
3 0.7515625 0.6898148148148148 0.06614583333333333 0.1398148148148148
4 0.04583333333333333 0.8518518518518519 0.06197916666666667 0.175
3 0.9385416666666667 0.5138888888888888 0.0796875 0.13518518518518519
6 0.759375 0.687037037037037 0.1359375 0.24814814814814815
3 0.5609375 0.3277777777777778 0.0609375 0.07314814814814814
6 0.7447916666666666 0.6259259259259259 0.08854166666666667 0.18981481481481483
3 0.7020833333333333 0.3388888888888889 0.09270833333333334 0.13425925925925927
