6 0.3385416666666667 0.5324074074074074 0.09479166666666666 0.17592592592592593
3 0.39166666666666666 0.47685185185185186 0.03229166666666667 0.10648148148148148
1 0.3546875 0.24074074074074073 0.084375 0.1814814814814815
1 0.2171875 0.36944444444444446 0.09166666666666666 0.21203703703703702
6 0.265625 0.3731481481481482 0.103125 0.17407407407407408
2 0.26666666666666666 0.3675925925925926 0.12291666666666666 0.1787037037037037
4 0.4161458333333333 0.37777777777777777 0.08333333333333333 0.1111111111111111
1 0.22864583333333333 0.5509259259259259 0.12552083333333333 0.21574074074074073
2 0.37604166666666666 0.45555555555555555 0.0484375 0.07407407407407407
3 0.3729166666666667 0.8027777777777778 0.05 0.11296296296296296
3 0.159375 0.08703703703703704 0.08125 0.18888888888888888
4 0.084375 0.637962962962963 0.09166666666666666 0.14444444444444443
6 0.359375 0.45 0.04739583333333333 0.15
