6 0.8135416666666667 0.7870370370370371 0.06614583333333333 0.12222222222222222
3 0.8307291666666666 0.43703703703703706 0.04010416666666667 0.09814814814814815
2 0.6057291666666667 0.7129629629629629 0.11145833333333334 0.22407407407407406
4 0.0125 0.5388888888888889 0.0859375 0.17222222222222222
6 0.871875 0.687037037037037 0.11666666666666667 0.23148148148148148
2 0.9947916666666666 0.45185185185185184 0.0546875 0.09907407407407408
6 0.84375 0.24259259259259258 0.10729166666666666 0.175
1 0.8010416666666667 0.2824074074074074 0.084375 0.16296296296296298
6 0.8838541666666667 0.4601851851851852 0.1015625 0.17685185185185184
4 0.55 0.6666666666666666 0.06197916666666667 0.17407407407407408
6 0.934375 0.7129629629629629 0.1 0.18611111111111112
5 0.9880208333333333 0.25462962962962965 0.10208333333333333 0.29074074074074074
3 0.7916666666666666 0.9824074074074074 0.07239583333333334 0.10833333333333334
3 0.6984375 0.6425925925925926 0.0453125 0.1037037037037037
