4 0.5895833333333333 0.8416666666666667 0.0828125 0.14351851851851852
1 0.27447916666666666 0.24814814814814815 0.06614583333333333 0.11296296296296296
6 0.5432291666666667 0.575 0.15416666666666667 0.2777777777777778
5 0.259375 0.9324074074074075 0.11770833333333333 0.45555555555555555
6 0.390625 0.08148148148148149 0.14583333333333334 0.20925925925925926
3 0.5505208333333333 0.7379629629629629 0.10833333333333334 0.1685185185185185
6 0.23125 0.6037037037037037 0.115625 0.18333333333333332
2 0.4265625 0.25092592592592594 0.06822916666666666 0.15555555555555556
6 0.41770833333333335 0.5453703703703704 0.09114583333333333 0.14722222222222223
2 0.39947916666666666 0.3490740740740741 0.1015625 0.17685185185185184
4 0.49375 0.1648148148148148 0.0734375 0.18981481481481483
1 0.3484375 0.10925925925925926 0.115625 0.22407407407407406
2 0.60625 0.5768518518518518 0.0890625 0.2
3 0.17916666666666667 0.29814814814814816 0.04583333333333333 0.08796296296296297
2 0.3453125 0.24074074074074073 0.06041666666666667 0.10277777777777777
3 0.29739583333333336 0.3675925925925926 0.09010416666666667 0.16666666666666666
3 0.28229166666666666 0.49907407407407406 0.057291666666666664 0.06759259259259259
