3 0.24739583333333334 0.34629629629629627 0.04375 0.08981481481481482
4 0.19427083333333334 0.675 0.06302083333333333 0.21574074074074073
1 0.38697916666666665 0.32685185185185184 0.07604166666666666 0.13240740740740742
5 0.009895833333333333 0.7 0.16354166666666667 0.412962962962963
7 0.40625 0.12685185185185185 0.05572916666666667 0.15092592592592594
4 0.7588541666666667 0.475 0.09114583333333333 0.1527777777777778
3 0.3703125 0.3648148148148148 0.0546875 0.0962962962962963
1 0.26197916666666665 0.6768518518518518 0.06145833333333333 0.17592592592592593
6 0.4390625 0.34814814814814815 0.13489583333333333 0.25277777777777777
2 0.24895833333333334 0.44537037037037036 0.0984375 0.20277777777777778
