1 0.284375 0.41759259259259257 0.13697916666666668 0.2953703703703704
2 0.2708333333333333 0.4305555555555556 0.08020833333333334 0.13703703703703704
3 0.30364583333333334 0.5935185185185186 0.07135416666666666 0.10925925925925926
2 0.3046875 0.20462962962962963 0.11458333333333333 0.19444444444444445
1 0.371875 0.5805555555555556 0.1171875 0.2361111111111111
5 0.10989583333333333 0.5185185185185185 0.1046875 0.28425925925925927
1 0.31614583333333335 0.612037037037037 0.0984375 0.20555555555555555
2 0.23125 0.6277777777777778 0.08645833333333333 0.1537037037037037
3 0.3729166666666667 0.6620370370370371 0.03802083333333333 0.09166666666666666
6 0.4421875 0.32314814814814813 0.08697916666666666 0.1527777777777778
6 0.36770833333333336 0.41388888888888886 0.11770833333333333 0.21203703703703702
6 0.5526041666666667 0.712037037037037 0.12708333333333333 0.13703703703703704
2 0.5104166666666666 0.8351851851851851 0.09895833333333333 0.14907407407407408
2 0.5359375 0.7046296296296296 0.08020833333333334 0.1398148148148148
