6 0.9197916666666667 0.30648148148148147 0.09479166666666666 0.1537037037037037
1 0.8427083333333333 0.3611111111111111 0.08177083333333333 0.2064814814814815
3 0.7609375 0.5120370370370371 0.07395833333333333 0.14814814814814814
3 0.8953125 0.3824074074074074 0.06354166666666666 0.14074074074074075
6 0.5489583333333333 0.5638888888888889 0.06770833333333333 0.11944444444444445
1 0.4921875 0.5027777777777778 0.121875 0.22592592592592592
2 0.6661458333333333 0.7305555555555555 0.08177083333333333 0.12685185185185185
2 0.7609375 0.4935185185185185 0.06614583333333333 0.13055555555555556
2 0.7848958333333333 0.6518518518518519 0.06302083333333333 0.11574074074074074
3 0.8791666666666667 0.5842592592592593 0.0453125 0.1037037037037037
1 0.784375 0.2574074074074074 0.0953125 0.19722222222222222
1 0.7286458333333333 0.6712962962962963 0.15260416666666668 0.3314814814814815
