2 0.8036458333333333 0.28888888888888886 0.109375 0.19166666666666668
2 0.8177083333333334 0.2537037037037037 0.08854166666666667 0.1388888888888889
1 0.7463541666666667 0.6157407407407407 0.0625 0.1388888888888889
3 0.8192708333333333 0.462037037037037 0.0859375 0.15092592592592594
6 0.8833333333333333 0.5935185185185186 0.10625 0.18333333333333332
1 0.8057291666666667 0.4185185185185185 0.07708333333333334 0.14814814814814814
3 0.6317708333333333 0.5194444444444445 0.03854166666666667 0.08333333333333333
2 0.8322916666666667 0.6361111111111111 0.16041666666666668 0.23425925925925925
5 0.3885416666666667 0.8638888888888889 0.1625 0.45092592592592595
2 0.84375 0.4740740740740741 0.10104166666666667 0.15462962962962962
6 0.5822916666666667 0.1962962962962963 0.09166666666666666 0.12962962962962962
1 0.6291666666666667 0.5027777777777778 0.10885416666666667 0.25833333333333336
3 0.7958333333333333 0.6472222222222223 0.04791666666666667 0.10740740740740741
1 0.9614583333333333 0.18333333333333332 0.12864583333333332 0.2638888888888889
6 0.734375 0.3537037037037037 0.0953125 0.13055555555555556
