3 0.4734375 0.29259259259259257 0.08645833333333333 0.1527777777777778
6 0.6333333333333333 0.6277777777777778 0.07135416666666666 0.07777777777777778
2 0.24895833333333334 0.799074074074074 0.06822916666666666 0.11574074074074074
6 0.7046875 0.3675925925925926 0.1109375 0.16944444444444445
2 0.45625 0.28425925925925927 0.075 0.15
7 0.6135416666666667 0.3074074074074074 0.08958333333333333 0.14629629629629629
4 0.11666666666666667 0.1398148148148148 0.10364583333333334 0.19814814814814816
6 0.365625 0.44537037037037036 0.07552083333333333 0.18981481481481483
2 0.6078125 0.6601851851851852 0.07239583333333334 0.1175925925925926
3 0.5041666666666667 0.7472222222222222 0.07291666666666667 0.13518518518518519
5 0.8848958333333333 0.8453703703703703 0.1703125 0.5120370370370371
1 0.6130208333333333 0.5388888888888889 0.0578125 0.14537037037037037
4 0.36354166666666665 0.8194444444444444 0.07552083333333333 0.19814814814814816
3 0.40625 0.7064814814814815 0.03958333333333333 0.08611111111111111
3 0.4244791666666667 0.7305555555555555 0.065625 0.11018518518518519
3 0.5723958333333333 0.36666666666666664 0.05364583333333333 0.09074074074074075
6 0.3416666666666667 0.6138888888888889 0.09114583333333333 0.18518518518518517
