2 0.6333333333333333 0.462037037037037 0.1078125 0.17407407407407408
6 0.653125 0.33055555555555555 0.0734375 0.12685185185185185
2 0.9171875 0.6962962962962963 0.08489583333333334 0.14722222222222223
3 0.6713541666666667 0.5824074074074074 0.04791666666666667 0.09351851851851851
3 0.671875 0.2212962962962963 0.05416666666666667 0.06574074074074074
2 0.9270833333333334 0.17037037037037037 0.10260416666666666 0.1398148148148148
3 0.6682291666666667 0.5555555555555556 0.06666666666666667 0.12777777777777777
4 0.7489583333333333 0.3416666666666667 0.07604166666666666 0.14722222222222223
3 0.9458333333333333 0.2388888888888889 0.07604166666666666 0.15833333333333333
2 0.8442708333333333 0.34814814814814815 0.12291666666666666 0.19166666666666668
2 0.7177083333333333 0.6944444444444444 0.10520833333333333 0.15092592592592594
1 0.5979166666666667 0.7037037037037037 0.08697916666666666 0.21851851851851853
