1 0.20729166666666668 0.5916666666666667 0.06770833333333333 0.13703703703703704
3 0.1984375 0.4166666666666667 0.0828125 0.14351851851851852
2 0.1890625 0.25555555555555554 0.09166666666666666 0.12685185185185185
2 0.3260416666666667 0.12314814814814815 0.05416666666666667 0.08796296296296297
1 0.15520833333333334 0.6305555555555555 0.146875 0.27314814814814814
1 0.14114583333333333 0.7564814814814815 0.0484375 0.1175925925925926
1 0.1859375 0.33055555555555555 0.08854166666666667 0.17407407407407408
4 0.5609375 0.16111111111111112 0.090625 0.20092592592592592
3 0.2703125 0.6731481481481482 0.06614583333333333 0.1425925925925926
2 0.365625 0.10092592592592593 0.0875 0.14166666666666666
2 0.40677083333333336 0.5657407407407408 0.053125 0.08055555555555556
6 0.328125 0.4824074074074074 0.06354166666666666 0.09814814814814815
4 0.9932291666666667 0.2574074074074074 0.07395833333333333 0.11481481481481481
