6 0.7609375 0.2916666666666667 0.14895833333333333 0.23425925925925925
1 0.9005208333333333 0.7388888888888889 0.05 0.1361111111111111
1 0.76875 0.5768518518518518 0.06197916666666667 0.15
4 0.9026041666666667 0.6527777777777778 0.06041666666666667 0.19537037037037036
1 0.7880208333333333 0.34629629629629627 0.07708333333333334 0.17407407407407408
2 0.63125 0.2212962962962963 0.06822916666666666 0.11481481481481481
3 0.8229166666666666 0.6018518518518519 0.0453125 0.1111111111111111
6 0.6791666666666667 0.5425925925925926 0.075 0.12407407407407407
6 0.7380208333333333 0.5333333333333333 0.08541666666666667 0.15185185185185185
2 0.8171875 0.575 0.0625 0.1111111111111111
2 0.6619791666666667 0.23981481481481481 0.0625 0.11018518518518519
6 0.8109375 0.3527777777777778 0.07916666666666666 0.2388888888888889
7 0.7328125 0.6888888888888889 0.09479166666666666 0.18518518518518517
2 0.5692708333333333 0.3425925925925926 0.10833333333333334 0.2
4 0.6921875 0.03518518518518519 0.11458333333333333 0.2111111111111111
2 0.7645833333333333 0.4740740740740741 0.1015625 0.16666666666666666
