6 0.7453125 0.36018518518518516 0.10520833333333333 0.22592592592592592
3 0.8713541666666667 0.33425925925925926 0.06666666666666667 0.11666666666666667
2 0.7729166666666667 0.4027777777777778 0.078125 0.14166666666666666
6 0.7510416666666667 0.32685185185185184 0.12760416666666666 0.18703703703703703
2 0.6614583333333334 0.3351851851851852 0.0875 0.1361111111111111
2 0.8760416666666667 0.5444444444444444 0.08802083333333334 0.16574074074074074
6 0.7427083333333333 0.11203703703703703 0.12291666666666666 0.225
4 0.9953125 0.912962962962963 0.10729166666666666 0.1175925925925926
6 0.7515625 0.4166666666666667 0.17083333333333334 0.275
2 0.9333333333333333 0.14351851851851852 0.0796875 0.1648148148148148
3 0.6484375 0.6083333333333333 0.08541666666666667 0.19074074074074074
4 0.8921875 0.3490740740740741 0.0578125 0.1824074074074074
