4 0.23177083333333334 0.8731481481481481 0.07864583333333333 0.18425925925925926
2 0.6109375 0.5814814814814815 0.05625 0.08981481481481482
3 0.6432291666666666 0.27037037037037037 0.07916666666666666 0.2
2 0.7338541666666667 0.3925925925925926 0.0703125 0.12129629629629629
3 0.7078125 0.2324074074074074 0.0640625 0.10462962962962963
4 0.378125 0.6620370370370371 0.059375 0.1675925925925926
3 0.6401041666666667 0.44537037037037036 0.07604166666666666 0.14444444444444443
6 0.6921875 0.21388888888888888 0.0875 0.1287037037037037
6 0.7708333333333334 0.5685185185185185 0.19114583333333332 0.3101851851851852
1 0.8916666666666667 0.7138888888888889 0.13489583333333333 0.24444444444444444
