6 0.246875 0.019444444444444445 0.05572916666666667 0.10555555555555556
2 0.5260416666666666 0.20555555555555555 0.08177083333333333 0.18055555555555555
3 0.4786458333333333 0.44814814814814813 0.07239583333333334 0.08981481481481482
2 0.44114583333333335 0.32407407407407407 0.07135416666666666 0.09259259259259259
3 0.25677083333333334 0.09537037037037037 0.08125 0.17314814814814813
4 0.921875 0.5157407407407407 0.08489583333333334 0.2064814814814815
4 0.5994791666666667 0.8101851851851852 0.1078125 0.2064814814814815
2 0.5088541666666667 0.5824074074074074 0.0890625 0.12407407407407407
1 0.43125 0.2740740740740741 0.13229166666666667 0.24444444444444444
6 0.45 0.31851851851851853 0.10208333333333333 0.24814814814814815
7 0.42916666666666664 0.17777777777777778 0.10260416666666666 0.3
1 0.3890625 0.7324074074074074 0.13125 0.24074074074074073
