2 0.6744791666666666 0.4462962962962963 0.16458333333333333 0.21574074074074073
3 0.6 0.7907407407407407 0.0828125 0.14814814814814814
2 0.6119791666666666 0.6657407407407407 0.06666666666666667 0.08055555555555556
1 0.5338541666666666 0.35185185185185186 0.1375 0.27685185185185185
2 0.6026041666666667 0.562962962962963 0.09947916666666666 0.13240740740740742
3 0.8276041666666667 0.487962962962963 0.049479166666666664 0.09907407407407408
1 0.6140625 0.13703703703703704 0.05364583333333333 0.14537037037037037
4 0.7390625 0.6537037037037037 0.09583333333333334 0.2175925925925926
1 0.6083333333333333 0.7546296296296297 0.1359375 0.275
2 0.5057291666666667 0.5444444444444444 0.09895833333333333 0.1537037037037037
