5 0.6640625 0.44907407407407407 0.0953125 0.3851851851851852
2 0.7546875 0.6648148148148149 0.109375 0.2037037037037037
6 0.7802083333333333 0.43425925925925923 0.0703125 0.12129629629629629
2 0.6838541666666667 0.7157407407407408 0.050520833333333334 0.0824074074074074
6 0.69375 0.8814814814814815 0.128125 0.21481481481481482
6 0.7989583333333333 0.5157407407407407 0.06145833333333333 0.10277777777777777
1 0.6947916666666667 0.5731481481481482 0.08645833333333333 0.21481481481481482
1 0.5296875 0.3055555555555556 0.13020833333333334 0.2490740740740741
1 0.8697916666666666 0.6694444444444444 0.0609375 0.13796296296296295
3 0.8838541666666667 0.43796296296296294 0.09739583333333333 0.1175925925925926
6 0.8515625 0.30648148148148147 0.16927083333333334 0.24351851851851852
1 0.71875 0.24814814814814815 0.07135416666666666 0.125
