2 0.4578125 0.27037037037037037 0.08125 0.18518518518518517
2 0.6104166666666667 0.012037037037037037 0.1125 0.18055555555555555
6 0.41458333333333336 0.1287037037037037 0.057291666666666664 0.13703703703703704
1 0.6203125 0.23333333333333334 0.10364583333333334 0.1814814814814815
3 0.46770833333333334 0.275 0.058854166666666666 0.17037037037037037
2 0.2760416666666667 0.36944444444444446 0.12916666666666668 0.23333333333333334
4 0.44427083333333334 0.4777777777777778 0.08697916666666666 0.16574074074074074
2 0.6625 0.5351851851851852 0.07239583333333334 0.13240740740740742
3 0.3625 0.25 0.090625 0.2101851851851852
1 0.3546875 0.30185185185185187 0.10677083333333333 0.22962962962962963
4 0.5890625 0.27037037037037037 0.071875 0.13055555555555556
2 0.32135416666666666 0.1 0.12083333333333333 0.1935185185185185
