3 0.5421875 0.6037037037037037 0.0453125 0.10833333333333334
3 0.753125 0.337037037037037 0.09947916666666666 0.18333333333333332
6 0.45 0.21574074074074073 0.11354166666666667 0.17222222222222222
4 0.865625 0.8111111111111111 0.05520833333333333 0.15555555555555556
4 0.32760416666666664 0.7194444444444444 0.07552083333333333 0.20277777777777778
3 0.5890625 0.28888888888888886 0.04375 0.1638888888888889
3 0.5197916666666667 0.10740740740740741 0.08541666666666667 0.1787037037037037
2 0.6161458333333333 0.20555555555555555 0.0859375 0.13055555555555556
6 0.90625 0.45740740740740743 0.11197916666666667 0.24166666666666667
3 0.6520833333333333 0.4166666666666667 0.109375 0.22037037037037038
3 0.7020833333333333 0.2351851851851852 0.0546875 0.06481481481481481
2 0.61875 0.5787037037037037 0.1203125 0.1935185185185185
7 0.8135416666666667 0.5212962962962963 0.0875 0.15555555555555556
