6 0.7390625 0.15 0.11354166666666667 0.18518518518518517
3 0.878125 0.5907407407407408 0.065625 0.1537037037037037
1 0.6869791666666667 0.06574074074074074 0.11875 0.3175925925925926
2 0.8026041666666667 0.5416666666666666 0.14739583333333334 0.2361111111111111
1 0.7078125 0.549074074074074 0.10729166666666666 0.20555555555555555
3 0.8494791666666667 0.5555555555555556 0.059375 0.0787037037037037
4 0.19739583333333333 0.7138888888888889 0.11041666666666666 0.18981481481481483
1 0.5588541666666667 0.4740740740740741 0.07447916666666667 0.19722222222222222
6 0.9609375 0.21388888888888888 0.15364583333333334 0.2351851851851852
3 0.6989583333333333 0.2064814814814815 0.06666666666666667 0.11203703703703703
6 0.9005208333333333 0.3398148148148148 0.1390625 0.22777777777777777
1 0.5161458333333333 0.6675925925925926 0.10260416666666666 0.2361111111111111
