5 0.3619791666666667 0.7416666666666667 0.153125 0.3861111111111111
1 0.4244791666666667 0.5444444444444444 0.0625 0.1388888888888889
1 0.4791666666666667 0.812037037037037 0.07135416666666666 0.16018518518518518
2 0.7411458333333333 0.637962962962963 0.14114583333333333 0.16296296296296298
1 0.37552083333333336 0.6583333333333333 0.12760416666666666 0.23333333333333334
3 0.44479166666666664 0.32222222222222224 0.08072916666666667 0.1388888888888889
3 0.3807291666666667 0.5583333333333333 0.07864583333333333 0.15555555555555556
6 0.3375 0.6287037037037037 0.10885416666666667 0.24259259259259258
3 0.35572916666666665 0.7046296296296296 0.078125 0.17685185185185184
3 0.5963541666666666 0.6046296296296296 0.058854166666666666 0.09259259259259259
