4 0.328125 0.9629629629629629 0.0890625 0.23703703703703705
7 0.009375 0.09907407407407408 0.08020833333333334 0.175
1 0.41510416666666666 0.7833333333333333 0.10052083333333334 0.17037037037037037
2 0.23958333333333334 0.4361111111111111 0.06145833333333333 0.1259259259259259
3 0.34375 0.8481481481481481 0.0859375 0.1824074074074074
3 0.39479166666666665 0.6972222222222222 0.06979166666666667 0.21851851851851853
6 0.38177083333333334 0.8074074074074075 0.12604166666666666 0.16666666666666666
1 0.3328125 0.6981481481481482 0.13697916666666668 0.23981481481481481
4 0.2947916666666667 0.3574074074074074 0.06510416666666667 0.16296296296296298
2 0.2546875 0.8009259259259259 0.058854166666666666 0.11296296296296296
5 0.3338541666666667 0.20925925925925926 0.128125 0.48148148148148145
6 0.196875 0.6712962962962963 0.06666666666666667 0.1037037037037037
6 0.31666666666666665 0.7944444444444444 0.121875 0.1287037037037037
3 0.4036458333333333 0.5175925925925926 0.040625 0.09722222222222222
