7 0.4588541666666667 0.43796296296296294 0.10677083333333333 0.21944444444444444
4 0.5494791666666666 0.7490740740740741 0.0953125 0.1388888888888889
3 0.6291666666666667 0.3925925925925926 0.08072916666666667 0.11851851851851852
4 0.9307291666666667 0.1814814814814815 0.10260416666666666 0.24259259259259258
2 0.6041666666666666 0.3138888888888889 0.08072916666666667 0.15555555555555556
6 0.89375 0.4703703703703704 0.08125 0.1537037037037037
6 0.8765625 0.26296296296296295 0.11822916666666666 0.18703703703703703
3 0.8213541666666667 0.2388888888888889 0.11041666666666666 0.18333333333333332
3 0.7453125 0.4185185185185185 0.07239583333333334 0.16111111111111112
6 0.8973958333333333 0.044444444444444446 0.12760416666666666 0.22407407407407406
