1 0.3046875 0.16944444444444445 0.14322916666666666 0.24537037037037038
1 0.28541666666666665 0.0712962962962963 0.06770833333333333 0.13518518518518519
5 0.8677083333333333 0.8564814814814815 0.12760416666666666 0.44722222222222224
2 0.19010416666666666 0.5546296296296296 0.09010416666666667 0.15462962962962962
3 0.34375 0.3351851851851852 0.059895833333333336 0.07777777777777778
4 0.9270833333333334 0.27037037037037037 0.06041666666666667 0.18425925925925926
1 0.303125 0.2675925925925926 0.09166666666666666 0.1814814814814815
6 0.2640625 0.4537037037037037 0.13645833333333332 0.22592592592592592
4 0.3765625 0.3972222222222222 0.09791666666666667 0.20555555555555555
1 0.25677083333333334 0.28888888888888886 0.11979166666666667 0.2361111111111111
2 0.20677083333333332 0.23425925925925925 0.1203125 0.19444444444444445
2 0.21666666666666667 0.43425925925925923 0.11197916666666667 0.23333333333333334
6 0.234375 0.47314814814814815 0.10104166666666667 0.1712962962962963
2 0.14010416666666667 0.4074074074074074 0.051041666666666666 0.1175925925925926
