1 0.3328125 0.6277777777777778 0.1234375 0.21481481481481482
2 0.440625 0.4064814814814815 0.07239583333333334 0.11574074074074074
4 0.8239583333333333 0.4703703703703704 0.08645833333333333 0.12777777777777777
1 0.44947916666666665 0.42962962962962964 0.07916666666666666 0.14629629629629629
4 0.403125 0.7518518518518519 0.090625 0.1685185185185185
2 0.43385416666666665 0.32592592592592595 0.06145833333333333 0.12962962962962962
5 0.9515625 0.9787037037037037 0.1109375 0.34629629629629627
1 0.49635416666666665 0.8518518518518519 0.14114583333333333 0.2861111111111111
1 0.6578125 0.4351851851851852 0.10885416666666667 0.20925925925925926
3 0.55625 0.49074074074074076 0.03697916666666667 0.06851851851851852
6 0.28489583333333335 0.612037037037037 0.1546875 0.20925925925925926
