1 0.2942708333333333 0.4685185185185185 0.08125 0.175
1 0.228125 0.026851851851851852 0.0734375 0.14722222222222223
6 0.3796875 0.7888888888888889 0.11145833333333334 0.18611111111111112
5 0.4640625 0.45185185185185184 0.11979166666666667 0.3194444444444444
3 0.10677083333333333 0.32592592592592595 0.1203125 0.21203703703703702
2 0.3848958333333333 0.6592592592592592 0.0546875 0.11851851851851852
4 0.9348958333333334 0.8666666666666667 0.06354166666666666 0.17037037037037037
6 0.46770833333333334 0.3814814814814815 0.10677083333333333 0.19166666666666668
7 0.15625 0.0962962962962963 0.078125 0.1787037037037037
6 0.221875 0.5435185185185185 0.08802083333333334 0.13055555555555556
1 0.28125 0.5935185185185186 0.09166666666666666 0.17037037037037037
3 0.228125 0.5518518518518518 0.05416666666666667 0.1259259259259259
6 0.2604166666666667 0.4583333333333333 0.10625 0.16203703703703703
6 0.13802083333333334 0.7379629629629629 0.07864583333333333 0.1425925925925926
3 0.17395833333333333 0.3824074074074074 0.058854166666666666 0.10092592592592593
6 0.403125 0.3675925925925926 0.0609375 0.12962962962962962
4 0.03854166666666667 0.5407407407407407 0.08125 0.17685185185185184
