2 0.4484375 0.38055555555555554 0.06875 0.10555555555555556
4 0.9125 0.5407407407407407 0.07395833333333333 0.20092592592592592
2 0.4713541666666667 0.49537037037037035 0.05260416666666667 0.1037037037037037
2 0.5510416666666667 0.35833333333333334 0.071875 0.12314814814814815
1 0.44427083333333334 0.20185185185185187 0.0578125 0.1287037037037037
2 0.42083333333333334 0.8740740740740741 0.058333333333333334 0.08055555555555556
4 0.7520833333333333 0.7407407407407407 0.0890625 0.1685185185185185
1 0.18125 0.12314814814814815 0.12552083333333333 0.2361111111111111
7 0.4401041666666667 0.21944444444444444 0.07135416666666666 0.1787037037037037
6 0.5729166666666666 0.5435185185185185 0.075 0.13333333333333333
6 0.4015625 0.8462962962962963 0.12552083333333333 0.2564814814814815
1 0.5166666666666667 0.275 0.04583333333333333 0.12129629629629629
