1 0.5046875 0.23055555555555557 0.07916666666666666 0.14444444444444443
6 0.4078125 0.7509259259259259 0.08072916666666667 0.19166666666666668
6 0.5114583333333333 0.4101851851851852 0.06041666666666667 0.1037037037037037
4 0.5776041666666667 0.6453703703703704 0.08177083333333333 0.2074074074074074
3 0.5125 0.24722222222222223 0.10677083333333333 0.14537037037037037
2 0.5322916666666667 0.337037037037037 0.096875 0.18333333333333332
6 0.6526041666666667 0.17592592592592593 0.12239583333333333 0.22314814814814815
1 0.6927083333333334 0.4101851851851852 0.10885416666666667 0.22407407407407406
6 0.42916666666666664 0.7796296296296297 0.10416666666666667 0.21203703703703702
3 0.5166666666666667 0.38055555555555554 0.06458333333333334 0.14074074074074075
4 0.4947916666666667 0.7648148148148148 0.08385416666666666 0.16296296296296298
3 0.5776041666666667 0.37592592592592594 0.058854166666666666 0.12129629629629629
2 0.6604166666666667 0.6129629629629629 0.05572916666666667 0.09537037037037037
6 0.31302083333333336 0.674074074074074 0.058333333333333334 0.12222222222222222
5 0.971875 0.25462962962962965 0.13802083333333334 0.34814814814814815
