1 0.5244791666666667 0.29074074074074074 0.0703125 0.1527777777777778
6 0.6130208333333333 0.4527777777777778 0.1453125 0.25925925925925924
1 0.6442708333333333 0.5074074074074074 0.050520833333333334 0.1037037037037037
6 0.7291666666666666 0.33240740740740743 0.10833333333333334 0.1685185185185185
2 0.6458333333333334 0.36944444444444446 0.06822916666666666 0.10092592592592593
1 0.6375 0.38055555555555554 0.12395833333333334 0.24814814814814815
5 0.4505208333333333 0.8324074074074074 0.15885416666666666 0.4111111111111111
3 0.7609375 0.5055555555555555 0.07291666666666667 0.21944444444444444
2 0.803125 0.5824074074074074 0.090625 0.125
3 0.5088541666666667 0.33611111111111114 0.0640625 0.1537037037037037
1 0.7895833333333333 0.3435185185185185 0.08385416666666666 0.18611111111111112
2 0.6703125 0.40925925925925927 0.09375 0.1814814814814815
