6 0.359375 0.6814814814814815 0.06458333333333334 0.15555555555555556
6 0.18072916666666666 0.8768518518518519 0.1359375 0.23796296296296296
4 0.6244791666666667 0.1361111111111111 0.11458333333333333 0.24259259259259258
4 0.5796875 0.8981481481481481 0.096875 0.18055555555555555
1 0.30885416666666665 0.33611111111111114 0.103125 0.2
2 0.25625 0.6083333333333333 0.06510416666666667 0.14814814814814814
6 0.2630208333333333 0.5824074074074074 0.071875 0.1574074074074074
1 0.45208333333333334 0.5157407407407407 0.11770833333333333 0.26296296296296295
2 0.13697916666666668 0.6925925925925925 0.050520833333333334 0.07037037037037037
2 0.453125 0.7675925925925926 0.09375 0.1638888888888889
1 0.121875 0.39351851851851855 0.08958333333333333 0.19444444444444445
2 0.309375 0.3768518518518518 0.0890625 0.14074074074074075
1 0.48385416666666664 0.9740740740740741 0.11875 0.23703703703703705
3 0.28229166666666666 0.9722222222222222 0.041666666666666664 0.10740740740740741
3 0.19322916666666667 0.8138888888888889 0.0734375 0.1685185185185185
3 0.2 0.6675925925925926 0.0796875 0.1824074074074074
