4 0.059895833333333336 0.06111111111111111 0.09010416666666667 0.1675925925925926
6 0.7057291666666666 0.5972222222222222 0.08385416666666666 0.14907407407407408
5 0.9088541666666666 0.3055555555555556 0.19791666666666666 0.5037037037037037
6 0.5041666666666667 0.8083333333333333 0.12239583333333333 0.24074074074074073
3 0.5427083333333333 0.5268518518518519 0.09895833333333333 0.20092592592592592
3 0.8083333333333333 0.6305555555555555 0.0625 0.09907407407407408
1 0.5109375 0.5833333333333334 0.14322916666666666 0.27685185185185185
3 0.5625 0.725925925925926 0.08177083333333333 0.18333333333333332
2 0.5208333333333334 0.7768518518518519 0.07239583333333334 0.11203703703703703
3 0.6640625 0.6722222222222223 0.0921875 0.14722222222222223
6 0.49375 0.6185185185185185 0.13333333333333333 0.22314814814814815
6 0.590625 0.6222222222222222 0.09270833333333334 0.16203703703703703
6 0.7177083333333333 0.5712962962962963 0.1359375 0.2388888888888889
3 0.7057291666666666 0.5731481481481482 0.07239583333333334 0.20555555555555555
2 0.4708333333333333 0.6842592592592592 0.04895833333333333 0.08703703703703704
1 0.8020833333333334 0.9037037037037037 0.078125 0.1574074074074074
