3 0.30572916666666666 0.4361111111111111 0.0453125 0.13333333333333333
6 0.5447916666666667 0.5342592592592592 0.16197916666666667 0.27870370370370373
1 0.6140625 0.3972222222222222 0.11666666666666667 0.19722222222222222
4 0.2791666666666667 0.38055555555555554 0.103125 0.21666666666666667
2 0.4270833333333333 0.6888888888888889 0.058854166666666666 0.0962962962962963
4 0.6802083333333333 0.7 0.1140625 0.17777777777777778
1 0.4375 0.28703703703703703 0.06197916666666667 0.12407407407407407
6 0.48020833333333335 0.7546296296296297 0.06041666666666667 0.09814814814814815
1 0.5744791666666667 0.4351851851851852 0.10520833333333333 0.2037037037037037
2 0.6682291666666667 0.600925925925926 0.090625 0.13055555555555556
2 0.8390625 0.41574074074074074 0.06041666666666667 0.11851851851851852
1 0.4239583333333333 0.20092592592592592 0.10208333333333333 0.21203703703703702
2 0.4375 0.20277777777777778 0.10729166666666666 0.16203703703703703
6 0.8322916666666667 0.37407407407407406 0.125 0.22870370370370371
1 0.40520833333333334 0.5796296296296296 0.0875 0.1648148148148148
