3 0.7401041666666667 0.8888888888888888 0.07395833333333333 0.10462962962962963
3 0.8125 0.9629629629629629 0.042708333333333334 0.05462962962962963
2 0.7786458333333334 0.9953703703703703 0.09479166666666666 0.15925925925925927
2 0.8447916666666667 0.4388888888888889 0.08072916666666667 0.09166666666666666
4 0.8807291666666667 0.525 0.07239583333333334 0.19166666666666668
6 0.5729166666666666 0.3712962962962963 0.0765625 0.12777777777777777
4 0.37135416666666665 0.9231481481481482 0.08645833333333333 0.21388888888888888
5 0.9838541666666667 0.5009259259259259 0.1265625 0.3435185185185185
1 0.7432291666666667 0.6981481481481482 0.075 0.13055555555555556
1 0.6895833333333333 0.7666666666666667 0.07447916666666667 0.1425925925925926
1 0.728125 0.3907407407407407 0.0890625 0.1962962962962963
3 0.6755208333333333 0.8055555555555556 0.0609375 0.09814814814814815
6 0.7828125 0.8203703703703704 0.17604166666666668 0.2537037037037037
1 0.5484375 0.3388888888888889 0.11302083333333333 0.23425925925925925
