2 0.6223958333333334 0.6444444444444445 0.11197916666666667 0.17222222222222222
3 0.3645833333333333 0.5166666666666667 0.06302083333333333 0.09166666666666666
2 0.30416666666666664 0.7018518518518518 0.0515625 0.07592592592592592
5 0.1921875 0.9305555555555556 0.196875 0.5027777777777778
6 0.6270833333333333 0.5388888888888889 0.07239583333333334 0.1037037037037037
6 0.3807291666666667 0.3685185185185185 0.12604166666666666 0.21851851851851853
4 0.9192708333333334 0.0 0.06510416666666667 0.1537037037037037
2 0.7026041666666667 0.10648148148148148 0.049479166666666664 0.07407407407407407
2 0.40260416666666665 0.549074074074074 0.08020833333333334 0.10648148148148148
1 0.6223958333333334 0.37222222222222223 0.06927083333333334 0.12222222222222222
6 0.6270833333333333 0.674074074074074 0.1328125 0.22407407407407406
6 0.6239583333333333 0.3731481481481482 0.07604166666666666 0.1287037037037037
6 0.39947916666666666 0.31851851851851853 0.12864583333333332 0.2490740740740741
3 0.44895833333333335 0.6703703703703704 0.1046875 0.20277777777777778
3 0.4041666666666667 0.5861111111111111 0.0875 0.18333333333333332
