3 0.6036458333333333 0.637962962962963 0.07083333333333333 0.14907407407407408
3 0.7588541666666667 0.812037037037037 0.08958333333333333 0.14814814814814814
5 0.9473958333333333 0.5027777777777778 0.30520833333333336 0.6277777777777778
3 0.7270833333333333 0.5731481481481482 0.08697916666666666 0.2074074074074074
4 0.20833333333333334 0.2935185185185185 0.078125 0.2064814814814815
3 0.4630208333333333 0.6907407407407408 0.042708333333333334 0.1111111111111111
1 0.6213541666666667 0.5398148148148149 0.0828125 0.21481481481481482
2 0.7598958333333333 0.7583333333333333 0.0890625 0.1527777777777778
3 0.5916666666666667 0.7018518518518518 0.0640625 0.13518518518518519
2 0.5328125 0.43796296296296294 0.1203125 0.18888888888888888
3 0.653125 0.7055555555555556 0.07552083333333333 0.11388888888888889
