3 0.36770833333333336 0.45925925925925926 0.04739583333333333 0.11666666666666667
3 0.371875 0.6388888888888888 0.058854166666666666 0.1037037037037037
2 0.4083333333333333 0.3648148148148148 0.06875 0.11944444444444445
2 0.3619791666666667 0.33611111111111114 0.084375 0.12037037037037036
4 0.0390625 0.6138888888888889 0.11614583333333334 0.17037037037037037
1 0.4078125 0.8407407407407408 0.0828125 0.19074074074074074
2 0.16927083333333334 0.6222222222222222 0.059375 0.09074074074074075
2 0.44166666666666665 0.44351851851851853 0.13333333333333333 0.15
2 0.44375 0.7398148148148148 0.1109375 0.14722222222222223
6 0.4354166666666667 0.44907407407407407 0.10989583333333333 0.24351851851851852
6 0.5052083333333334 0.8898148148148148 0.058854166666666666 0.10833333333333334
2 0.5572916666666666 0.3888888888888889 0.059375 0.08888888888888889
2 0.31197916666666664 0.6842592592592592 0.06875 0.125
