6 0.32395833333333335 0.4046296296296296 0.08854166666666667 0.14722222222222223
2 0.17395833333333333 0.38055555555555554 0.07552083333333333 0.14629629629629629
2 0.21614583333333334 0.44537037037037036 0.11145833333333334 0.1398148148148148
1 0.3177083333333333 0.36666666666666664 0.0828125 0.16666666666666666
2 0.4609375 0.8268518518518518 0.09479166666666666 0.15833333333333333
4 0.26979166666666665 0.937037037037037 0.07239583333333334 0.17592592592592593
1 0.29270833333333335 0.7898148148148149 0.058333333333333334 0.11851851851851852
1 0.23697916666666666 0.5601851851851852 0.06614583333333333 0.13703703703703704
3 0.31197916666666664 0.6462962962962963 0.07083333333333333 0.13703703703703704
6 0.2640625 0.5018518518518519 0.09635416666666667 0.18703703703703703
5 0.18385416666666668 0.9777777777777777 0.0890625 0.2537037037037037
3 0.23802083333333332 0.48148148148148145 0.057291666666666664 0.13703703703703704
3 0.3421875 0.4981481481481482 0.05520833333333333 0.12962962962962962
