2 0.353125 0.3472222222222222 0.08333333333333333 0.12962962962962962
4 0.2078125 0.8018518518518518 0.0875 0.21481481481481482
1 0.271875 0.38796296296296295 0.065625 0.16018518518518518
1 0.17291666666666666 0.43703703703703706 0.14427083333333332 0.30462962962962964
6 0.33177083333333335 0.6074074074074074 0.0953125 0.1574074074074074
6 0.4546875 0.9064814814814814 0.08229166666666667 0.14074074074074075
4 0.6953125 0.7212962962962963 0.10572916666666667 0.15555555555555556
6 0.34375 0.7953703703703704 0.06302083333333333 0.11296296296296296
1 0.24270833333333333 0.5981481481481481 0.1234375 0.2796296296296296
2 0.32135416666666666 0.5083333333333333 0.09375 0.16574074074074074
