4 0.5671875 0.7425925925925926 0.090625 0.21481481481481482
2 0.5088541666666667 0.6907407407407408 0.0671875 0.07962962962962963
3 0.6697916666666667 0.7731481481481481 0.0453125 0.12222222222222222
7 0.30520833333333336 0.5185185185185185 0.0984375 0.15648148148148147
6 0.4203125 0.6435185185185185 0.09791666666666667 0.21388888888888888
1 0.4375 0.4842592592592593 0.08697916666666666 0.1638888888888889
2 0.5026041666666666 0.7453703703703703 0.09427083333333333 0.12777777777777777
4 0.284375 0.674074074074074 0.08229166666666667 0.21203703703703702
2 0.3807291666666667 0.47314814814814815 0.044270833333333336 0.10092592592592593
2 0.2942708333333333 0.6796296296296296 0.05364583333333333 0.08333333333333333
2 0.221875 0.38333333333333336 0.10416666666666667 0.21388888888888888
6 0.5328125 0.725925925925926 0.06145833333333333 0.10185185185185185
