1 0.7552083333333334 0.4185185185185185 0.1625 0.2796296296296296
6 0.7953125 0.5666666666666667 0.14114583333333333 0.24814814814814815
1 0.9526041666666667 0.2074074074074074 0.08229166666666667 0.1537037037037037
7 0.8875 0.03888888888888889 0.06145833333333333 0.15833333333333333
4 0.027083333333333334 0.6898148148148148 0.09322916666666667 0.17592592592592593
6 0.8385416666666666 0.5657407407407408 0.09895833333333333 0.14722222222222223
2 0.7828125 0.30277777777777776 0.1078125 0.14907407407407408
2 0.66875 0.2722222222222222 0.11302083333333333 0.18796296296296297
4 0.3963541666666667 0.4675925925925926 0.10416666666666667 0.2037037037037037
2 0.8729166666666667 0.09907407407407408 0.10260416666666666 0.1648148148148148
3 0.83125 0.34074074074074073 0.04583333333333333 0.08518518518518518
3 0.7072916666666667 0.21574074074074073 0.058854166666666666 0.12962962962962962
1 0.6833333333333333 0.41759259259259257 0.12135416666666667 0.25092592592592594
