2 0.33541666666666664 0.8407407407407408 0.12083333333333333 0.1398148148148148
6 0.3651041666666667 0.9407407407407408 0.09895833333333333 0.17685185185185184
3 0.5 0.4166666666666667 0.052083333333333336 0.12037037037037036
6 0.4171875 0.8009259259259259 0.115625 0.2222222222222222
3 0.39739583333333334 0.8981481481481481 0.059375 0.1037037037037037
6 0.4625 0.4351851851851852 0.08125 0.14074074074074075
1 0.28489583333333335 0.6074074074074074 0.09427083333333333 0.27037037037037037
2 0.40677083333333336 0.4425925925925926 0.06510416666666667 0.10833333333333334
6 0.396875 0.725925925925926 0.16302083333333334 0.2675925925925926
2 0.42552083333333335 0.06759259259259259 0.07135416666666666 0.15648148148148147
1 0.5765625 0.37037037037037035 0.13854166666666667 0.25833333333333336
1 0.2677083333333333 0.7435185185185185 0.08697916666666666 0.1685185185185185
6 0.2921875 0.9694444444444444 0.1328125 0.2898148148148148
1 0.6463541666666667 0.33240740740740743 0.06614583333333333 0.1361111111111111
