3 0.33958333333333335 0.008333333333333333 0.0453125 0.13148148148148148
2 0.36666666666666664 0.487962962962963 0.1140625 0.1787037037037037
4 0.5921875 0.31574074074074077 0.09166666666666666 0.22407407407407406
4 0.9541666666666667 0.5444444444444444 0.0984375 0.17962962962962964
7 0.6921875 0.7944444444444444 0.049479166666666664 0.18981481481481483
5 0.5135416666666667 0.5583333333333333 0.1 0.3148148148148148
6 0.465625 0.5435185185185185 0.16927083333333334 0.2712962962962963
2 0.21145833333333333 0.11296296296296296 0.13697916666666668 0.25092592592592594
2 0.4119791666666667 0.275 0.0875 0.14722222222222223
3 0.4109375 0.2351851851851852 0.09895833333333333 0.1638888888888889
