6 0.9640625 0.675 0.175 0.3148148148148148
6 0.6432291666666666 0.5212962962962963 0.11302083333333333 0.20277777777777778
4 0.8734375 0.28703703703703703 0.06510416666666667 0.17592592592592593
3 0.6385416666666667 0.6287037037037037 0.08385416666666666 0.16574074074074074
6 0.6640625 0.20092592592592592 0.0734375 0.1111111111111111
4 0.0203125 0.1675925925925926 0.08072916666666667 0.1398148148148148
6 0.6385416666666667 0.6388888888888888 0.0578125 0.09907407407407408
3 0.75 0.5944444444444444 0.08697916666666666 0.2037037037037037
6 0.6484375 0.562037037037037 0.09427083333333333 0.1675925925925926
3 0.9052083333333333 0.5425925925925926 0.0734375 0.13055555555555556
2 0.7234375 0.1574074074074074 0.10572916666666667 0.14074074074074075
3 0.921875 0.4222222222222222 0.0625 0.0962962962962963
3 0.6536458333333334 0.7240740740740741 0.07447916666666667 0.14722222222222223
