2 0.17864583333333334 0.8009259259259259 0.1 0.17222222222222222
1 0.4921875 0.6314814814814815 0.1140625 0.22870370370370371
3 0.31197916666666664 0.5416666666666666 0.07291666666666667 0.1537037037037037
3 0.4557291666666667 0.6324074074074074 0.07708333333333334 0.1388888888888889
1 0.4942708333333333 0.22870370370370371 0.0953125 0.22314814814814815
2 0.5901041666666667 0.6194444444444445 0.11145833333333334 0.18611111111111112
2 0.45729166666666665 0.20925925925925926 0.07239583333333334 0.1685185185185185
1 0.39427083333333335 0.15092592592592594 0.08697916666666666 0.18055555555555555
5 0.940625 0.9981481481481481 0.12760416666666666 0.31296296296296294
6 0.4166666666666667 0.33796296296296297 0.09583333333333334 0.14814814814814814
6 0.5046875 0.5851851851851851 0.1390625 0.22870370370370371
6 0.5947916666666667 0.7166666666666667 0.09375 0.1574074074074074
