3 0.015104166666666667 0.6888888888888889 0.09895833333333333 0.17222222222222222
1 0.3390625 0.30833333333333335 0.0703125 0.14444444444444443
1 0.2682291666666667 0.006481481481481481 0.11510416666666666 0.24259259259259258
1 0.3255208333333333 0.21481481481481482 0.0875 0.24259259259259258
3 0.26614583333333336 0.5296296296296297 0.09114583333333333 0.15833333333333333
2 0.5796875 0.42962962962962964 0.0953125 0.22037037037037038
6 0.115625 0.125 0.0515625 0.1175925925925926
3 0.2755208333333333 0.2564814814814815 0.051041666666666666 0.11666666666666667
6 0.18020833333333333 0.14537037037037037 0.07239583333333334 0.1574074074074074
2 0.20416666666666666 0.35 0.11666666666666667 0.18055555555555555
3 0.24479166666666666 0.3731481481481482 0.0953125 0.14629629629629629
6 0.37447916666666664 0.17685185185185184 0.0796875 0.10648148148148148
6 0.24479166666666666 0.3314814814814815 0.1390625 0.1935185185185185
6 0.2942708333333333 0.3472222222222222 0.13229166666666667 0.2861111111111111
