1 0.1828125 0.7527777777777778 0.07135416666666666 0.13333333333333333
3 0.2869791666666667 0.9166666666666666 0.06510416666666667 0.10740740740740741
5 0.15677083333333333 0.24166666666666667 0.1828125 0.46944444444444444
1 0.2609375 0.9842592592592593 0.08697916666666666 0.18425925925925926
2 0.075 0.6 0.08072916666666667 0.1787037037037037
3 0.31927083333333334 0.3814814814814815 0.08333333333333333 0.11666666666666667
3 0.24479166666666666 0.4777777777777778 0.10572916666666667 0.175
1 0.1390625 0.5907407407407408 0.12083333333333333 0.24814814814814815
3 0.3375 0.562037037037037 0.08020833333333334 0.18703703703703703
3 0.3171875 0.7 0.09322916666666667 0.20277777777777778
6 0.26197916666666665 0.6175925925925926 0.1234375 0.22037037037037038
1 0.3958333333333333 0.762962962962963 0.06979166666666667 0.13796296296296295
4 0.5041666666666667 0.08425925925925926 0.10677083333333333 0.18333333333333332
