6 0.3984375 0.20555555555555555 0.18177083333333333 0.2564814814814815
6 0.203125 0.3416666666666667 0.13125 0.23796296296296296
6 0.34791666666666665 0.5083333333333333 0.075 0.09907407407407408
3 0.5510416666666667 0.7138888888888889 0.08541666666666667 0.19444444444444445
5 0.7979166666666667 0.6898148148148148 0.159375 0.4398148148148148
3 0.07239583333333334 0.8111111111111111 0.0484375 0.1037037037037037
4 0.9666666666666667 0.4861111111111111 0.06979166666666667 0.20277777777777778
3 0.3734375 0.3814814814814815 0.07604166666666666 0.17037037037037037
6 0.3453125 0.6925925925925925 0.125 0.2564814814814815
2 0.4354166666666667 0.7703703703703704 0.05677083333333333 0.08611111111111111
4 0.30364583333333334 0.6370370370370371 0.11458333333333333 0.1935185185185185
7 0.20416666666666666 0.35648148148148145 0.0640625 0.15925925925925927
1 0.34375 0.5648148148148148 0.128125 0.26666666666666666
2 0.45989583333333334 0.5972222222222222 0.06666666666666667 0.09444444444444444
3 0.3145833333333333 0.23055555555555557 0.0828125 0.17037037037037037
6 0.56875 0.6805555555555556 0.06458333333333334 0.13425925925925927
3 0.4661458333333333 0.5185185185185185 0.1078125 0.14629629629629629
