3 0.5609375 0.5916666666666667 0.11354166666666667 0.16574074074074074
7 0.1875 0.7944444444444444 0.09947916666666666 0.1398148148148148
2 0.45260416666666664 0.4935185185185185 0.0875 0.14907407407407408
2 0.5520833333333334 0.6055555555555555 0.071875 0.13703703703703704
2 0.6052083333333333 0.7638888888888888 0.05260416666666667 0.08055555555555556
6 0.6770833333333334 0.7648148148148148 0.103125 0.15833333333333333
1 0.5385416666666667 0.5527777777777778 0.10885416666666667 0.2111111111111111
4 0.09427083333333333 0.47314814814814815 0.08125 0.16111111111111112
4 0.7984375 0.5046296296296297 0.08958333333333333 0.14351851851851852
5 0.05 0.9833333333333333 0.15260416666666668 0.3972222222222222
1 0.4671875 0.5166666666666667 0.10989583333333333 0.2212962962962963
2 0.7447916666666666 0.38425925925925924 0.10052083333333334 0.18518518518518517
2 0.46145833333333336 0.3731481481481482 0.06458333333333334 0.1527777777777778
3 0.4864583333333333 0.5796296296296296 0.043229166666666666 0.0962962962962963
6 0.7098958333333333 0.8379629629629629 0.11041666666666666 0.2037037037037037
