3 0.6208333333333333 0.5685185185185185 0.13333333333333333 0.21203703703703702
2 0.8291666666666667 0.7037037037037037 0.08229166666666667 0.13518518518518519
1 0.7296875 0.23981481481481481 0.06510416666666667 0.14351851851851852
3 0.7380208333333333 0.7481481481481481 0.053125 0.11018518518518519
1 0.9005208333333333 0.8138888888888889 0.09583333333333334 0.26481481481481484
6 0.7505208333333333 0.8740740740740741 0.06875 0.13518518518518519
1 0.58125 0.7240740740740741 0.08697916666666666 0.19722222222222222
6 0.7401041666666667 0.6675925925925926 0.04895833333333333 0.11944444444444445
3 0.9505208333333334 0.8046296296296296 0.05 0.1537037037037037
6 0.9333333333333333 0.5685185185185185 0.15416666666666667 0.23703703703703705
4 0.7609375 0.05648148148148148 0.078125 0.17777777777777778
6 0.790625 0.6759259259259259 0.11458333333333333 0.17685185185185184
6 0.5057291666666667 0.41203703703703703 0.0578125 0.08611111111111111
4 0.38229166666666664 0.21574074074074073 0.09635416666666667 0.21944444444444444
3 0.6442708333333333 0.5675925925925925 0.084375 0.19166666666666668
1 0.8833333333333333 0.8981481481481481 0.07708333333333334 0.20925925925925926
