6 0.7921875 0.7296296296296296 0.07708333333333334 0.11296296296296296
6 0.5463541666666667 0.6518518518518519 0.05625 0.10185185185185185
2 0.5890625 0.5388888888888889 0.08229166666666667 0.14074074074074075
6 0.7385416666666667 0.6601851851851852 0.1421875 0.24351851851851852
3 0.578125 0.6888888888888889 0.06302083333333333 0.14166666666666666
7 0.509375 0.8407407407407408 0.0828125 0.18333333333333332
6 0.4473958333333333 0.6027777777777777 0.09270833333333334 0.14907407407407408
1 0.7963541666666667 0.5083333333333333 0.0671875 0.1574074074074074
4 0.8552083333333333 0.3175925925925926 0.05625 0.1574074074074074
4 0.9328125 0.31851851851851853 0.09739583333333333 0.15648148148148147
