6 0.2265625 0.4898148148148148 0.12604166666666666 0.22685185185185186
1 0.30572916666666666 0.40555555555555556 0.071875 0.16203703703703703
2 0.24270833333333333 0.06111111111111111 0.0859375 0.13796296296296295
4 0.4828125 0.09259259259259259 0.0828125 0.15648148148148147
2 0.2234375 0.3453703703703704 0.07083333333333333 0.11481481481481481
6 0.24010416666666667 0.2537037037037037 0.0515625 0.16574074074074074
3 0.3145833333333333 0.5916666666666667 0.11666666666666667 0.20925925925925926
1 0.2947916666666667 0.37407407407407406 0.07395833333333333 0.1259259259259259
4 0.19791666666666666 0.6425925925925926 0.08020833333333334 0.1814814814814815
3 0.25 0.3287037037037037 0.06927083333333334 0.15092592592592594
1 0.27239583333333334 0.18055555555555555 0.058333333333333334 0.13240740740740742
2 0.334375 0.1425925925925926 0.09739583333333333 0.14351851851851852
1 0.471875 0.4064814814814815 0.04114583333333333 0.10462962962962963
1 0.43072916666666666 0.24722222222222223 0.07291666666666667 0.1287037037037037
1 0.2682291666666667 0.3990740740740741 0.049479166666666664 0.13148148148148148
