1 0.40260416666666665 0.30277777777777776 0.058854166666666666 0.10277777777777777
6 0.5609375 0.8287037037037037 0.11041666666666666 0.19166666666666668
4 0.5135416666666667 0.9 0.11458333333333333 0.24351851851851852
1 0.39427083333333335 0.8777777777777778 0.0703125 0.13518518518518519
6 0.6541666666666667 0.7546296296296297 0.1609375 0.26481481481481484
4 0.14322916666666666 0.4351851851851852 0.10729166666666666 0.18055555555555555
3 0.6270833333333333 0.3990740740740741 0.0375 0.06574074074074074
7 0.7098958333333333 0.9814814814814815 0.0921875 0.1962962962962963
3 0.5473958333333333 0.18703703703703703 0.04583333333333333 0.06574074074074074
1 0.4328125 0.6370370370370371 0.12395833333333334 0.2611111111111111
6 0.5791666666666667 0.3398148148148148 0.15885416666666666 0.26851851851851855
3 0.4942708333333333 0.40185185185185185 0.12864583333333332 0.16944444444444445
6 0.46510416666666665 0.8546296296296296 0.09895833333333333 0.19907407407407407
