1 0.7921875 0.9657407407407408 0.0703125 0.19722222222222222
1 0.6916666666666667 0.8416666666666667 0.11458333333333333 0.21666666666666667
5 0.11041666666666666 0.6342592592592593 0.11666666666666667 0.5101851851851852
6 0.7072916666666667 0.4222222222222222 0.10364583333333334 0.1398148148148148
6 0.6755208333333333 0.6166666666666667 0.11354166666666667 0.18796296296296297
1 0.5729166666666666 0.9675925925925926 0.10572916666666667 0.22870370370370371
3 0.721875 0.20925925925925926 0.06875 0.11296296296296296
3 0.525 0.5055555555555555 0.0609375 0.14814814814814814
1 0.646875 0.6925925925925925 0.06875 0.15462962962962962
1 0.7203125 0.25092592592592594 0.07395833333333333 0.13425925925925927
3 0.5171875 0.7537037037037037 0.0359375 0.10833333333333334
