3 0.3453125 0.687037037037037 0.04114583333333333 0.09444444444444444
6 0.43697916666666664 0.5777777777777777 0.06458333333333334 0.10277777777777777
3 0.540625 0.9583333333333334 0.0609375 0.1398148148148148
3 0.18489583333333334 0.4925925925925926 0.0484375 0.10092592592592593
3 0.4390625 0.5222222222222223 0.07447916666666667 0.17592592592592593
4 0.771875 0.07592592592592592 0.11302083333333333 0.18981481481481483
5 0.5401041666666667 0.2814814814814815 0.11197916666666667 0.3277777777777778
3 0.37447916666666664 0.43796296296296294 0.10052083333333334 0.17037037037037037
1 0.2453125 0.48333333333333334 0.08645833333333333 0.1814814814814815
1 0.3151041666666667 0.65 0.0609375 0.10740740740740741
6 0.26927083333333335 0.6361111111111111 0.15729166666666666 0.26666666666666666
1 0.221875 0.5462962962962963 0.07760416666666667 0.17777777777777778
4 0.8041666666666667 0.38333333333333336 0.0578125 0.1638888888888889
3 0.40989583333333335 0.27870370370370373 0.04114583333333333 0.05648148148148148
3 0.4276041666666667 0.19907407407407407 0.04635416666666667 0.15555555555555556
