6 0.2171875 0.5083333333333333 0.08489583333333334 0.11666666666666667
5 0.6848958333333334 0.2388888888888889 0.1390625 0.36944444444444446
6 0.39166666666666666 0.5111111111111111 0.1390625 0.24537037037037038
4 0.0453125 0.8305555555555556 0.0640625 0.17314814814814813
6 0.3614583333333333 0.7787037037037037 0.10364583333333334 0.18981481481481483
3 0.309375 0.26296296296296295 0.042708333333333334 0.11203703703703703
2 0.3015625 0.5907407407407408 0.0796875 0.1648148148148148
6 0.4114583333333333 0.4101851851851852 0.0515625 0.13796296296296295
2 0.5598958333333334 0.4027777777777778 0.11145833333333334 0.16018518518518518
2 0.2671875 0.25555555555555554 0.1265625 0.20925925925925926
6 0.2796875 0.6111111111111112 0.10885416666666667 0.17314814814814813
