2 0.4791666666666667 0.7944444444444444 0.0765625 0.1111111111111111
6 0.58125 0.3490740740740741 0.08229166666666667 0.175
6 0.5953125 0.6416666666666667 0.14166666666666666 0.2518518518518518
6 0.534375 0.7805555555555556 0.07083333333333333 0.11944444444444445
6 0.32916666666666666 0.5509259259259259 0.1078125 0.19444444444444445
1 0.5734375 0.9074074074074074 0.10208333333333333 0.21666666666666667
1 0.7416666666666667 0.9037037037037037 0.07864583333333333 0.14907407407407408
2 0.5625 0.5101851851851852 0.08020833333333334 0.15
6 0.403125 0.3425925925925926 0.04895833333333333 0.09259259259259259
1 0.6140625 0.26481481481481484 0.0703125 0.12314814814814815
4 0.06302083333333333 0.5037037037037037 0.07291666666666667 0.1962962962962963
2 0.4703125 0.21203703703703702 0.08697916666666666 0.17777777777777778
6 0.578125 0.6416666666666667 0.06822916666666666 0.11944444444444445
6 0.2890625 0.6842592592592592 0.18854166666666666 0.27037037037037037
6 0.44635416666666666 0.9361111111111111 0.057291666666666664 0.10648148148148148
