3 0.4901041666666667 0.8444444444444444 0.0484375 0.07037037037037037
4 0.471875 0.11203703703703703 0.1140625 0.1388888888888889
6 0.2375 0.6888888888888889 0.15625 0.24814814814814815
3 0.3333333333333333 0.42962962962962964 0.049479166666666664 0.08518518518518518
4 0.8265625 0.028703703703703703 0.08854166666666667 0.23055555555555557
6 0.3171875 0.19907407407407407 0.12552083333333333 0.21666666666666667
6 0.484375 0.5694444444444444 0.11979166666666667 0.2037037037037037
1 0.2713541666666667 0.5518518518518518 0.08489583333333334 0.15555555555555556
3 0.5479166666666667 0.2796296296296296 0.05364583333333333 0.1685185185185185
1 0.4036458333333333 0.575925925925926 0.06875 0.15185185185185185
6 0.41302083333333334 0.30277777777777776 0.12916666666666668 0.22777777777777777
