5 0.14739583333333334 0.4666666666666667 0.15677083333333333 0.3638888888888889
2 0.40260416666666665 0.7379629629629629 0.06041666666666667 0.09814814814814815
6 0.3489583333333333 0.5601851851851852 0.049479166666666664 0.075
4 0.12083333333333333 0.8398148148148148 0.0765625 0.17592592592592593
7 0.19635416666666666 0.6157407407407407 0.04791666666666667 0.14722222222222223
6 0.24270833333333333 0.8527777777777777 0.07291666666666667 0.12777777777777777
6 0.4192708333333333 0.8490740740740741 0.10052083333333334 0.17962962962962964
6 0.2921875 0.7537037037037037 0.09114583333333333 0.15555555555555556
4 0.7692708333333333 0.7611111111111111 0.11302083333333333 0.1648148148148148
1 0.284375 0.7814814814814814 0.08177083333333333 0.16111111111111112
6 0.225 0.4351851851851852 0.06614583333333333 0.14722222222222223
6 0.15208333333333332 0.799074074074074 0.12291666666666666 0.1925925925925926
3 0.3578125 0.28425925925925927 0.05520833333333333 0.13796296296296295
2 0.2046875 0.5731481481481482 0.11302083333333333 0.17314814814814813
2 0.5572916666666666 0.41759259259259257 0.06875 0.11296296296296296
6 0.20104166666666667 0.8351851851851851 0.08333333333333333 0.15
3 0.21770833333333334 0.7101851851851851 0.078125 0.17592592592592593
