6 0.609375 0.7537037037037037 0.07239583333333334 0.13055555555555556
6 0.6838541666666667 0.4101851851851852 0.12447916666666667 0.21296296296296297
5 0.6296875 0.03888888888888889 0.140625 0.42962962962962964
6 0.5171875 0.5638888888888889 0.07447916666666667 0.14166666666666666
2 0.5041666666666667 0.7638888888888888 0.04114583333333333 0.09074074074074075
1 0.5078125 0.5879629629629629 0.051041666666666666 0.11851851851851852
2 0.5411458333333333 0.6444444444444445 0.07083333333333333 0.11018518518518519
3 0.43697916666666664 0.9388888888888889 0.115625 0.18611111111111112
3 0.5088541666666667 0.9787037037037037 0.0828125 0.13055555555555556
4 0.7177083333333333 0.9722222222222222 0.08958333333333333 0.16574074074074074
