2 0.4796875 0.475 0.115625 0.19444444444444445
2 0.21041666666666667 0.4527777777777778 0.11927083333333334 0.1824074074074074
6 0.0875 0.7138888888888889 0.06197916666666667 0.13333333333333333
1 0.275 0.9046296296296297 0.1125 0.22870370370370371
2 0.315625 0.6055555555555555 0.06979166666666667 0.1111111111111111
3 0.2875 0.8935185185185185 0.05625 0.06666666666666667
4 0.18229166666666666 0.021296296296296296 0.06614583333333333 0.2
4 0.3921875 0.08888888888888889 0.06770833333333333 0.1675925925925926
1 0.209375 0.7305555555555555 0.12864583333333332 0.2712962962962963
1 0.23020833333333332 0.9092592592592592 0.12760416666666666 0.25925925925925924
1 0.0203125 0.8166666666666667 0.059895833333333336 0.12314814814814815
3 0.21197916666666666 0.8611111111111112 0.10260416666666666 0.21481481481481482
6 0.4713541666666667 0.6842592592592592 0.09427083333333333 0.18611111111111112
1 0.2869791666666667 0.6935185185185185 0.10989583333333333 0.22407407407407406
3 0.026041666666666668 0.6898148148148148 0.07916666666666666 0.12037037037037036
3 0.4671875 0.8212962962962963 0.06302083333333333 0.1388888888888889
