3 0.8989583333333333 0.41574074074074074 0.07083333333333333 0.11481481481481481
7 0.7838541666666666 0.9583333333333334 0.08177083333333333 0.17777777777777778
2 0.9083333333333333 0.4777777777777778 0.10104166666666667 0.2064814814814815
1 0.7317708333333334 0.5092592592592593 0.0953125 0.18425925925925926
3 0.8484375 0.7296296296296296 0.09895833333333333 0.2074074074074074
2 0.6354166666666666 0.6611111111111111 0.06197916666666667 0.09907407407407408
3 0.9838541666666667 0.3675925925925926 0.1046875 0.2212962962962963
3 0.84375 0.4148148148148148 0.05677083333333333 0.09537037037037037
6 0.696875 0.6564814814814814 0.12291666666666666 0.22037037037037038
3 0.8182291666666667 0.45740740740740743 0.0609375 0.10740740740740741
1 0.6604166666666667 0.43148148148148147 0.13645833333333332 0.22777777777777777
4 0.1578125 0.6064814814814815 0.09947916666666666 0.18981481481481483
2 0.7614583333333333 0.34074074074074073 0.08020833333333334 0.17962962962962964
6 0.8572916666666667 0.6074074074074074 0.10729166666666666 0.18796296296296297
2 0.93125 0.46111111111111114 0.04895833333333333 0.09166666666666666
6 0.5270833333333333 0.3814814814814815 0.07552083333333333 0.13425925925925927
4 0.1453125 0.537962962962963 0.07447916666666667 0.16574074074074074
