4 0.24791666666666667 0.14074074074074075 0.08072916666666667 0.15092592592592594
6 0.7885416666666667 0.41574074074074074 0.14427083333333332 0.24722222222222223
2 0.4609375 0.2675925925925926 0.11770833333333333 0.17777777777777778
1 0.8270833333333333 0.26851851851851855 0.059895833333333336 0.11574074074074074
6 0.5916666666666667 0.7064814814814815 0.07552083333333333 0.1287037037037037
3 0.646875 0.4740740740740741 0.10833333333333334 0.1425925925925926
5 0.7916666666666666 0.7759259259259259 0.14166666666666666 0.3333333333333333
6 0.8963541666666667 0.3824074074074074 0.10729166666666666 0.2212962962962963
4 0.5520833333333334 0.5361111111111111 0.0890625 0.21203703703703702
3 0.61875 0.41759259259259257 0.12395833333333334 0.17592592592592593
2 0.5807291666666666 0.5861111111111111 0.10260416666666666 0.17222222222222222
2 0.453125 0.8157407407407408 0.0609375 0.125
3 0.6317708333333333 0.6333333333333333 0.04791666666666667 0.10925925925925926
2 0.5682291666666667 0.31203703703703706 0.115625 0.20555555555555555
6 0.7260416666666667 0.3574074074074074 0.06770833333333333 0.12222222222222222
3 0.7828125 0.9333333333333333 0.09895833333333333 0.16296296296296298
6 0.6765625 0.35185185185185186 0.11770833333333333 0.21574074074074073
