2 0.3958333333333333 0.7018518518518518 0.06822916666666666 0.14166666666666666
1 0.28489583333333335 0.37222222222222223 0.06145833333333333 0.12777777777777777
2 0.3072916666666667 0.3907407407407407 0.0609375 0.10555555555555556
5 0.8161458333333333 0.5842592592592593 0.0859375 0.2324074074074074
1 0.340625 0.7268518518518519 0.12395833333333334 0.23796296296296296
6 0.0328125 0.425 0.10729166666666666 0.1814814814814815
6 0.28489583333333335 0.825925925925926 0.08229166666666667 0.13148148148148148
3 0.4265625 0.5527777777777778 0.10364583333333334 0.18055555555555555
6 0.371875 0.6777777777777778 0.07916666666666666 0.19074074074074074
1 0.23697916666666666 0.7166666666666667 0.07239583333333334 0.12129629629629629
2 0.37604166666666666 0.562037037037037 0.1078125 0.1638888888888889
