6 0.9005208333333333 0.6407407407407407 0.071875 0.12685185185185185
2 0.6359375 0.8175925925925925 0.065625 0.09351851851851851
1 0.9546875 0.9990740740740741 0.13489583333333333 0.23981481481481481
3 0.7229166666666667 0.45555555555555555 0.08020833333333334 0.1824074074074074
1 0.9333333333333333 0.6277777777777778 0.06145833333333333 0.12222222222222222
4 0.7697916666666667 0.625 0.09739583333333333 0.13055555555555556
2 0.7666666666666667 0.2601851851851852 0.14010416666666667 0.2074074074074074
4 0.21770833333333334 0.33425925925925926 0.0828125 0.1648148148148148
3 0.7729166666666667 0.8435185185185186 0.08072916666666667 0.1712962962962963
7 0.43020833333333336 0.9101851851851852 0.0859375 0.1962962962962963
1 0.7442708333333333 0.4675925925925926 0.109375 0.24351851851851852
3 0.6755208333333333 0.46574074074074073 0.04479166666666667 0.10833333333333334
