2 0.7723958333333333 0.46574074074074073 0.06458333333333334 0.1
6 0.7291666666666666 0.001851851851851852 0.053125 0.12685185185185185
6 0.9041666666666667 0.23055555555555557 0.08020833333333334 0.15833333333333333
2 0.8536458333333333 0.6157407407407407 0.12239583333333333 0.2675925925925926
2 0.7479166666666667 0.3388888888888889 0.058854166666666666 0.11203703703703703
2 0.7427083333333333 0.5638888888888889 0.0640625 0.10740740740740741
7 0.7197916666666667 0.37592592592592594 0.07291666666666667 0.1574074074074074
4 0.6395833333333333 0.13240740740740742 0.075 0.14537037037037037
4 0.5598958333333334 0.5694444444444444 0.07447916666666667 0.14166666666666666
2 0.6244791666666667 0.43796296296296294 0.13645833333333332 0.22962962962962963
