1 0.45416666666666666 0.6648148148148149 0.09427083333333333 0.16018518518518518
2 0.33125 0.6768518518518518 0.06770833333333333 0.10925925925925926
1 0.546875 0.16666666666666666 0.109375 0.20555555555555555
5 0.1734375 0.3 0.1546875 0.4703703703703704
4 0.2947916666666667 0.2037037037037037 0.07395833333333333 0.15462962962962962
3 0.46510416666666665 0.6444444444444445 0.044270833333333336 0.07407407407407407
3 0.13541666666666666 0.39814814814814814 0.06458333333333334 0.1425925925925926
6 0.3651041666666667 0.4546296296296296 0.10729166666666666 0.21481481481481482
1 0.5776041666666667 0.6592592592592592 0.08854166666666667 0.1527777777777778
1 0.40625 0.33055555555555555 0.05416666666666667 0.1175925925925926
6 0.4635416666666667 0.8833333333333333 0.0984375 0.17037037037037037
