2 0.8755208333333333 0.4861111111111111 0.0671875 0.11481481481481481
4 0.4203125 0.24537037037037038 0.065625 0.16944444444444445
1 0.7078125 0.362962962962963 0.09375 0.1712962962962963
2 0.7463541666666667 0.15462962962962962 0.1046875 0.14537037037037037
2 0.8208333333333333 0.01574074074074074 0.07239583333333334 0.12222222222222222
1 0.7411458333333333 0.40370370370370373 0.1046875 0.2175925925925926
4 0.3796875 0.7148148148148148 0.07760416666666667 0.1962962962962963
3 0.7677083333333333 0.8981481481481481 0.0828125 0.15
5 0.8520833333333333 0.9175925925925926 0.15833333333333333 0.5601851851851852
3 0.9114583333333334 0.45185185185185184 0.0609375 0.1425925925925926
