2 0.43802083333333336 0.21203703703703702 0.06666666666666667 0.14814814814814814
7 0.6427083333333333 0.12777777777777777 0.08645833333333333 0.14814814814814814
6 0.09322916666666667 0.23981481481481481 0.13645833333333332 0.2518518518518518
1 0.6145833333333334 0.2833333333333333 0.06302083333333333 0.12222222222222222
4 0.7786458333333334 0.8777777777777778 0.07552083333333333 0.1675925925925926
3 0.3072916666666667 0.14166666666666666 0.08854166666666667 0.18981481481481483
2 0.5796875 0.8629629629629629 0.1109375 0.20092592592592592
1 0.36614583333333334 0.35185185185185186 0.115625 0.21481481481481482
3 0.2296875 0.35555555555555557 0.1109375 0.22685185185185186
3 0.428125 0.4074074074074074 0.08333333333333333 0.12407407407407407
4 0.30572916666666666 0.8240740740740741 0.06875 0.16018518518518518
2 0.36354166666666665 0.20185185185185187 0.053125 0.07685185185185185
