6 0.6083333333333333 0.39444444444444443 0.12916666666666668 0.2564814814814815
6 0.8151041666666666 0.5481481481481482 0.0859375 0.2638888888888889
4 0.6734375 0.32037037037037036 0.06354166666666666 0.15555555555555556
4 0.08072916666666667 0.18333333333333332 0.09479166666666666 0.16203703703703703
7 0.421875 0.9648148148148148 0.0984375 0.18055555555555555
2 0.9822916666666667 0.2675925925925926 0.08229166666666667 0.1398148148148148
6 0.95 0.4046296296296296 0.06458333333333334 0.17962962962962964
1 0.7619791666666667 0.3490740740740741 0.08333333333333333 0.2037037037037037
2 0.9057291666666667 0.7138888888888889 0.109375 0.23333333333333334
5 0.5229166666666667 0.3787037037037037 0.1015625 0.30648148148148147
3 0.9817708333333334 0.5462962962962963 0.04375 0.08055555555555556
1 0.7755208333333333 0.5768518518518518 0.06510416666666667 0.1388888888888889
