2 0.240625 0.425 0.09166666666666666 0.14537037037037037
2 0.023958333333333335 0.7555555555555555 0.10052083333333334 0.1648148148148148
3 0.11041666666666666 0.8333333333333334 0.08645833333333333 0.13425925925925927
3 0.25677083333333334 0.6462962962962963 0.0515625 0.07685185185185185
1 0.15260416666666668 0.6583333333333333 0.07760416666666667 0.19074074074074074
2 0.10885416666666667 0.6324074074074074 0.13489583333333333 0.19074074074074074
3 0.353125 0.9416666666666667 0.05677083333333333 0.09351851851851851
1 0.35260416666666666 0.7148148148148148 0.12239583333333333 0.23055555555555557
3 0.17708333333333334 0.4074074074074074 0.05416666666666667 0.11018518518518519
3 0.4708333333333333 0.7592592592592593 0.07239583333333334 0.10277777777777777
6 0.325 0.5120370370370371 0.07760416666666667 0.14814814814814814
4 0.9578125 0.4962962962962963 0.07447916666666667 0.1962962962962963
3 0.3640625 0.7194444444444444 0.044270833333333336 0.10462962962962963
6 0.190625 0.8138888888888889 0.0859375 0.17222222222222222
6 0.1828125 0.5509259259259259 0.13333333333333333 0.24166666666666667
4 0.3307291666666667 0.4083333333333333 0.09947916666666666 0.1962962962962963
