1 0.6895833333333333 0.8333333333333334 0.07604166666666666 0.13333333333333333
7 0.7963541666666667 0.487962962962963 0.10364583333333334 0.1935185185185185
1 0.8213541666666667 0.7648148148148148 0.08072916666666667 0.2462962962962963
4 0.6489583333333333 0.7916666666666666 0.09583333333333334 0.18703703703703703
3 0.721875 0.6888888888888889 0.05364583333333333 0.12407407407407407
2 0.784375 0.7648148148148148 0.078125 0.13796296296296295
5 0.1890625 0.09074074074074075 0.109375 0.5120370370370371
2 0.8010416666666667 0.2953703703703704 0.09166666666666666 0.14722222222222223
3 0.6182291666666667 0.9074074074074074 0.08489583333333334 0.19907407407407407
2 0.5541666666666667 0.48055555555555557 0.0984375 0.2101851851851852
2 0.653125 0.7435185185185185 0.07083333333333333 0.09537037037037037
1 0.8677083333333333 0.7787037037037037 0.08645833333333333 0.18055555555555555
4 0.18385416666666668 0.8351851851851851 0.0734375 0.17777777777777778
2 0.6515625 0.775 0.059895833333333336 0.09166666666666666
2 0.5359375 0.24814814814814815 0.05364583333333333 0.10092592592592593
6 0.4895833333333333 0.7462962962962963 0.05677083333333333 0.10462962962962963
2 0.7296875 0.7314814814814815 0.09166666666666666 0.1787037037037037
