2 0.4546875 0.6222222222222222 0.10989583333333333 0.16574074074074074
3 0.4666666666666667 0.3 0.10885416666666667 0.18333333333333332
1 0.54375 0.5046296296296297 0.06614583333333333 0.11296296296296296
3 0.5838541666666667 0.4601851851851852 0.0828125 0.17962962962962964
3 0.5395833333333333 0.6361111111111111 0.04739583333333333 0.09259259259259259
5 0.6776041666666667 0.2824074074074074 0.13958333333333334 0.3537037037037037
6 0.31145833333333334 0.32685185185185184 0.09791666666666667 0.21851851851851853
2 0.6270833333333333 0.7296296296296296 0.0890625 0.16666666666666666
1 0.5864583333333333 0.21944444444444444 0.115625 0.21666666666666667
6 0.45989583333333334 0.7833333333333333 0.1 0.16018518518518518
