2 0.7567708333333333 0.29907407407407405 0.11875 0.19814814814814816
2 0.4479166666666667 0.24537037037037038 0.078125 0.17685185185185184
3 0.490625 0.34074074074074073 0.10833333333333334 0.18055555555555555
6 0.6958333333333333 0.462037037037037 0.0640625 0.1259259259259259
2 0.5838541666666667 0.5537037037037037 0.10572916666666667 0.15
2 0.6463541666666667 0.375 0.07135416666666666 0.09444444444444444
1 0.7916666666666666 0.1685185185185185 0.06875 0.12962962962962962
6 0.5177083333333333 0.46944444444444444 0.058333333333333334 0.08518518518518518
5 0.8578125 0.43425925925925923 0.1375 0.39444444444444443
4 0.5682291666666667 0.5277777777777778 0.11197916666666667 0.21388888888888888
