6 0.4322916666666667 0.5398148148148149 0.16458333333333333 0.28888888888888886
4 0.8447916666666667 0.9648148148148148 0.05677083333333333 0.17037037037037037
3 0.5239583333333333 0.3055555555555556 0.05677083333333333 0.1037037037037037
2 0.4427083333333333 0.08888888888888889 0.08697916666666666 0.13425925925925927
3 0.3536458333333333 0.2064814814814815 0.1265625 0.2814814814814815
6 0.3567708333333333 0.6185185185185185 0.10052083333333334 0.15092592592592594
3 0.48854166666666665 0.4287037037037037 0.05364583333333333 0.19907407407407407
2 0.5416666666666666 0.2175925925925926 0.10677083333333333 0.16666666666666666
1 0.09270833333333334 0.03981481481481482 0.0859375 0.14814814814814814
1 0.32760416666666664 0.4675925925925926 0.1109375 0.2064814814814815
2 0.3104166666666667 0.5546296296296296 0.0796875 0.12777777777777777
3 0.5442708333333334 0.09814814814814815 0.040625 0.10185185185185185
6 0.5546875 0.425 0.17135416666666667 0.29814814814814816
6 0.2765625 0.49074074074074076 0.11666666666666667 0.18425925925925926
5 0.309375 0.262037037037037 0.11354166666666667 0.2898148148148148
