3 0.25052083333333336 0.6425925925925926 0.06875 0.15092592592592594
4 0.503125 0.22962962962962963 0.06666666666666667 0.17314814814814813
3 0.48333333333333334 0.6759259259259259 0.044270833333333336 0.07962962962962963
3 0.41041666666666665 0.5462962962962963 0.08802083333333334 0.14722222222222223
6 0.30833333333333335 0.16018518518518518 0.06979166666666667 0.12037037037037036
6 0.15729166666666666 0.6287037037037037 0.08072916666666667 0.1388888888888889
3 0.18958333333333333 0.8064814814814815 0.096875 0.15092592592592594
6 0.0005208333333333333 0.43425925925925923 0.07604166666666666 0.17685185185185184
1 0.3026041666666667 0.6055555555555555 0.0859375 0.19722222222222222
6 0.4161458333333333 0.5027777777777778 0.14635416666666667 0.2611111111111111
6 0.353125 0.01574074074074074 0.08489583333333334 0.1361111111111111
