1 0.6447916666666667 0.6694444444444444 0.0640625 0.14351851851851852
3 0.7359375 0.5731481481481482 0.06145833333333333 0.12685185185185185
6 0.6697916666666667 0.7666666666666667 0.1328125 0.2518518518518518
2 0.7572916666666667 0.43148148148148147 0.1 0.17777777777777778
2 0.6598958333333333 0.5212962962962963 0.07447916666666667 0.11574074074074074
1 0.74375 0.23981481481481481 0.06197916666666667 0.12407407407407407
1 0.6890625 0.6842592592592592 0.12239583333333333 0.26666666666666666
3 0.6677083333333333 0.6666666666666666 0.0671875 0.12222222222222222
6 0.6546875 0.7657407407407407 0.14375 0.21851851851851853
6 0.5333333333333333 0.725925925925926 0.08125 0.14166666666666666
6 0.7609375 0.6583333333333333 0.08854166666666667 0.13055555555555556
