7 0.11354166666666667 0.1925925925925926 0.109375 0.15648148148148147
2 0.46979166666666666 0.31851851851851853 0.09427083333333333 0.18425925925925926
4 0.5890625 0.7027777777777777 0.09895833333333333 0.16203703703703703
2 0.29635416666666664 0.26944444444444443 0.08177083333333333 0.18611111111111112
2 0.5890625 0.825 0.0734375 0.11018518518518519
1 0.5630208333333333 0.5453703703703704 0.10989583333333333 0.2212962962962963
2 0.6296875 0.9462962962962963 0.08229166666666667 0.17222222222222222
5 0.20729166666666668 0.675 0.15208333333333332 0.3990740740740741
4 0.359375 0.7444444444444445 0.0875 0.21388888888888888
1 0.5479166666666667 0.05185185185185185 0.08020833333333334 0.19444444444444445
3 0.5067708333333333 0.7574074074074074 0.11875 0.25833333333333336
