2 0.8760416666666667 0.07314814814814814 0.0890625 0.1787037037037037
6 0.8234375 0.38981481481481484 0.16822916666666668 0.25462962962962965
3 0.928125 0.4861111111111111 0.0453125 0.09166666666666666
2 0.8192708333333333 0.028703703703703703 0.13072916666666667 0.225
3 0.6213541666666667 0.4638888888888889 0.0515625 0.10740740740740741
3 0.9234375 0.2722222222222222 0.075 0.16018518518518518
6 0.9817708333333334 0.7148148148148148 0.08125 0.16666666666666666
6 0.6619791666666667 0.45 0.0828125 0.1527777777777778
3 0.859375 0.10092592592592593 0.06197916666666667 0.13333333333333333
1 0.7208333333333333 0.5527777777777778 0.08645833333333333 0.17962962962962964
