6 0.5286458333333334 0.7564814814814815 0.0609375 0.12962962962962962
6 0.17864583333333334 0.5777777777777777 0.11354166666666667 0.2537037037037037
2 0.4973958333333333 0.6583333333333333 0.058333333333333334 0.08796296296296297
2 0.3765625 0.7759259259259259 0.06458333333333334 0.10092592592592593
2 0.23541666666666666 0.48333333333333334 0.041666666666666664 0.09537037037037037
2 0.5578125 0.3888888888888889 0.06875 0.09814814814814815
2 0.45729166666666665 0.45740740740740743 0.071875 0.12222222222222222
2 0.4432291666666667 0.6731481481481482 0.09635416666666667 0.1648148148148148
3 0.40677083333333336 0.32314814814814813 0.08072916666666667 0.18333333333333332
2 0.453125 0.4759259259259259 0.0953125 0.1824074074074074
3 0.47760416666666666 0.8268518518518518 0.121875 0.24074074074074073
4 0.384375 0.2101851851851852 0.06458333333333334 0.17777777777777778
2 0.30885416666666665 0.2611111111111111 0.10364583333333334 0.18055555555555555
