4 0.2875 0.5972222222222222 0.058333333333333334 0.16296296296296298
1 0.6723958333333333 0.362962962962963 0.103125 0.19444444444444445
1 0.4557291666666667 0.14351851851851852 0.1171875 0.2574074074074074
2 0.215625 0.35 0.0609375 0.0787037037037037
3 0.55 0.512962962962963 0.06145833333333333 0.11296296296296296
3 0.7145833333333333 0.5185185185185185 0.0875 0.2
2 0.328125 0.375 0.09479166666666666 0.12407407407407407
6 0.678125 0.42407407407407405 0.11041666666666666 0.19074074074074074
2 0.5494791666666666 0.34444444444444444 0.06197916666666667 0.1
3 0.565625 0.4009259259259259 0.0640625 0.12685185185185185
4 0.6630208333333333 0.11481481481481481 0.07864583333333333 0.1962962962962963
6 0.3848958333333333 0.5018518518518519 0.16614583333333333 0.33796296296296297
2 0.46458333333333335 0.30925925925925923 0.14895833333333333 0.19166666666666668
2 0.4588541666666667 0.5712962962962963 0.075 0.12129629629629629
1 0.39739583333333334 0.4388888888888889 0.10104166666666667 0.21296296296296297
5 0.15572916666666667 0.31574074074074077 0.08125 0.23148148148148148
