1 0.19791666666666666 0.3851851851851852 0.06770833333333333 0.14629629629629629
5 0.1875 0.03611111111111111 0.15260416666666668 0.3851851851851852
6 0.31302083333333336 0.49444444444444446 0.071875 0.12037037037037036
1 0.3171875 0.35185185185185186 0.10416666666666667 0.21296296296296297
1 0.22708333333333333 0.37777777777777777 0.11770833333333333 0.21481481481481482
2 0.14791666666666667 0.5537037037037037 0.0984375 0.16574074074074074
2 0.24322916666666666 0.5685185185185185 0.0890625 0.19074074074074074
6 0.46041666666666664 0.48518518518518516 0.0890625 0.15462962962962962
1 0.22083333333333333 0.262037037037037 0.06145833333333333 0.1638888888888889
3 0.20572916666666666 0.7296296296296296 0.1078125 0.1685185185185185
