4 0.7729166666666667 0.9203703703703704 0.08645833333333333 0.21851851851851853
2 0.08854166666666667 0.5648148148148148 0.09114583333333333 0.13703703703703704
1 0.25052083333333336 0.825925925925926 0.07708333333333334 0.13148148148148148
2 0.11354166666666667 0.9 0.08229166666666667 0.12685185185185185
2 0.5546875 0.3907407407407407 0.08177083333333333 0.12314814814814815
2 0.23385416666666667 0.47685185185185186 0.06510416666666667 0.15
1 0.04791666666666667 0.6425925925925926 0.128125 0.2657407407407407
6 0.051041666666666666 0.3574074074074074 0.06354166666666666 0.1037037037037037
5 0.4708333333333333 0.8935185185185185 0.12395833333333334 0.32407407407407407
6 0.11458333333333333 0.4203703703703704 0.14166666666666666 0.24814814814814815
1 0.16302083333333334 0.6555555555555556 0.0828125 0.16111111111111112
2 0.06458333333333334 0.5342592592592592 0.0515625 0.0824074074074074
