2 0.8010416666666667 0.9453703703703704 0.10625 0.15833333333333333
2 0.6453125 0.6138888888888889 0.09791666666666667 0.18981481481481483
2 0.6958333333333333 0.32222222222222224 0.05520833333333333 0.09722222222222222
2 0.7447916666666666 0.5324074074074074 0.06875 0.13796296296296295
6 0.7385416666666667 0.5314814814814814 0.07916666666666666 0.13518518518518519
3 0.7338541666666667 0.6370370370370371 0.11614583333333334 0.175
1 0.6713541666666667 0.6046296296296296 0.11041666666666666 0.18796296296296297
3 0.6171875 0.34629629629629627 0.121875 0.18518518518518517
5 0.521875 0.38425925925925924 0.18020833333333333 0.4388888888888889
3 0.6723958333333333 0.7453703703703703 0.11041666666666666 0.1361111111111111
1 0.8145833333333333 0.6203703703703703 0.08697916666666666 0.15833333333333333
2 0.6697916666666667 0.6305555555555555 0.05520833333333333 0.09814814814814815
4 0.0515625 0.46111111111111114 0.096875 0.22314814814814815
1 0.6348958333333333 0.4009259259259259 0.11197916666666667 0.23055555555555557
