6 0.21927083333333333 0.47962962962962963 0.10260416666666666 0.18611111111111112
4 0.4317708333333333 0.9953703703703703 0.0765625 0.18796296296296297
1 0.41458333333333336 0.6018518518518519 0.0796875 0.16203703703703703
2 0.2703125 0.30462962962962964 0.10104166666666667 0.1962962962962963
2 0.37552083333333336 0.35833333333333334 0.1046875 0.1675925925925926
1 0.2140625 0.3685185185185185 0.14010416666666667 0.25833333333333336
7 0.9463541666666667 0.29444444444444445 0.07760416666666667 0.12407407407407407
1 0.25677083333333334 0.5388888888888889 0.1046875 0.22685185185185186
2 0.4041666666666667 0.32685185185185184 0.09739583333333333 0.1638888888888889
4 0.1296875 0.9944444444444445 0.07552083333333333 0.1787037037037037
3 0.13697916666666668 0.37777777777777777 0.06458333333333334 0.10648148148148148
3 0.35208333333333336 0.687962962962963 0.08385416666666666 0.15462962962962962
2 0.3484375 0.4203703703703704 0.11354166666666667 0.20833333333333334
3 0.3640625 0.5444444444444444 0.05364583333333333 0.09259259259259259
