1 0.79375 0.7870370370370371 0.128125 0.24166666666666667
3 0.6953125 0.6064814814814815 0.10104166666666667 0.17407407407407408
2 0.6291666666666667 0.27870370370370373 0.052083333333333336 0.08148148148148149
2 0.6489583333333333 0.5 0.0734375 0.11574074074074074
1 0.8046875 0.18333333333333332 0.12395833333333334 0.21388888888888888
3 0.8723958333333334 0.21296296296296297 0.08229166666666667 0.15462962962962962
6 0.7255208333333333 0.6231481481481481 0.09895833333333333 0.1425925925925926
2 0.696875 0.5370370370370371 0.06510416666666667 0.08981481481481482
4 0.9375 0.28703703703703703 0.0625 0.18611111111111112
1 0.834375 0.3675925925925926 0.084375 0.18055555555555555
