4 0.978125 0.45092592592592595 0.06197916666666667 0.18425925925925926
6 0.45208333333333334 0.6194444444444445 0.13645833333333332 0.2638888888888889
1 0.36875 0.22962962962962963 0.07395833333333333 0.14814814814814814
3 0.4765625 0.22685185185185186 0.05260416666666667 0.08796296296296297
6 0.3458333333333333 0.49907407407407406 0.11145833333333334 0.19074074074074074
6 0.4015625 0.03611111111111111 0.0703125 0.08981481481481482
4 0.5041666666666667 0.09814814814814815 0.057291666666666664 0.17314814814814813
2 0.428125 0.6074074074074074 0.05 0.0787037037037037
1 0.46510416666666665 0.08333333333333333 0.10989583333333333 0.23148148148148148
5 0.49114583333333334 0.6416666666666667 0.17708333333333334 0.5175925925925926
3 0.37395833333333334 0.6175925925925926 0.035416666666666666 0.08425925925925926
1 0.2296875 0.3712962962962963 0.1390625 0.28425925925925927
