3 0.31145833333333334 0.8157407407407408 0.0703125 0.12685185185185185
3 0.39427083333333335 0.8703703703703703 0.07239583333333334 0.2222222222222222
3 0.3692708333333333 0.7981481481481482 0.10364583333333334 0.12407407407407407
6 0.26614583333333336 0.3435185185185185 0.15833333333333333 0.25555555555555554
3 0.48854166666666665 0.5981481481481481 0.07395833333333333 0.13333333333333333
1 0.2296875 0.3148148148148148 0.09375 0.21944444444444444
3 0.37916666666666665 0.6518518518518519 0.0671875 0.14444444444444443
6 0.684375 0.8074074074074075 0.15 0.22777777777777777
2 0.4322916666666667 0.4666666666666667 0.0859375 0.1361111111111111
6 0.3625 0.600925925925926 0.165625 0.30925925925925923
3 0.42552083333333335 0.4009259259259259 0.07135416666666666 0.125
1 0.4427083333333333 0.600925925925926 0.0640625 0.11574074074074074
2 0.4786458333333333 0.7157407407407408 0.09635416666666667 0.21944444444444444
5 0.5666666666666667 0.06944444444444445 0.13385416666666666 0.3685185185185185
3 0.20833333333333334 0.5305555555555556 0.12135416666666667 0.14629629629629629
