1 0.6677083333333333 0.8870370370370371 0.06354166666666666 0.12129629629629629
6 0.7479166666666667 0.42777777777777776 0.14479166666666668 0.2611111111111111
4 0.5458333333333333 0.7166666666666667 0.0875 0.18055555555555555
3 0.6333333333333333 0.7027777777777777 0.1 0.16944444444444445
6 0.8276041666666667 0.5601851851851852 0.134375 0.2388888888888889
6 0.6166666666666667 0.49537037037037035 0.08072916666666667 0.13425925925925927
3 0.6010416666666667 0.8046296296296296 0.0765625 0.18055555555555555
1 0.7838541666666666 0.3574074074074074 0.13541666666666666 0.2722222222222222
2 0.5791666666666667 0.3472222222222222 0.09895833333333333 0.17314814814814813
4 0.5088541666666667 0.6092592592592593 0.057291666666666664 0.16944444444444445
2 0.6296875 0.837037037037037 0.13697916666666668 0.22870370370370371
1 0.9927083333333333 0.7305555555555555 0.1515625 0.28703703703703703
3 0.7661458333333333 0.4925925925925926 0.06510416666666667 0.12222222222222222
6 0.6911458333333333 0.9027777777777778 0.16822916666666668 0.26666666666666666
