1 0.20677083333333332 0.5537037037037037 0.14427083333333332 0.2537037037037037
2 0.3546875 0.40185185185185185 0.06770833333333333 0.0962962962962963
3 0.009895833333333333 0.5231481481481481 0.10520833333333333 0.2361111111111111
1 0.15052083333333333 0.08148148148148149 0.08125 0.1675925925925926
6 0.22916666666666666 0.42592592592592593 0.1203125 0.21481481481481482
3 0.25833333333333336 0.2740740740740741 0.084375 0.10925925925925926
3 0.26197916666666665 0.425 0.115625 0.1824074074074074
3 0.37604166666666666 0.36018518518518516 0.051041666666666666 0.12222222222222222
2 0.18333333333333332 0.18611111111111112 0.06927083333333334 0.09814814814814815
4 0.8229166666666666 0.39537037037037037 0.11666666666666667 0.1638888888888889
2 0.18697916666666667 0.5138888888888888 0.09427083333333333 0.18333333333333332
2 0.17447916666666666 0.14166666666666666 0.1046875 0.17037037037037037
4 0.8182291666666667 0.5861111111111111 0.08333333333333333 0.16666666666666666
2 0.17552083333333332 0.5564814814814815 0.07916666666666666 0.13333333333333333
3 0.0875 0.08981481481481482 0.1046875 0.14074074074074075
