6 0.30625 0.7324074074074074 0.13385416666666666 0.23425925925925925
1 0.425 0.937962962962963 0.05416666666666667 0.11481481481481481
2 0.5671875 0.687037037037037 0.08020833333333334 0.15648148148148147
5 0.221875 0.1537037037037037 0.14427083333333332 0.4
7 0.709375 0.7342592592592593 0.07708333333333334 0.1648148148148148
3 0.365625 0.6601851851851852 0.0703125 0.15
2 0.6557291666666667 0.8 0.10520833333333333 0.19814814814814816
1 0.49895833333333334 0.7055555555555556 0.043229166666666666 0.12129629629629629
1 0.5604166666666667 0.48148148148148145 0.08697916666666666 0.18333333333333332
4 0.2796875 0.8814814814814815 0.09375 0.16944444444444445
2 0.3729166666666667 0.7620370370370371 0.0984375 0.1527777777777778
6 0.4822916666666667 0.6666666666666666 0.10677083333333333 0.25555555555555554
4 0.3848958333333333 0.2833333333333333 0.11145833333333334 0.21296296296296297
2 0.603125 0.2824074074074074 0.10625 0.17314814814814813
