6 0.6427083333333333 0.8425925925925926 0.15833333333333333 0.20462962962962963
2 0.5640625 0.7351851851851852 0.12552083333333333 0.16944444444444445
3 0.4734375 0.5555555555555556 0.042708333333333334 0.10092592592592593
6 0.5942708333333333 0.7537037037037037 0.1359375 0.24074074074074073
6 0.7286458333333333 0.8462962962962963 0.14583333333333334 0.21574074074074073
6 0.6005208333333333 0.47685185185185186 0.08697916666666666 0.1712962962962963
4 0.9734375 0.20462962962962963 0.08072916666666667 0.18981481481481483
4 0.8614583333333333 0.30462962962962964 0.05572916666666667 0.15
5 0.6015625 0.2564814814814815 0.0953125 0.2518518518518518
3 0.6036458333333333 0.5222222222222223 0.07760416666666667 0.12222222222222222
3 0.6770833333333334 0.8185185185185185 0.07708333333333334 0.15555555555555556
