1 0.6635416666666667 0.2101851851851852 0.053125 0.13518518518518519
2 0.45260416666666664 0.4462962962962963 0.07552083333333333 0.13425925925925927
6 0.35260416666666666 0.24537037037037038 0.13020833333333334 0.22592592592592592
3 0.14427083333333332 0.787962962962963 0.0546875 0.09166666666666666
1 0.7177083333333333 0.0824074074074074 0.1015625 0.1962962962962963
3 0.3171875 0.524074074074074 0.049479166666666664 0.08518518518518518
1 0.6604166666666667 0.5064814814814815 0.10989583333333333 0.24074074074074073
1 0.46875 0.3148148148148148 0.06875 0.1398148148148148
2 0.4661458333333333 0.3685185185185185 0.08645833333333333 0.17592592592592593
3 0.4119791666666667 0.24444444444444444 0.04010416666666667 0.0824074074074074
3 0.51875 0.3685185185185185 0.0859375 0.1814814814814815
6 0.484375 0.6509259259259259 0.14114583333333333 0.25833333333333336
2 0.2713541666666667 0.28888888888888886 0.09270833333333334 0.1388888888888889
2 0.60625 0.4888888888888889 0.11875 0.2388888888888889
