6 0.8505208333333333 0.25462962962962965 0.0921875 0.1574074074074074
2 0.6505208333333333 0.36666666666666664 0.07916666666666666 0.11666666666666667
7 0.6401041666666667 0.5666666666666667 0.07916666666666666 0.20092592592592592
3 0.6364583333333333 0.6555555555555556 0.04739583333333333 0.10092592592592593
6 0.7270833333333333 0.49537037037037035 0.07552083333333333 0.10092592592592593
4 0.96875 0.5638888888888889 0.08541666666666667 0.1712962962962963
3 0.9536458333333333 0.6231481481481481 0.08125 0.18518518518518517
6 0.7822916666666667 0.6351851851851852 0.06197916666666667 0.12407407407407407
1 0.8661458333333333 0.5703703703703704 0.13020833333333334 0.2953703703703704
6 0.8963541666666667 0.2722222222222222 0.06822916666666666 0.14444444444444443
4 0.20260416666666667 0.6657407407407407 0.06458333333333334 0.17592592592592593
