1 0.5916666666666667 0.40555555555555556 0.08072916666666667 0.1638888888888889
6 0.5166666666666667 0.6166666666666667 0.11145833333333334 0.22037037037037038
1 0.7114583333333333 0.45092592592592595 0.1140625 0.23703703703703705
3 0.5442708333333334 0.20925925925925926 0.06354166666666666 0.08333333333333333
3 0.6197916666666666 0.5361111111111111 0.09739583333333333 0.2388888888888889
3 0.33958333333333335 0.7648148148148148 0.05625 0.09537037037037037
6 0.40677083333333336 0.43148148148148147 0.090625 0.1361111111111111
3 0.4515625 0.24814814814814815 0.0734375 0.14722222222222223
6 0.5677083333333334 0.14629629629629629 0.12135416666666667 0.19166666666666668
6 0.5708333333333333 0.17962962962962964 0.13854166666666667 0.23703703703703705
5 0.7979166666666667 0.9879629629629629 0.10104166666666667 0.28055555555555556
2 0.5104166666666666 0.8231481481481482 0.0640625 0.0962962962962963
6 0.5651041666666666 0.5185185185185185 0.050520833333333334 0.10925925925925926
