3 0.49375 0.45925925925925926 0.075 0.17314814814814813
4 0.753125 0.600925925925926 0.06197916666666667 0.18055555555555555
2 0.3255208333333333 0.5296296296296297 0.06822916666666666 0.08888888888888889
3 0.39895833333333336 0.31851851851851853 0.05260416666666667 0.1287037037037037
4 0.46822916666666664 0.7148148148148148 0.05416666666666667 0.1648148148148148
7 0.7348958333333333 0.19722222222222222 0.07604166666666666 0.20555555555555555
6 0.25364583333333335 0.1388888888888889 0.07604166666666666 0.175
2 0.36770833333333336 0.44907407407407407 0.08854166666666667 0.1388888888888889
6 0.571875 0.17685185185185184 0.09791666666666667 0.17222222222222222
1 0.17083333333333334 0.7444444444444445 0.1375 0.2722222222222222
