6 0.5322916666666667 0.32222222222222224 0.09479166666666666 0.12314814814814815
3 0.6619791666666667 0.5731481481481482 0.06822916666666666 0.11296296296296296
3 0.4671875 0.3972222222222222 0.052083333333333336 0.10833333333333334
6 0.6 0.31203703703703706 0.11354166666666667 0.18333333333333332
4 0.8067708333333333 0.6305555555555555 0.09010416666666667 0.20277777777777778
2 0.5489583333333333 0.9537037037037037 0.0609375 0.11574074074074074
1 0.6197916666666666 0.7037037037037037 0.1484375 0.26481481481481484
3 0.646875 0.7833333333333333 0.0734375 0.16296296296296298
7 0.8630208333333333 0.6268518518518519 0.0921875 0.1925925925925926
1 0.5291666666666667 0.32685185185185184 0.13645833333333332 0.2601851851851852
6 0.590625 0.8425925925925926 0.09739583333333333 0.17407407407407408
3 0.3104166666666667 0.5435185185185185 0.07291666666666667 0.10833333333333334
1 0.39114583333333336 0.7583333333333333 0.06510416666666667 0.15185185185185185
1 0.2640625 0.23796296296296296 0.05260416666666667 0.15
4 0.37135416666666665 0.8277777777777777 0.11354166666666667 0.1648148148148148
