2 0.2515625 0.4203703703703704 0.051041666666666666 0.10740740740740741
3 0.478125 0.5740740740740741 0.09479166666666666 0.16666666666666666
6 0.19583333333333333 0.45555555555555555 0.12395833333333334 0.2
5 0.49270833333333336 0.5333333333333333 0.12552083333333333 0.3453703703703704
1 0.4015625 0.2833333333333333 0.08958333333333333 0.17222222222222222
1 0.23125 0.7925925925925926 0.09427083333333333 0.18796296296296297
3 0.25833333333333336 0.1675925925925926 0.05416666666666667 0.10648148148148148
2 0.4875 0.6083333333333333 0.06510416666666667 0.07962962962962963
3 0.45364583333333336 0.7694444444444445 0.05572916666666667 0.09722222222222222
3 0.4088541666666667 0.7601851851851852 0.0765625 0.1712962962962963
1 0.3541666666666667 0.5203703703703704 0.0765625 0.23425925925925925
6 0.3770833333333333 0.4685185185185185 0.12552083333333333 0.18425925925925926
2 0.26458333333333334 0.5416666666666666 0.10260416666666666 0.175
6 0.43697916666666664 0.275 0.0921875 0.15648148148148147
3 0.07135416666666666 0.674074074074074 0.07916666666666666 0.12777777777777777
