4 0.12239583333333333 0.030555555555555555 0.06666666666666667 0.17592592592592593
3 0.5161458333333333 0.0824074074074074 0.1140625 0.1935185185185185
6 0.6953125 0.22407407407407406 0.09270833333333334 0.175
1 0.6765625 0.4537037037037037 0.09114583333333333 0.20462962962962963
2 0.7473958333333334 0.2175925925925926 0.05 0.11388888888888889
2 0.6151041666666667 0.6833333333333333 0.08229166666666667 0.1287037037037037
6 0.6453125 0.11574074074074074 0.13385416666666666 0.2962962962962963
3 0.6890625 0.40370370370370373 0.043229166666666666 0.1037037037037037
4 0.6380208333333334 0.6842592592592592 0.08125 0.20092592592592592
3 0.7505208333333333 0.4962962962962963 0.0765625 0.1388888888888889
2 0.6776041666666667 0.05462962962962963 0.125 0.21481481481481482
6 0.9494791666666667 0.13055555555555556 0.12083333333333333 0.16111111111111112
1 0.5541666666666667 0.36574074074074076 0.08541666666666667 0.17962962962962964
1 0.6994791666666667 0.36666666666666664 0.10729166666666666 0.20462962962962963
3 0.7692708333333333 0.36203703703703705 0.07604166666666666 0.12962962962962962
5 0.03177083333333333 0.5601851851851852 0.17083333333333334 0.4444444444444444
2 0.8088541666666667 0.5120370370370371 0.06822916666666666 0.08796296296296297
