6 0.3572916666666667 0.11851851851851852 0.1375 0.24166666666666667
4 0.17604166666666668 0.4425925925925926 0.1203125 0.14907407407407408
1 0.5458333333333333 0.5601851851851852 0.09322916666666667 0.17777777777777778
3 0.3828125 0.8388888888888889 0.0640625 0.13333333333333333
3 0.3375 0.4425925925925926 0.08958333333333333 0.18888888888888888
2 0.6203125 0.5935185185185186 0.08125 0.14351851851851852
3 0.5151041666666667 0.7583333333333333 0.051041666666666666 0.11666666666666667
1 0.5479166666666667 0.3138888888888889 0.058333333333333334 0.11018518518518519
3 0.4828125 0.6018518518518519 0.0765625 0.125
2 0.35 0.49722222222222223 0.0546875 0.10092592592592593
6 0.3380208333333333 0.5712962962962963 0.12864583333333332 0.19444444444444445
2 0.22395833333333334 0.5453703703703704 0.12708333333333333 0.22314814814814815
3 0.4869791666666667 0.5740740740740741 0.058333333333333334 0.11574074074074074
