3 0.17447916666666666 0.47129629629629627 0.0859375 0.10925925925925926
3 0.18229166666666666 0.43148148148148147 0.06145833333333333 0.13518518518518519
4 0.896875 0.5101851851851852 0.0671875 0.16944444444444445
3 0.31875 0.5666666666666667 0.10885416666666667 0.18796296296296297
5 0.42135416666666664 0.5314814814814814 0.20364583333333333 0.4111111111111111
2 0.5276041666666667 0.8814814814814815 0.065625 0.14722222222222223
1 0.3125 0.7888888888888889 0.08541666666666667 0.17222222222222222
2 0.3927083333333333 0.737037037037037 0.10625 0.16944444444444445
1 0.30885416666666665 0.6407407407407407 0.059895833333333336 0.13148148148148148
2 0.4546875 0.6435185185185185 0.05625 0.08888888888888889
6 0.365625 0.26296296296296295 0.1625 0.2851851851851852
6 0.39947916666666666 0.7 0.08802083333333334 0.18055555555555555
1 0.3234375 0.637962962962963 0.15052083333333333 0.2537037037037037
6 0.41510416666666666 0.5083333333333333 0.12552083333333333 0.16944444444444445
