5 0.6322916666666667 0.6712962962962963 0.11510416666666666 0.4
6 0.5208333333333334 0.5175925925925926 0.06197916666666667 0.11018518518518519
4 0.9328125 0.04537037037037037 0.07395833333333333 0.12685185185185185
6 0.6036458333333333 0.6944444444444444 0.08125 0.11666666666666667
3 0.5817708333333333 0.40555555555555556 0.05520833333333333 0.11481481481481481
7 0.3380208333333333 0.18333333333333332 0.06302083333333333 0.1962962962962963
2 0.409375 0.6861111111111111 0.06927083333333334 0.1175925925925926
1 0.48125 0.9203703703703704 0.075 0.20462962962962963
3 0.35 0.5916666666666667 0.08541666666666667 0.12962962962962962
3 0.6901041666666666 0.8111111111111111 0.06197916666666667 0.10462962962962963
4 0.015104166666666667 0.06481481481481481 0.103125 0.20092592592592592
3 0.559375 0.6435185185185185 0.04114583333333333 0.10925925925925926
1 0.6734375 0.7935185185185185 0.05520833333333333 0.10277777777777777
3 0.35572916666666665 0.4722222222222222 0.1046875 0.2361111111111111
