3 0.8479166666666667 0.7064814814814815 0.044270833333333336 0.1527777777777778
5 0.659375 0.9222222222222223 0.14791666666666667 0.44814814814814813
3 0.8416666666666667 0.5805555555555556 0.05 0.09722222222222222
1 0.8854166666666666 0.5305555555555556 0.07916666666666666 0.17685185185185184
2 0.7020833333333333 0.7509259259259259 0.0828125 0.16296296296296298
3 0.9083333333333333 0.26666666666666666 0.08229166666666667 0.1175925925925926
2 0.8161458333333333 0.6953703703703704 0.08229166666666667 0.12222222222222222
3 0.9916666666666667 0.6620370370370371 0.11770833333333333 0.17407407407407408
6 0.6458333333333334 0.8601851851851852 0.13854166666666667 0.14722222222222223
2 0.8828125 0.5638888888888889 0.052083333333333336 0.08148148148148149
3 0.8130208333333333 0.587037037037037 0.0546875 0.08981481481481482
6 0.7380208333333333 0.46111111111111114 0.11927083333333334 0.2064814814814815
