2 0.42135416666666664 0.3472222222222222 0.10677083333333333 0.16018518518518518
6 0.21875 0.42407407407407405 0.1171875 0.16666666666666666
1 0.43697916666666664 0.5398148148148149 0.0671875 0.11666666666666667
4 0.634375 0.7277777777777777 0.1015625 0.14722222222222223
6 0.5234375 0.06296296296296296 0.11927083333333334 0.2074074074074074
6 0.39739583333333334 0.5388888888888889 0.12708333333333333 0.21944444444444444
1 0.2734375 0.5638888888888889 0.1328125 0.22962962962962963
6 0.26197916666666665 0.26851851851851855 0.07604166666666666 0.10277777777777777
3 0.19895833333333332 0.5657407407407408 0.059375 0.12407407407407407
2 0.19635416666666666 0.7175925925925926 0.06197916666666667 0.09351851851851851
3 0.40625 0.7814814814814814 0.05 0.11574074074074074
4 0.240625 0.16018518518518518 0.05364583333333333 0.15648148148148147
5 0.3921875 0.38796296296296295 0.20260416666666667 0.49722222222222223
