1 0.2234375 0.7703703703703704 0.06145833333333333 0.11574074074074074
3 0.4083333333333333 0.4935185185185185 0.0734375 0.12777777777777777
2 0.303125 0.687037037037037 0.10104166666666667 0.21481481481481482
2 0.40729166666666666 0.7092592592592593 0.1015625 0.13240740740740742
4 0.09479166666666666 0.9472222222222222 0.11302083333333333 0.15462962962962962
2 0.19947916666666668 0.44537037037037036 0.12447916666666667 0.20185185185185187
6 0.353125 0.3712962962962963 0.11302083333333333 0.1824074074074074
6 0.478125 0.662962962962963 0.08072916666666667 0.1685185185185185
6 0.38697916666666665 0.825925925925926 0.1015625 0.1388888888888889
3 0.3296875 0.8157407407407408 0.053125 0.12314814814814815
5 0.2552083333333333 0.18518518518518517 0.11979166666666667 0.3148148148148148
3 0.39895833333333336 0.45740740740740743 0.0625 0.1287037037037037
