6 0.696875 0.287962962962963 0.0984375 0.2
2 0.6567708333333333 0.31203703703703706 0.0515625 0.09444444444444444
2 0.725 0.1962962962962963 0.0734375 0.1259259259259259
6 0.6953125 0.22037037037037038 0.07291666666666667 0.14166666666666666
3 0.8557291666666667 0.5435185185185185 0.0875 0.18888888888888888
4 0.7791666666666667 0.5611111111111111 0.1046875 0.1638888888888889
3 0.7005208333333334 0.008333333333333333 0.08072916666666667 0.1824074074074074
2 0.7286458333333333 0.42777777777777776 0.07708333333333334 0.12222222222222222
4 0.1921875 0.1111111111111111 0.0875 0.1935185185185185
6 0.6177083333333333 0.49074074074074076 0.1109375 0.22592592592592592
6 0.7677083333333333 0.7851851851851852 0.17291666666666666 0.3074074074074074
3 0.7260416666666667 0.2518518518518518 0.1 0.15462962962962962
1 0.6869791666666667 0.34074074074074073 0.05625 0.13796296296296295
2 0.5421875 0.22685185185185186 0.07239583333333334 0.12407407407407407
3 0.8838541666666667 0.08611111111111111 0.042708333333333334 0.13425925925925927
3 0.6442708333333333 0.011111111111111112 0.05677083333333333 0.1527777777777778
