4 0.2635416666666667 0.43425925925925923 0.05260416666666667 0.1527777777777778
1 0.721875 0.28703703703703703 0.04114583333333333 0.08796296296296297
6 0.8098958333333334 0.5370370370370371 0.071875 0.17037037037037037
1 0.8661458333333333 0.7907407407407407 0.07135416666666666 0.1425925925925926
1 0.7125 0.9675925925925926 0.059895833333333336 0.11481481481481481
2 0.79375 0.7759259259259259 0.109375 0.15092592592592594
7 0.22447916666666667 0.8490740740740741 0.10364583333333334 0.20277777777777778
3 0.6442708333333333 0.8398148148148148 0.05260416666666667 0.11851851851851852
4 0.5390625 0.23333333333333334 0.0671875 0.17222222222222222
2 0.9270833333333334 0.6462962962962963 0.09635416666666667 0.1638888888888889
2 0.8135416666666667 0.8287037037037037 0.08020833333333334 0.13240740740740742
1 0.746875 0.8074074074074075 0.11614583333333334 0.2
2 0.5130208333333334 0.5472222222222223 0.09114583333333333 0.17685185185185184
3 0.5473958333333333 0.6898148148148148 0.040625 0.08425925925925926
1 0.7786458333333334 0.7935185185185185 0.0796875 0.16203703703703703
5 0.12708333333333333 0.3768518518518518 0.12239583333333333 0.4888888888888889
1 0.8765625 0.4666666666666667 0.07083333333333333 0.13425925925925927
