2 0.3463541666666667 0.010185185185185186 0.12760416666666666 0.15185185185185185
6 0.5286458333333334 0.9175925925925926 0.06354166666666666 0.13055555555555556
3 0.5802083333333333 0.6888888888888889 0.07708333333333334 0.1574074074074074
6 0.35 0.5990740740740741 0.11822916666666666 0.2101851851851852
5 0.008854166666666666 0.20092592592592592 0.16927083333333334 0.4185185185185185
3 0.45 0.7083333333333334 0.06770833333333333 0.11388888888888889
6 0.48489583333333336 0.5462962962962963 0.078125 0.1648148148148148
6 0.6166666666666667 0.7148148148148148 0.09166666666666666 0.1648148148148148
1 0.265625 0.44907407407407407 0.078125 0.225
2 0.20104166666666667 0.2777777777777778 0.10208333333333333 0.23796296296296296
4 0.1078125 0.7759259259259259 0.07760416666666667 0.2037037037037037
3 0.29375 0.5101851851851852 0.07760416666666667 0.1787037037037037
7 0.36302083333333335 0.28425925925925927 0.06666666666666667 0.26481481481481484
3 0.5317708333333333 0.5212962962962963 0.058333333333333334 0.08333333333333333
4 0.6583333333333333 0.07777777777777778 0.07083333333333333 0.14166666666666666
6 0.4166666666666667 0.6453703703703704 0.090625 0.16944444444444445
1 0.43125 0.387037037037037 0.09479166666666666 0.15833333333333333
3 0.5036458333333333 0.058333333333333334 0.04895833333333333 0.10277777777777777
