3 0.4713541666666667 0.48518518518518516 0.04791666666666667 0.1
1 0.5567708333333333 0.6185185185185185 0.05 0.12962962962962962
5 0.10729166666666666 0.5657407407407408 0.17864583333333334 0.4444444444444444
3 0.54375 0.16111111111111112 0.059375 0.2074074074074074
1 0.590625 0.7305555555555555 0.1234375 0.27870370370370373
3 0.33541666666666664 0.6944444444444444 0.0796875 0.1425925925925926
1 0.4661458333333333 0.9055555555555556 0.13072916666666667 0.26296296296296295
4 0.3229166666666667 0.27685185185185185 0.071875 0.1787037037037037
6 0.32395833333333335 0.5703703703703704 0.12395833333333334 0.21944444444444444
1 0.45260416666666664 0.8148148148148148 0.084375 0.19074074074074074
