3 0.903125 0.5657407407407408 0.0828125 0.11388888888888889
2 0.7046875 0.5537037037037037 0.059375 0.10833333333333334
1 0.8359375 0.48518518518518516 0.07864583333333333 0.14814814814814814
1 0.6895833333333333 0.5648148148148148 0.08802083333333334 0.16018518518518518
1 0.6953125 0.3925925925925926 0.1453125 0.2675925925925926
6 0.8791666666666667 0.7194444444444444 0.09166666666666666 0.18611111111111112
1 0.9296875 0.8787037037037037 0.0828125 0.14351851851851852
2 0.9651041666666667 0.7296296296296296 0.12447916666666667 0.2212962962962963
6 0.6442708333333333 0.33240740740740743 0.14010416666666667 0.20277777777777778
6 0.7364583333333333 0.5046296296296297 0.14010416666666667 0.1787037037037037
1 0.8260416666666667 0.8 0.10833333333333334 0.21388888888888888
6 0.8208333333333333 0.6592592592592592 0.07291666666666667 0.1398148148148148
