5 0.48333333333333334 0.6166666666666667 0.08333333333333333 0.2222222222222222
1 0.7208333333333333 0.6972222222222222 0.09947916666666666 0.2074074074074074
6 0.7885416666666667 0.5287037037037037 0.12083333333333333 0.17407407407407408
7 0.3260416666666667 0.41944444444444445 0.05364583333333333 0.13796296296296295
1 0.8432291666666667 0.5675925925925925 0.04114583333333333 0.1037037037037037
6 0.890625 0.5574074074074075 0.128125 0.2175925925925926
3 0.73125 0.6 0.05625 0.08148148148148149
1 0.984375 0.37222222222222223 0.09635416666666667 0.175
4 0.32708333333333334 0.26851851851851855 0.06666666666666667 0.1787037037037037
4 0.2578125 0.42962962962962964 0.09270833333333334 0.22314814814814815
2 0.9364583333333333 0.7574074074074074 0.05572916666666667 0.09166666666666666
