4 0.853125 0.42962962962962964 0.11145833333333334 0.16296296296296298
5 0.16979166666666667 0.387037037037037 0.11510416666666666 0.4027777777777778
3 0.7640625 0.6796296296296296 0.07291666666666667 0.13796296296296295
2 0.8385416666666666 0.725 0.11302083333333333 0.20092592592592592
6 0.7614583333333333 0.3814814814814815 0.07552083333333333 0.09444444444444444
2 0.5473958333333333 0.5333333333333333 0.09479166666666666 0.1537037037037037
6 0.6864583333333333 0.8481481481481481 0.13125 0.17314814814814813
3 0.8546875 0.55 0.07447916666666667 0.14351851851851852
6 0.7958333333333333 0.6814814814814815 0.14375 0.27314814814814814
3 0.80625 0.39351851851851855 0.075 0.13796296296296295
6 0.5927083333333333 0.587037037037037 0.07708333333333334 0.12407407407407407
6 0.7859375 0.32407407407407407 0.09427083333333333 0.15462962962962962
4 0.11354166666666667 0.6240740740740741 0.0828125 0.19444444444444445
1 0.7427083333333333 0.4861111111111111 0.07708333333333334 0.15
6 0.8572916666666667 0.712037037037037 0.1453125 0.2462962962962963
1 0.7291666666666666 0.7074074074074074 0.07395833333333333 0.1675925925925926
2 0.5890625 0.6796296296296296 0.06302083333333333 0.09814814814814815
