1 0.4708333333333333 0.5509259259259259 0.13333333333333333 0.2611111111111111
3 0.18385416666666668 0.6287037037037037 0.03958333333333333 0.06018518518518518
2 0.2 0.16018518518518518 0.04791666666666667 0.12685185185185185
4 0.3609375 0.04814814814814815 0.07447916666666667 0.13518518518518519
1 0.3125 0.38425925925925924 0.05364583333333333 0.1712962962962963
6 0.325 0.43425925925925923 0.13177083333333334 0.23055555555555557
1 0.23541666666666666 0.32037037037037036 0.0875 0.14351851851851852
4 0.8911458333333333 0.000925925925925926 0.11458333333333333 0.15925925925925927
2 0.3609375 0.287962962962963 0.10364583333333334 0.16296296296296298
2 0.36041666666666666 0.4462962962962963 0.1015625 0.15
6 0.37916666666666665 0.24537037037037038 0.11927083333333334 0.1962962962962963
6 0.33697916666666666 0.5055555555555555 0.065625 0.11296296296296296
3 0.16354166666666667 0.725 0.06875 0.1638888888888889
2 0.45625 0.5814814814814815 0.09947916666666666 0.13796296296296295
5 0.9859375 0.21481481481481482 0.1203125 0.32314814814814813
6 0.41302083333333334 0.5768518518518518 0.06510416666666667 0.10740740740740741
