1 0.7479166666666667 0.4425925925925926 0.07239583333333334 0.1527777777777778
2 0.7385416666666667 0.6768518518518518 0.13333333333333333 0.21203703703703702
5 0.125 0.35555555555555557 0.10572916666666667 0.30833333333333335
2 0.9666666666666667 0.30833333333333335 0.1140625 0.1675925925925926
6 0.715625 0.5259259259259259 0.0609375 0.09722222222222222
6 0.7630208333333334 0.4842592592592593 0.13489583333333333 0.21296296296296297
4 0.7911458333333333 0.2222222222222222 0.053125 0.18425925925925926
2 0.7880208333333333 0.7101851851851851 0.07760416666666667 0.10092592592592593
3 0.71875 0.33611111111111114 0.075 0.10185185185185185
1 0.4244791666666667 0.6388888888888888 0.10729166666666666 0.23333333333333334
6 0.4078125 0.5907407407407408 0.17239583333333333 0.25925925925925924
6 0.5526041666666667 0.4287037037037037 0.1375 0.2611111111111111
3 0.7380208333333333 0.7296296296296296 0.07083333333333333 0.15092592592592594
