6 0.4713541666666667 0.8583333333333333 0.0953125 0.17314814814814813
1 0.7828125 0.6555555555555556 0.12291666666666666 0.2518518518518518
6 0.7979166666666667 0.26944444444444443 0.06041666666666667 0.1814814814814815
4 0.14791666666666667 0.11944444444444445 0.09739583333333333 0.18888888888888888
1 0.646875 0.5425925925925926 0.0984375 0.2212962962962963
4 0.709375 0.8287037037037037 0.07083333333333333 0.17962962962962964
1 0.7432291666666667 0.8694444444444445 0.11927083333333334 0.22592592592592592
3 0.5677083333333334 0.6620370370370371 0.0484375 0.12962962962962962
6 0.8817708333333333 0.8157407407407408 0.13125 0.22592592592592592
3 0.8182291666666667 0.5972222222222222 0.09322916666666667 0.19444444444444445
1 0.7322916666666667 0.43425925925925923 0.08541666666666667 0.14907407407407408
7 0.6744791666666666 0.23981481481481481 0.08541666666666667 0.2101851851851852
2 0.625 0.762962962962963 0.09479166666666666 0.2037037037037037
1 0.6447916666666667 0.6361111111111111 0.06197916666666667 0.11666666666666667
