3 0.7848958333333333 0.1361111111111111 0.090625 0.1787037037037037
3 0.8020833333333334 0.325 0.06510416666666667 0.10833333333333334
6 0.8588541666666667 0.28055555555555556 0.09166666666666666 0.16944444444444445
1 0.7723958333333333 0.5425925925925926 0.1234375 0.23796296296296296
2 0.9822916666666667 0.48055555555555557 0.06354166666666666 0.11666666666666667
2 0.76875 0.5388888888888889 0.06979166666666667 0.14814814814814814
2 0.8609375 0.04722222222222222 0.109375 0.24166666666666667
6 0.8880208333333334 0.5324074074074074 0.08020833333333334 0.1175925925925926
3 0.7213541666666666 0.07222222222222222 0.06302083333333333 0.19444444444444445
3 0.7875 0.2722222222222222 0.040625 0.08425925925925926
4 0.4276041666666667 0.24444444444444444 0.10364583333333334 0.1685185185185185
2 0.8432291666666667 0.2759259259259259 0.08333333333333333 0.1527777777777778
