1 0.46822916666666664 0.5685185185185185 0.08333333333333333 0.1675925925925926
1 0.4864583333333333 0.6675925925925926 0.09635416666666667 0.22407407407407406
4 0.9859375 0.8027777777777778 0.06041666666666667 0.17222222222222222
1 0.45416666666666666 0.7185185185185186 0.06875 0.14814814814814814
6 0.4354166666666667 0.35555555555555557 0.12552083333333333 0.20925925925925926
2 0.6171875 0.44351851851851853 0.08489583333333334 0.14074074074074075
1 0.25729166666666664 0.40925925925925927 0.11822916666666666 0.287962962962963
3 0.4739583333333333 0.45555555555555555 0.033854166666666664 0.0787037037037037
2 0.3859375 0.31296296296296294 0.09375 0.12407407407407407
2 0.49375 0.36944444444444446 0.06145833333333333 0.10092592592592593
2 0.4192708333333333 0.7351851851851852 0.09166666666666666 0.1962962962962963
6 0.5234375 0.25925925925925924 0.1125 0.15648148148148147
1 0.41458333333333336 0.6481481481481481 0.10416666666666667 0.22407407407407406
2 0.30364583333333334 0.6546296296296297 0.096875 0.14907407407407408
3 0.3338541666666667 0.29074074074074074 0.058333333333333334 0.1111111111111111
5 0.31614583333333335 0.39814814814814814 0.16666666666666666 0.3824074074074074
