6 0.7619791666666667 0.31851851851851853 0.1140625 0.1824074074074074
5 0.659375 0.1425925925925926 0.153125 0.4564814814814815
2 0.5916666666666667 0.30277777777777776 0.0921875 0.11388888888888889
1 0.4109375 0.5768518518518518 0.07760416666666667 0.18333333333333332
4 0.020833333333333332 0.19537037037037036 0.09427083333333333 0.2175925925925926
6 0.615625 0.4546296296296296 0.153125 0.2490740740740741
3 0.4239583333333333 0.11481481481481481 0.05677083333333333 0.1287037037037037
2 0.4739583333333333 0.1574074074074074 0.11666666666666667 0.17314814814814813
3 0.6807291666666667 0.43148148148148147 0.08125 0.19166666666666668
2 0.5953125 0.8425925925925926 0.10260416666666666 0.15555555555555556
2 0.6697916666666667 0.5472222222222223 0.0546875 0.09814814814814815
1 0.6114583333333333 0.40555555555555556 0.0578125 0.10925925925925926
2 0.6135416666666667 0.562962962962963 0.0625 0.1037037037037037
