1 0.5807291666666666 0.3351851851851852 0.0953125 0.22037037037037038
1 0.2625 0.22592592592592592 0.0546875 0.10555555555555556
5 0.3927083333333333 0.37962962962962965 0.1421875 0.5481481481481482
1 0.3963541666666667 0.2851851851851852 0.07447916666666667 0.17222222222222222
1 0.6020833333333333 0.48333333333333334 0.121875 0.2175925925925926
1 0.3536458333333333 0.6472222222222223 0.09479166666666666 0.18518518518518517
6 0.578125 0.008333333333333333 0.1359375 0.21296296296296297
6 0.3609375 0.6648148148148149 0.07864583333333333 0.12037037037037036
1 0.4515625 0.7694444444444445 0.04114583333333333 0.1
3 0.6427083333333333 0.34814814814814815 0.11145833333333334 0.16111111111111112
