3 0.35989583333333336 0.6805555555555556 0.0578125 0.15185185185185185
2 0.5510416666666667 0.14629629629629629 0.07552083333333333 0.14166666666666666
3 0.3807291666666667 0.6018518518518519 0.10677083333333333 0.2212962962962963
4 0.1796875 0.5638888888888889 0.08958333333333333 0.1712962962962963
4 0.628125 0.4203703703703704 0.08541666666666667 0.15648148148148147
2 0.6479166666666667 0.35 0.12604166666666666 0.2574074074074074
3 0.40260416666666665 0.5046296296296297 0.078125 0.1675925925925926
1 0.678125 0.5546296296296296 0.0875 0.17037037037037037
2 0.6427083333333333 0.40925925925925927 0.1125 0.21666666666666667
6 0.4786458333333333 0.5268518518518519 0.07447916666666667 0.11481481481481481
7 0.6645833333333333 0.17314814814814813 0.06927083333333334 0.20833333333333334
6 0.09427083333333333 0.7129629629629629 0.08489583333333334 0.1638888888888889
6 0.17239583333333333 0.4583333333333333 0.0859375 0.12962962962962962
6 0.3046875 0.8574074074074074 0.05625 0.12129629629629629
2 0.25364583333333335 0.6861111111111111 0.08020833333333334 0.1388888888888889
2 0.3671875 0.7638888888888888 0.10677083333333333 0.2074074074074074
3 0.34375 0.16666666666666666 0.06875 0.13703703703703704
3 0.31875 0.6824074074074075 0.058854166666666666 0.14444444444444443
6 0.43697916666666664 0.5287037037037037 0.125 0.20462962962962963
6 0.234375 0.5222222222222223 0.1234375 0.21666666666666667
1 0.4473958333333333 0.49907407407407406 0.06979166666666667 0.17592592592592593
