4 0.4427083333333333 0.02962962962962963 0.09166666666666666 0.20277777777777778
6 0.7421875 0.5453703703703704 0.0859375 0.14814814814814814
6 0.796875 0.24814814814814815 0.06510416666666667 0.0712962962962963
6 0.42083333333333334 0.27685185185185185 0.078125 0.12222222222222222
5 0.8984375 0.9638888888888889 0.15 0.4546296296296296
4 0.6958333333333333 0.053703703703703705 0.06666666666666667 0.175
3 0.7015625 0.14074074074074075 0.08958333333333333 0.11574074074074074
3 0.7317708333333334 0.3416666666666667 0.08541666666666667 0.1537037037037037
1 0.5661458333333333 0.23425925925925925 0.0734375 0.13703703703703704
1 0.5588541666666667 0.4675925925925926 0.07395833333333333 0.14537037037037037
