4 0.2640625 0.0962962962962963 0.11302083333333333 0.19074074074074074
3 0.6234375 0.3768518518518518 0.09479166666666666 0.16296296296296298
1 0.5333333333333333 0.8731481481481481 0.1296875 0.24166666666666667
6 0.6875 0.43333333333333335 0.07864583333333333 0.21944444444444444
1 0.6416666666666667 0.8138888888888889 0.14895833333333333 0.2740740740740741
3 0.5072916666666667 0.8629629629629629 0.058854166666666666 0.10555555555555556
3 0.7135416666666666 0.49444444444444446 0.053125 0.15648148148148147
3 0.5322916666666667 0.600925925925926 0.0375 0.1
2 0.43854166666666666 0.4046296296296296 0.10989583333333333 0.2037037037037037
3 0.6276041666666666 0.7 0.08489583333333334 0.17314814814814813
1 0.47552083333333334 0.5694444444444444 0.11979166666666667 0.25462962962962965
6 0.6760416666666667 0.6824074074074075 0.078125 0.13055555555555556
