6 0.6552083333333333 0.5138888888888888 0.09739583333333333 0.21203703703703702
3 0.5177083333333333 0.3990740740740741 0.0703125 0.15925925925925927
1 0.6588541666666666 0.7138888888888889 0.10260416666666666 0.2351851851851852
2 0.7005208333333334 0.1398148148148148 0.07083333333333333 0.10833333333333334
1 0.6411458333333333 0.32685185185185184 0.08541666666666667 0.17777777777777778
1 0.6682291666666667 0.2111111111111111 0.11770833333333333 0.1935185185185185
2 0.7416666666666667 0.20462962962962963 0.10416666666666667 0.18518518518518517
6 0.6072916666666667 0.337037037037037 0.1 0.1648148148148148
3 0.5109375 0.2351851851851852 0.1125 0.19814814814814816
1 0.49375 0.22037037037037038 0.06041666666666667 0.15648148148148147
3 0.746875 0.33055555555555555 0.0953125 0.13148148148148148
4 0.171875 0.27685185185185185 0.075 0.1935185185185185
3 0.6296875 0.2388888888888889 0.06302083333333333 0.13148148148148148
2 0.7390625 0.4305555555555556 0.0453125 0.10185185185185185
