6 0.5526041666666667 0.4351851851851852 0.134375 0.21666666666666667
2 0.46197916666666666 0.5601851851851852 0.08385416666666666 0.16203703703703703
3 0.5625 0.12777777777777777 0.0796875 0.18888888888888888
1 0.5385416666666667 0.41574074074074074 0.14479166666666668 0.2712962962962963
3 0.48489583333333336 0.42777777777777776 0.049479166666666664 0.09259259259259259
1 0.45416666666666666 0.2564814814814815 0.08645833333333333 0.15
6 0.503125 0.36018518518518516 0.1375 0.21666666666666667
6 0.6473958333333333 0.40370370370370373 0.05416666666666667 0.08518518518518518
1 0.5640625 0.5194444444444445 0.10520833333333333 0.19814814814814816
6 0.515625 0.7342592592592593 0.08385416666666666 0.15648148148148147
