2 0.2515625 0.35 0.06302083333333333 0.13703703703703704
2 0.2942708333333333 0.17777777777777778 0.13072916666666667 0.21944444444444444
4 0.9880208333333333 0.5601851851851852 0.08541666666666667 0.16203703703703703
1 0.29583333333333334 0.3 0.09479166666666666 0.20833333333333334
2 0.08020833333333334 0.6787037037037037 0.08802083333333334 0.15648148148148147
2 0.17239583333333333 0.4583333333333333 0.05416666666666667 0.1175925925925926
2 0.125 0.549074074074074 0.1265625 0.15648148148148147
4 0.6729166666666667 0.5370370370370371 0.07135416666666666 0.18703703703703703
3 0.253125 0.5509259259259259 0.08802083333333334 0.15555555555555556
2 0.05260416666666667 0.7888888888888889 0.11666666666666667 0.19166666666666668
1 0.04114583333333333 0.7953703703703704 0.14270833333333333 0.262037037037037
3 0.0609375 0.6564814814814814 0.0765625 0.12777777777777777
6 0.1703125 0.6277777777777778 0.1328125 0.18518518518518517
5 0.9307291666666667 0.37407407407407406 0.11822916666666666 0.5027777777777778
1 0.3375 0.21203703703703702 0.065625 0.13148148148148148
3 0.13020833333333334 0.4 0.05625 0.11388888888888889
1 0.028125 0.9287037037037037 0.11875 0.23055555555555557
