4 0.4239583333333333 0.2833333333333333 0.053125 0.15925925925925927
1 0.203125 0.5703703703703704 0.14166666666666666 0.25277777777777777
5 0.7088541666666667 0.2712962962962963 0.20989583333333334 0.5342592592592592
1 0.5416666666666666 0.6611111111111111 0.125 0.20833333333333334
4 0.5916666666666667 0.9518518518518518 0.0734375 0.1425925925925926
3 0.2 0.6046296296296296 0.09114583333333333 0.2064814814814815
2 0.48802083333333335 0.41388888888888886 0.0875 0.14537037037037037
1 0.37083333333333335 0.8944444444444445 0.08854166666666667 0.17962962962962964
2 0.16770833333333332 0.6101851851851852 0.11510416666666666 0.1712962962962963
6 0.2828125 0.31574074074074077 0.09270833333333334 0.14166666666666666
2 0.29583333333333334 0.425 0.05416666666666667 0.1037037037037037
3 0.22239583333333332 0.4425925925925926 0.09427083333333333 0.1935185185185185
