1 0.396875 0.3675925925925926 0.115625 0.23796296296296296
6 0.4953125 0.3453703703703704 0.15260416666666668 0.24351851851851852
6 0.6302083333333334 0.5537037037037037 0.09895833333333333 0.17037037037037037
4 0.4140625 0.45555555555555555 0.08229166666666667 0.18796296296296297
1 0.59375 0.44351851851851853 0.1296875 0.27314814814814814
2 0.646875 0.6685185185185185 0.128125 0.1712962962962963
2 0.5385416666666667 0.2601851851851852 0.10208333333333333 0.18425925925925926
2 0.6755208333333333 0.7759259259259259 0.07916666666666666 0.14722222222222223
2 0.5692708333333333 0.6620370370370371 0.10520833333333333 0.15833333333333333
3 0.5796875 0.15185185185185185 0.071875 0.1527777777777778
6 0.47239583333333335 0.17037037037037037 0.10052083333333334 0.175
1 0.4510416666666667 0.6287037037037037 0.14375 0.30185185185185187
6 0.4015625 0.6648148148148149 0.08020833333333334 0.18518518518518517
