6 0.6171875 0.837037037037037 0.14479166666666668 0.2657407407407407
2 0.5260416666666666 0.5879629629629629 0.07291666666666667 0.1259259259259259
6 0.7307291666666667 0.7768518518518519 0.05572916666666667 0.07777777777777778
2 0.6947916666666667 0.7407407407407407 0.09166666666666666 0.1259259259259259
3 0.86875 0.5268518518518519 0.06041666666666667 0.12407407407407407
2 0.8010416666666667 0.7194444444444444 0.12291666666666666 0.1787037037037037
6 0.7807291666666667 0.7388888888888889 0.1 0.16296296296296298
3 0.675 0.6851851851851852 0.0640625 0.15
6 0.8234375 0.6435185185185185 0.1375 0.27685185185185185
1 0.7052083333333333 0.9972222222222222 0.11197916666666667 0.2175925925925926
4 0.6447916666666667 0.07407407407407407 0.05364583333333333 0.17037037037037037
2 0.6859375 0.6555555555555556 0.0640625 0.08703703703703704
6 0.7963541666666667 0.9592592592592593 0.06822916666666666 0.1425925925925926
2 0.721875 0.8009259259259259 0.10520833333333333 0.1574074074074074
