2 0.54375 0.39537037037037037 0.0671875 0.1175925925925926
2 0.571875 0.2462962962962963 0.08229166666666667 0.13333333333333333
5 0.2557291666666667 0.9425925925925925 0.14895833333333333 0.5277777777777778
2 0.5395833333333333 0.6018518518518519 0.10416666666666667 0.1712962962962963
6 0.5421875 0.04722222222222222 0.11927083333333334 0.2074074074074074
3 0.42604166666666665 0.5694444444444444 0.07604166666666666 0.2074074074074074
1 0.753125 0.5259259259259259 0.06822916666666666 0.13148148148148148
2 0.5265625 0.49907407407407406 0.06458333333333334 0.14444444444444443
3 0.5411458333333333 0.8703703703703703 0.040625 0.1
3 0.5640625 0.1638888888888889 0.06614583333333333 0.14537037037037037
2 0.5854166666666667 0.21944444444444444 0.08697916666666666 0.1398148148148148
1 0.6270833333333333 0.4064814814814815 0.075 0.15555555555555556
6 0.6145833333333334 0.1574074074074074 0.09739583333333333 0.2324074074074074
2 0.43020833333333336 0.39444444444444443 0.0828125 0.14351851851851852
3 0.5578125 0.4861111111111111 0.042708333333333334 0.09259259259259259
