6 0.5776041666666667 0.36203703703703705 0.08958333333333333 0.1175925925925926
3 0.75 0.5574074074074075 0.09375 0.1537037037037037
4 0.6046875 0.9361111111111111 0.07604166666666666 0.2111111111111111
1 0.7109375 0.6611111111111111 0.09270833333333334 0.15185185185185185
4 0.6161458333333333 0.2935185185185185 0.08020833333333334 0.21851851851851853
6 0.6307291666666667 0.9166666666666666 0.16927083333333334 0.2972222222222222
5 0.022916666666666665 0.19537037037037036 0.25104166666666666 0.5657407407407408
3 0.8432291666666667 0.29074074074074074 0.07135416666666666 0.14166666666666666
1 0.7302083333333333 0.46296296296296297 0.11770833333333333 0.22870370370370371
1 0.6546875 0.5824074074074074 0.08645833333333333 0.1824074074074074
2 0.8015625 0.6222222222222222 0.15625 0.2824074074074074
2 0.6630208333333333 0.7324074074074074 0.05416666666666667 0.07777777777777778
2 0.6067708333333334 0.2972222222222222 0.08333333333333333 0.1175925925925926
