1 0.146875 0.38425925925925924 0.10572916666666667 0.22037037037037038
2 0.34427083333333336 0.24259259259259258 0.071875 0.1361111111111111
3 0.21145833333333333 0.3277777777777778 0.12083333333333333 0.19444444444444445
6 0.096875 0.3314814814814815 0.10989583333333333 0.21388888888888888
1 0.39427083333333335 0.937037037037037 0.058854166666666666 0.13148148148148148
6 0.32135416666666666 0.7648148148148148 0.134375 0.23981481481481481
2 0.3104166666666667 0.2898148148148148 0.0578125 0.0962962962962963
1 0.22864583333333333 0.7287037037037037 0.06458333333333334 0.1259259259259259
6 0.1578125 0.5638888888888889 0.08333333333333333 0.1648148148148148
6 0.225 0.7287037037037037 0.08854166666666667 0.25833333333333336
3 0.25625 0.562037037037037 0.0484375 0.09722222222222222
3 0.3515625 0.8222222222222222 0.050520833333333334 0.11944444444444445
