6 0.590625 0.6074074074074074 0.1296875 0.19537037037037036
3 0.6239583333333333 0.09074074074074075 0.10989583333333333 0.18611111111111112
1 0.40572916666666664 0.6231481481481481 0.09010416666666667 0.1675925925925926
3 0.7067708333333333 0.5212962962962963 0.09166666666666666 0.19814814814814816
3 0.7583333333333333 0.4537037037037037 0.04583333333333333 0.09907407407407408
2 0.5557291666666667 0.7361111111111112 0.0875 0.17685185185185184
3 0.6552083333333333 0.4425925925925926 0.040625 0.1
6 0.5583333333333333 0.30185185185185187 0.0859375 0.14907407407407408
1 0.5375 0.7638888888888888 0.10364583333333334 0.2064814814814815
6 0.5859375 0.31574074074074077 0.12708333333333333 0.22777777777777777
2 0.4739583333333333 0.5444444444444444 0.050520833333333334 0.07592592592592592
6 0.6390625 0.6064814814814815 0.1453125 0.2953703703703704
2 0.5401041666666667 0.7472222222222222 0.10572916666666667 0.17314814814814813
