6 0.7322916666666667 0.6435185185185185 0.05572916666666667 0.13148148148148148
6 0.8041666666666667 0.85 0.0578125 0.1787037037037037
1 0.79375 0.6814814814814815 0.11197916666666667 0.225
2 0.7817708333333333 0.31666666666666665 0.0484375 0.10740740740740741
1 0.6151041666666667 0.6314814814814815 0.10364583333333334 0.1824074074074074
3 0.609375 0.7462962962962963 0.06302083333333333 0.175
1 0.7359375 0.6555555555555556 0.0890625 0.1925925925925926
2 0.6286458333333333 0.7694444444444445 0.07864583333333333 0.17685185185185184
3 0.4078125 0.7453703703703703 0.07135416666666666 0.15462962962962962
1 0.6354166666666666 0.3509259259259259 0.11770833333333333 0.2574074074074074
2 0.7609375 0.9574074074074074 0.10572916666666667 0.1638888888888889
2 0.7963541666666667 0.7194444444444444 0.049479166666666664 0.11018518518518519
