2 0.6411458333333333 0.3768518518518518 0.10260416666666666 0.21666666666666667
5 0.078125 0.6703703703703704 0.12395833333333334 0.362962962962963
6 0.45625 0.7305555555555555 0.18802083333333333 0.3212962962962963
3 0.6338541666666667 0.16574074074074074 0.057291666666666664 0.13055555555555556
1 0.7286458333333333 0.5259259259259259 0.07135416666666666 0.14074074074074075
3 0.4890625 0.4666666666666667 0.06458333333333334 0.1
2 0.7020833333333333 0.13703703703703704 0.1328125 0.2777777777777778
3 0.5828125 0.2796296296296296 0.0875 0.1814814814814815
4 0.4953125 0.34444444444444444 0.08697916666666666 0.18425925925925926
2 0.4109375 0.6203703703703703 0.06458333333333334 0.10462962962962963
4 0.1796875 0.4444444444444444 0.06927083333333334 0.18611111111111112
