6 0.2765625 0.2 0.0890625 0.14907407407407408
4 0.36666666666666664 0.11944444444444445 0.07864583333333333 0.20185185185185187
3 0.2 0.7111111111111111 0.08072916666666667 0.18981481481481483
3 0.2015625 0.06111111111111111 0.052083333333333336 0.10833333333333334
3 0.10260416666666666 0.6759259259259259 0.07135416666666666 0.13055555555555556
1 0.07552083333333333 0.262037037037037 0.1078125 0.21944444444444444
2 0.3671875 0.875 0.08645833333333333 0.16111111111111112
6 0.321875 0.675 0.13958333333333334 0.2814814814814815
6 0.4171875 0.44814814814814813 0.14739583333333334 0.2574074074074074
4 0.7958333333333333 0.9527777777777777 0.08697916666666666 0.15648148148148147
7 0.9817708333333334 0.7675925925925926 0.08385416666666666 0.1712962962962963
