3 0.22760416666666666 0.34814814814814815 0.044270833333333336 0.08611111111111111
3 0.075 0.6861111111111111 0.06979166666666667 0.11851851851851852
3 0.30364583333333334 0.6518518518518519 0.09375 0.16944444444444445
6 0.18333333333333332 0.5148148148148148 0.13125 0.22777777777777777
3 0.23333333333333334 0.575925925925926 0.07604166666666666 0.16018518518518518
1 0.2625 0.5175925925925926 0.09010416666666667 0.20462962962962963
3 0.20572916666666666 0.12962962962962962 0.06979166666666667 0.08611111111111111
4 0.9354166666666667 0.2898148148148148 0.07708333333333334 0.19814814814814816
6 0.26197916666666665 0.5518518518518518 0.09635416666666667 0.15555555555555556
1 0.2390625 0.5407407407407407 0.06302083333333333 0.12037037037037036
7 0.409375 0.9435185185185185 0.0765625 0.1425925925925926
2 0.28177083333333336 0.6601851851851852 0.09479166666666666 0.21296296296296297
2 0.28854166666666664 0.24814814814814815 0.04583333333333333 0.11203703703703703
4 0.5578125 0.18333333333333332 0.09947916666666666 0.15462962962962962
2 0.36770833333333336 0.7138888888888889 0.07447916666666667 0.1287037037037037
