5 0.7265625 0.6546296296296297 0.1671875 0.4185185185185185
7 0.8989583333333333 0.046296296296296294 0.06510416666666667 0.17222222222222222
6 0.44635416666666666 0.29444444444444445 0.16510416666666666 0.25462962962962965
2 0.665625 0.5314814814814814 0.07864583333333333 0.11203703703703703
4 0.08020833333333334 0.8935185185185185 0.11927083333333334 0.25277777777777777
6 0.69375 0.20462962962962963 0.0765625 0.13148148148148148
6 0.6463541666666667 0.3055555555555556 0.12135416666666667 0.12962962962962962
4 0.8067708333333333 0.6296296296296297 0.08958333333333333 0.23055555555555557
2 0.7984375 0.6240740740740741 0.15989583333333332 0.23981481481481481
2 0.6083333333333333 0.30925925925925923 0.12708333333333333 0.20277777777777778
3 0.7666666666666667 0.2601851851851852 0.07083333333333333 0.12222222222222222
2 0.6651041666666667 0.08333333333333333 0.0828125 0.12962962962962962
3 0.4921875 0.5222222222222223 0.09479166666666666 0.19166666666666668
3 0.7109375 0.13055555555555556 0.09583333333333334 0.18055555555555555
