7 0.36822916666666666 0.5370370370370371 0.059375 0.15833333333333333
6 0.5223958333333333 0.6675925925925926 0.11770833333333333 0.20833333333333334
4 0.9052083333333333 0.36944444444444446 0.0921875 0.13703703703703704
6 0.4661458333333333 0.17314814814814813 0.13229166666666667 0.21666666666666667
3 0.3515625 0.6435185185185185 0.07291666666666667 0.1287037037037037
4 0.54375 0.9712962962962963 0.115625 0.1787037037037037
6 0.4432291666666667 0.2064814814814815 0.11458333333333333 0.1824074074074074
2 0.43020833333333336 0.5907407407407408 0.049479166666666664 0.0712962962962963
2 0.44479166666666664 0.7435185185185185 0.12864583333333332 0.19907407407407407
6 0.34479166666666666 0.49166666666666664 0.0828125 0.1648148148148148
3 0.31875 0.35555555555555557 0.08125 0.1638888888888889
1 0.4484375 0.46111111111111114 0.12864583333333332 0.23796296296296296
