2 0.8911458333333333 0.1675925925925926 0.0828125 0.17592592592592593
3 0.5578125 0.4462962962962963 0.05416666666666667 0.13425925925925927
4 0.4234375 0.6296296296296297 0.0703125 0.21203703703703702
1 0.6770833333333334 0.3972222222222222 0.075 0.1527777777777778
3 0.653125 0.5018518518518519 0.05364583333333333 0.08703703703703704
4 0.0171875 0.6611111111111111 0.049479166666666664 0.16203703703703703
2 0.6213541666666667 0.13055555555555556 0.10364583333333334 0.15833333333333333
2 0.5401041666666667 0.4638888888888889 0.078125 0.15833333333333333
6 0.4239583333333333 0.38981481481481484 0.12395833333333334 0.2490740740740741
1 0.478125 0.14907407407407408 0.0734375 0.13703703703703704
3 0.7963541666666667 0.39444444444444443 0.058854166666666666 0.1287037037037037
5 0.96875 0.6370370370370371 0.1 0.28055555555555556
2 0.47239583333333335 0.5194444444444445 0.07760416666666667 0.12685185185185185
3 0.7380208333333333 0.4046296296296296 0.0734375 0.13333333333333333
3 0.39166666666666666 0.14074074074074075 0.09479166666666666 0.2037037037037037
1 0.6463541666666667 0.512962962962963 0.1390625 0.26851851851851855
