1 0.6484375 0.40555555555555556 0.078125 0.14074074074074075
3 0.3645833333333333 0.3287037037037037 0.1328125 0.18425925925925926
1 0.58125 0.5277777777777778 0.09166666666666666 0.20277777777777778
4 0.007291666666666667 0.3509259259259259 0.07395833333333333 0.17037037037037037
2 0.5838541666666667 0.5111111111111111 0.09895833333333333 0.21666666666666667
4 0.4765625 0.47314814814814815 0.0875 0.16111111111111112
1 0.5104166666666666 0.5740740740740741 0.057291666666666664 0.125
3 0.6984375 0.1787037037037037 0.08072916666666667 0.10740740740740741
1 0.6359375 0.43148148148148147 0.09739583333333333 0.18981481481481483
6 0.42291666666666666 0.22870370370370371 0.109375 0.19444444444444445
3 0.6828125 0.4148148148148148 0.06822916666666666 0.1574074074074074
3 0.7421875 0.262037037037037 0.05416666666666667 0.12222222222222222
1 0.6651041666666667 0.3435185185185185 0.09635416666666667 0.20555555555555555
6 0.5010416666666667 0.4685185185185185 0.06666666666666667 0.15092592592592594
