3 0.6588541666666666 0.3074074074074074 0.07760416666666667 0.17037037037037037
4 0.6458333333333334 0.058333333333333334 0.09010416666666667 0.16018518518518518
2 0.7276041666666667 0.5861111111111111 0.06302083333333333 0.12037037037037036
6 0.7453125 0.41759259259259257 0.096875 0.17222222222222222
1 0.6859375 0.46574074074074073 0.075 0.14722222222222223
2 0.696875 0.75 0.10885416666666667 0.14537037037037037
4 0.7984375 0.5601851851851852 0.06614583333333333 0.1935185185185185
2 0.75 0.7314814814814815 0.05260416666666667 0.08796296296296297
3 0.784375 0.29074074074074074 0.08489583333333334 0.11944444444444445
1 0.9557291666666666 0.2861111111111111 0.0703125 0.11481481481481481
1 0.675 0.5638888888888889 0.06197916666666667 0.12962962962962962
3 0.8020833333333334 0.1175925925925926 0.10104166666666667 0.1638888888888889
7 0.17708333333333334 0.19166666666666668 0.07604166666666666 0.17037037037037037
3 0.9979166666666667 0.5277777777777778 0.0609375 0.175
6 0.7645833333333333 0.20462962962962963 0.08958333333333333 0.18425925925925926
2 0.775 0.5962962962962963 0.1171875 0.17685185185185184
1 0.53125 0.65 0.07604166666666666 0.20092592592592592
