2 0.39479166666666665 0.6111111111111112 0.07916666666666666 0.11574074074074074
3 0.3411458333333333 0.5796296296296296 0.04479166666666667 0.07962962962962963
2 0.36770833333333336 0.7768518518518519 0.1265625 0.15
3 0.5203125 0.8740740740740741 0.04635416666666667 0.08981481481481482
3 0.5255208333333333 0.6583333333333333 0.049479166666666664 0.0962962962962963
1 0.48125 0.45555555555555555 0.11510416666666666 0.22037037037037038
3 0.5317708333333333 0.7083333333333334 0.050520833333333334 0.08888888888888889
6 0.6427083333333333 0.7972222222222223 0.16510416666666666 0.3037037037037037
4 0.9869791666666666 0.07314814814814814 0.09010416666666667 0.18425925925925926
6 0.3385416666666667 0.7768518518518519 0.08125 0.13796296296296295
1 0.571875 0.45555555555555555 0.13125 0.26296296296296295
6 0.2552083333333333 0.0712962962962963 0.07708333333333334 0.11481481481481481
