3 0.2833333333333333 0.475 0.07291666666666667 0.1
2 0.3640625 0.1638888888888889 0.058854166666666666 0.07222222222222222
1 0.19322916666666667 0.2972222222222222 0.10572916666666667 0.2101851851851852
1 0.26875 0.587037037037037 0.06666666666666667 0.14444444444444443
1 0.23802083333333332 0.7787037037037037 0.07760416666666667 0.16203703703703703
2 0.4427083333333333 0.9342592592592592 0.11510416666666666 0.15833333333333333
4 0.9567708333333333 0.9611111111111111 0.065625 0.16944444444444445
4 0.0796875 0.9879629629629629 0.08385416666666666 0.1638888888888889
2 0.5234375 0.8648148148148148 0.10260416666666666 0.1574074074074074
7 0.6026041666666667 0.3861111111111111 0.08541666666666667 0.175
3 0.16979166666666667 0.7675925925925926 0.06666666666666667 0.08333333333333333
1 0.5744791666666667 0.9148148148148149 0.06510416666666667 0.11574074074074074
1 0.25416666666666665 0.3175925925925926 0.07239583333333334 0.18888888888888888
6 0.315625 0.6861111111111111 0.07916666666666666 0.1361111111111111
2 0.384375 0.8824074074074074 0.12604166666666666 0.20555555555555555
6 0.1734375 0.3416666666666667 0.07395833333333333 0.11203703703703703
2 0.30833333333333335 0.5518518518518518 0.115625 0.14444444444444443
