1 0.25052083333333336 0.41759259259259257 0.058854166666666666 0.12685185185185185
6 0.26875 0.8092592592592592 0.11770833333333333 0.1648148148148148
1 0.24427083333333333 0.13148148148148148 0.0765625 0.1712962962962963
6 0.30104166666666665 0.41203703703703703 0.09895833333333333 0.1685185185185185
2 0.13958333333333334 0.7472222222222222 0.06145833333333333 0.09537037037037037
1 0.175 0.44907407407407407 0.12395833333333334 0.2722222222222222
6 0.040625 0.32314814814814813 0.1296875 0.2574074074074074
2 0.11458333333333333 0.4046296296296296 0.1265625 0.2064814814814815
3 0.153125 0.48518518518518516 0.103125 0.15
4 0.071875 0.45185185185185184 0.08802083333333334 0.13518518518518519
5 0.6786458333333333 0.023148148148148147 0.10989583333333333 0.3314814814814815
2 0.21302083333333333 0.4046296296296296 0.04791666666666667 0.08796296296296297
1 0.0640625 0.712037037037037 0.1171875 0.25
3 0.2921875 0.6509259259259259 0.0421875 0.09444444444444444
3 0.058854166666666666 0.20555555555555555 0.06510416666666667 0.12314814814814815
2 0.22552083333333334 0.5027777777777778 0.08229166666666667 0.13148148148148148
