2 0.8432291666666667 0.4101851851851852 0.053125 0.09074074074074075
6 0.7864583333333334 0.7935185185185185 0.06614583333333333 0.13333333333333333
1 0.896875 0.5361111111111111 0.09114583333333333 0.20925925925925926
3 0.6739583333333333 0.7407407407407407 0.06770833333333333 0.1037037037037037
6 0.6135416666666667 0.7805555555555556 0.0875 0.13333333333333333
3 0.7921875 0.5787037037037037 0.06145833333333333 0.12314814814814815
3 0.728125 0.30648148148148147 0.03697916666666667 0.07685185185185185
5 0.9213541666666667 0.3824074074074074 0.125 0.5074074074074074
1 0.6901041666666666 0.687962962962963 0.10572916666666667 0.22592592592592592
4 0.8401041666666667 0.1 0.046875 0.14537037037037037
4 0.7817708333333333 0.5675925925925925 0.0984375 0.18888888888888888
2 0.85 0.48333333333333334 0.09739583333333333 0.1685185185185185
