6 0.7489583333333333 0.7398148148148148 0.084375 0.14907407407407408
6 0.9135416666666667 0.6787037037037037 0.10989583333333333 0.1925925925925926
3 0.9442708333333333 0.6351851851851852 0.06979166666666667 0.15833333333333333
2 0.88125 0.5277777777777778 0.09114583333333333 0.20555555555555555
3 0.7302083333333333 0.425 0.058333333333333334 0.08611111111111111
2 0.8364583333333333 0.48055555555555557 0.096875 0.12222222222222222
2 0.8588541666666667 0.6981481481481482 0.0484375 0.08518518518518518
1 0.7828125 0.45 0.103125 0.18703703703703703
6 0.81875 0.7027777777777777 0.15416666666666667 0.2324074074074074
6 0.7479166666666667 0.5111111111111111 0.1015625 0.28055555555555556
2 0.6744791666666666 0.6944444444444444 0.128125 0.19444444444444445
