7 0.5546875 0.6759259259259259 0.07083333333333333 0.23796296296296296
4 0.4421875 0.6925925925925925 0.08229166666666667 0.13333333333333333
2 0.6463541666666667 0.7509259259259259 0.0515625 0.09814814814814815
6 0.5614583333333333 0.5351851851851852 0.1109375 0.1962962962962963
2 0.8130208333333333 0.3787037037037037 0.1125 0.25462962962962965
2 0.6901041666666666 0.4935185185185185 0.0765625 0.10277777777777777
2 0.7036458333333333 0.40370370370370373 0.09010416666666667 0.15462962962962962
1 0.7697916666666667 0.325 0.0546875 0.13333333333333333
1 0.54375 0.44351851851851853 0.125 0.25925925925925924
6 0.8744791666666667 0.5425925925925926 0.058854166666666666 0.1175925925925926
6 0.6703125 0.8842592592592593 0.1609375 0.2675925925925926
4 0.4270833333333333 0.55 0.0546875 0.17962962962962964
3 0.6161458333333333 0.4787037037037037 0.115625 0.24351851851851852
6 0.7869791666666667 0.23796296296296296 0.13854166666666667 0.24537037037037038
2 0.7140625 0.6388888888888888 0.0953125 0.14351851851851852
1 0.6723958333333333 0.6592592592592592 0.09166666666666666 0.175
