1 0.503125 0.47314814814814815 0.125 0.2601851851851852
4 0.33541666666666664 0.7962962962962963 0.096875 0.20555555555555555
5 0.5010416666666667 0.10925925925925926 0.22552083333333334 0.524074074074074
1 0.5057291666666667 0.5194444444444445 0.10833333333333334 0.22314814814814815
4 0.6578125 0.8333333333333334 0.09114583333333333 0.18611111111111112
3 0.5380208333333333 0.7546296296296297 0.09270833333333334 0.2064814814814815
2 0.8927083333333333 0.24351851851851852 0.0453125 0.1175925925925926
3 0.8161458333333333 0.5138888888888888 0.09635416666666667 0.15925925925925927
6 0.5708333333333333 0.49907407407407406 0.0703125 0.16574074074074074
6 0.8026041666666667 0.4685185185185185 0.1203125 0.18425925925925926
