3 0.6354166666666666 0.39166666666666666 0.06197916666666667 0.13055555555555556
2 0.6854166666666667 0.5462962962962963 0.12239583333333333 0.2101851851851852
4 0.6838541666666667 0.8046296296296296 0.052083333333333336 0.1648148148148148
2 0.6890625 0.3685185185185185 0.06458333333333334 0.0962962962962963
1 0.640625 0.7694444444444445 0.1328125 0.2518518518518518
1 0.7786458333333334 0.4351851851851852 0.11614583333333334 0.20555555555555555
4 0.3729166666666667 0.7805555555555556 0.08854166666666667 0.21203703703703702
6 0.6994791666666667 0.7861111111111111 0.0734375 0.12685185185185185
3 0.6520833333333333 0.712037037037037 0.0375 0.09351851851851851
2 0.65 0.45 0.07552083333333333 0.11574074074074074
7 0.043229166666666666 0.6083333333333333 0.153125 0.33240740740740743
1 0.9182291666666667 0.5268518518518519 0.09427083333333333 0.2101851851851852
2 0.7901041666666667 0.6990740740740741 0.1046875 0.1962962962962963
1 0.7078125 0.2222222222222222 0.11041666666666666 0.18611111111111112
1 0.5520833333333334 0.975 0.05 0.1287037037037037
