5 0.8854166666666666 0.22407407407407406 0.15520833333333334 0.5259259259259259
1 0.3807291666666667 0.3314814814814815 0.11041666666666666 0.2101851851851852
6 0.6296875 0.45740740740740743 0.09010416666666667 0.20185185185185187
6 0.4947916666666667 0.2574074074074074 0.16354166666666667 0.28703703703703703
2 0.3067708333333333 0.387037037037037 0.06979166666666667 0.12222222222222222
6 0.5234375 0.2953703703703704 0.13333333333333333 0.19166666666666668
1 0.35833333333333334 0.5768518518518518 0.090625 0.16666666666666666
4 0.7666666666666667 0.2361111111111111 0.0796875 0.18425925925925926
6 0.5291666666666667 0.6935185185185185 0.0671875 0.14537037037037037
1 0.47604166666666664 0.35648148148148145 0.14739583333333334 0.2833333333333333
2 0.55 0.2796296296296296 0.07395833333333333 0.16574074074074074
7 0.7859375 0.9722222222222222 0.10208333333333333 0.20833333333333334
4 0.8541666666666666 0.9490740740740741 0.103125 0.15462962962962962
