6 0.06927083333333334 0.2712962962962963 0.1234375 0.21296296296296297
2 0.48489583333333336 0.7185185185185186 0.11197916666666667 0.2361111111111111
1 0.328125 0.5638888888888889 0.11458333333333333 0.23981481481481481
5 0.31875 0.9342592592592592 0.12916666666666668 0.35185185185185186
1 0.16458333333333333 0.6277777777777778 0.115625 0.2611111111111111
3 0.42916666666666664 0.23055555555555557 0.06614583333333333 0.11851851851851852
1 0.33645833333333336 0.5407407407407407 0.06510416666666667 0.11018518518518519
1 0.3234375 0.6203703703703703 0.06197916666666667 0.15648148148148147
4 0.47708333333333336 0.4601851851851852 0.09947916666666666 0.1685185185185185
3 0.4234375 0.14444444444444443 0.0828125 0.1638888888888889
4 0.8526041666666667 0.1712962962962963 0.059375 0.1675925925925926
3 0.39739583333333334 0.5648148148148148 0.075 0.1361111111111111
6 0.228125 0.2675925925925926 0.10052083333333334 0.1675925925925926
