2 0.40208333333333335 0.7268518518518519 0.08489583333333334 0.1388888888888889
1 0.6072916666666667 0.5351851851851852 0.11875 0.25092592592592594
4 0.38958333333333334 0.7481481481481481 0.08854166666666667 0.16666666666666666
3 0.3921875 0.3814814814814815 0.0796875 0.13703703703703704
3 0.38958333333333334 0.7712962962962963 0.08489583333333334 0.1361111111111111
7 0.8817708333333333 0.325 0.0921875 0.1574074074074074
4 0.3609375 0.7268518518518519 0.11354166666666667 0.23425925925925925
5 0.47604166666666664 0.8694444444444445 0.11927083333333334 0.5351851851851852
2 0.23020833333333332 0.5712962962962963 0.15364583333333334 0.22685185185185186
6 0.3734375 0.8055555555555556 0.08385416666666666 0.1287037037037037
1 0.24166666666666667 0.4444444444444444 0.07864583333333333 0.1388888888888889
2 0.6135416666666667 0.8222222222222222 0.0671875 0.09722222222222222
1 0.2947916666666667 0.17685185185185184 0.10989583333333333 0.18518518518518517
1 0.2640625 0.4777777777777778 0.06510416666666667 0.14444444444444443
3 0.5385416666666667 0.43148148148148147 0.08229166666666667 0.18333333333333332
6 0.6838541666666667 0.4444444444444444 0.16197916666666667 0.20277777777777778
6 0.36354166666666665 0.5037037037037037 0.0625 0.11388888888888889
