3 0.709375 0.6981481481481482 0.05677083333333333 0.0962962962962963
1 0.6822916666666666 0.7462962962962963 0.042708333333333334 0.11666666666666667
2 0.9901041666666667 0.9314814814814815 0.1078125 0.22314814814814815
6 0.6828125 0.7185185185185186 0.11822916666666666 0.225
3 0.8197916666666667 0.7833333333333333 0.06875 0.14166666666666666
6 0.6890625 0.6907407407407408 0.09635416666666667 0.14444444444444443
1 0.8145833333333333 0.1527777777777778 0.0796875 0.18796296296296297
4 0.25 0.8037037037037037 0.1046875 0.18611111111111112
6 0.9109375 0.9462962962962963 0.15208333333333332 0.19814814814814816
3 0.7625 0.37037037037037035 0.09427083333333333 0.2777777777777778
2 0.8354166666666667 0.7379629629629629 0.1015625 0.12962962962962962
6 0.8026041666666667 0.4685185185185185 0.09791666666666667 0.17962962962962964
4 0.41458333333333336 0.6194444444444445 0.10885416666666667 0.1925925925925926
