2 0.6697916666666667 0.6990740740740741 0.10052083333333334 0.175
7 0.9453125 0.8231481481481482 0.08645833333333333 0.17222222222222222
4 0.37916666666666665 0.07592592592592592 0.0671875 0.19907407407407407
6 0.8119791666666667 0.5824074074074074 0.12760416666666666 0.2657407407407407
6 0.6802083333333333 0.33425925925925926 0.07447916666666667 0.1037037037037037
3 0.6854166666666667 0.9027777777777778 0.11822916666666666 0.18518518518518517
2 0.6192708333333333 0.9 0.07708333333333334 0.1287037037037037
3 0.4515625 0.4638888888888889 0.10208333333333333 0.21203703703703702
4 0.0109375 0.18425925925925926 0.096875 0.22962962962962963
2 0.9359375 0.37037037037037035 0.0515625 0.08888888888888889
