2 0.35572916666666665 0.7592592592592593 0.13802083333333334 0.2064814814814815
3 0.32916666666666666 0.3592592592592593 0.0421875 0.1
7 0.44635416666666666 0.06481481481481481 0.035416666666666666 0.20092592592592592
2 0.42291666666666666 0.8861111111111111 0.10677083333333333 0.17407407407407408
3 0.21614583333333334 0.49074074074074076 0.03802083333333333 0.07777777777777778
6 0.3390625 0.5657407407407408 0.11145833333333334 0.17314814814814813
4 0.16041666666666668 0.012037037037037037 0.0953125 0.13240740740740742
1 0.34791666666666665 0.46944444444444444 0.09583333333333334 0.18888888888888888
6 0.3255208333333333 0.46111111111111114 0.1109375 0.1962962962962963
4 0.171875 0.962037037037037 0.0921875 0.16203703703703703
3 0.45260416666666664 0.5055555555555555 0.08072916666666667 0.1712962962962963
