4 0.8614583333333333 0.03148148148148148 0.065625 0.16203703703703703
1 0.6078125 0.6129629629629629 0.10104166666666667 0.23425925925925925
4 0.3203125 0.1962962962962963 0.052083333333333336 0.17685185185185184
1 0.6682291666666667 0.4648148148148148 0.10520833333333333 0.22962962962962963
3 0.8223958333333333 0.7166666666666667 0.042708333333333334 0.09351851851851851
1 0.7671875 0.6981481481481482 0.13854166666666667 0.23333333333333334
6 0.5270833333333333 0.7231481481481481 0.08229166666666667 0.1638888888888889
3 0.6328125 0.4888888888888889 0.07552083333333333 0.10185185185185185
1 0.79375 0.9907407407407407 0.08125 0.18888888888888888
1 0.6489583333333333 0.8157407407407408 0.09583333333333334 0.2175925925925926
