1 0.2171875 0.15648148148148147 0.11458333333333333 0.22685185185185186
3 0.2296875 0.3824074074074074 0.09322916666666667 0.17592592592592593
2 0.484375 0.17685185185185184 0.08385416666666666 0.1111111111111111
6 0.3953125 0.6305555555555555 0.15208333333333332 0.23333333333333334
4 0.5796875 0.26944444444444443 0.11822916666666666 0.21203703703703702
1 0.38645833333333335 0.5638888888888889 0.07083333333333333 0.11666666666666667
6 0.39010416666666664 0.36018518518518516 0.109375 0.19814814814814816
3 0.16614583333333333 0.43703703703703706 0.14635416666666667 0.2388888888888889
1 0.46875 0.3490740740740741 0.06666666666666667 0.12962962962962962
4 0.8307291666666666 0.7416666666666667 0.06458333333333334 0.175
6 0.4890625 0.46944444444444444 0.06614583333333333 0.11203703703703703
