5 0.6322916666666667 0.5805555555555556 0.17447916666666666 0.40925925925925927
2 0.27760416666666665 0.8037037037037037 0.0625 0.09537037037037037
2 0.0546875 0.7166666666666667 0.1265625 0.2675925925925926
3 0.3098958333333333 0.6129629629629629 0.0890625 0.16296296296296298
6 0.23125 0.6462962962962963 0.10208333333333333 0.22314814814814815
6 0.14375 0.46574074074074073 0.14322916666666666 0.2175925925925926
4 0.8291666666666667 0.6537037037037037 0.10885416666666667 0.19907407407407407
4 0.453125 0.6944444444444444 0.09166666666666666 0.21666666666666667
3 0.05625 0.7916666666666666 0.043229166666666666 0.08703703703703704
7 0.41770833333333335 0.21944444444444444 0.07552083333333333 0.15648148148148147
3 0.15885416666666666 0.49166666666666664 0.03333333333333333 0.09444444444444444
3 0.2890625 0.8490740740740741 0.07395833333333333 0.1712962962962963
