1 0.2453125 0.40370370370370373 0.07447916666666667 0.16203703703703703
6 0.409375 0.337037037037037 0.06041666666666667 0.1175925925925926
3 0.4942708333333333 0.07407407407407407 0.06510416666666667 0.1527777777777778
7 0.42604166666666665 0.9203703703703704 0.0625 0.14537037037037037
1 0.09739583333333333 0.15648148148148147 0.059895833333333336 0.1175925925925926
4 0.7208333333333333 0.8416666666666667 0.07135416666666666 0.13518518518518519
3 0.7578125 0.13333333333333333 0.10833333333333334 0.23333333333333334
4 0.46145833333333336 0.5824074074074074 0.08229166666666667 0.1962962962962963
2 0.2265625 0.3101851851851852 0.0609375 0.09537037037037037
2 0.33125 0.08796296296296297 0.08645833333333333 0.12037037037037036
3 0.2078125 0.5564814814814815 0.08645833333333333 0.14444444444444443
6 0.4401041666666667 0.39351851851851855 0.06875 0.11481481481481481
5 0.3828125 0.08981481481481482 0.1796875 0.42592592592592593
2 0.27447916666666666 0.4398148148148148 0.11197916666666667 0.18611111111111112
