3 0.26666666666666666 0.45555555555555555 0.07708333333333334 0.1527777777777778
1 0.5458333333333333 0.37222222222222223 0.09114583333333333 0.19444444444444445
4 0.6984375 0.3416666666666667 0.09166666666666666 0.1814814814814815
5 0.051041666666666666 0.9425925925925925 0.15416666666666667 0.35833333333333334
2 0.4041666666666667 0.5046296296296297 0.1109375 0.17777777777777778
1 0.34270833333333334 0.5740740740740741 0.06770833333333333 0.19814814814814816
6 0.2630208333333333 0.3509259259259259 0.096875 0.20462962962962963
6 0.40260416666666665 0.7453703703703703 0.071875 0.1425925925925926
1 0.2833333333333333 0.6296296296296297 0.0734375 0.1287037037037037
3 0.309375 0.3925925925925926 0.07760416666666667 0.1388888888888889
7 0.6723958333333333 0.6611111111111111 0.06770833333333333 0.2611111111111111
1 0.30520833333333336 0.6777777777777778 0.12552083333333333 0.22592592592592592
4 0.18854166666666666 0.5 0.07864583333333333 0.19907407407407407
6 0.328125 0.5074074074074074 0.11927083333333334 0.18888888888888888
