6 0.2859375 0.18703703703703703 0.1140625 0.16666666666666666
6 0.31354166666666666 0.23703703703703705 0.09114583333333333 0.1648148148148148
4 0.5255208333333333 0.26666666666666666 0.08125 0.18703703703703703
6 0.13385416666666666 0.6787037037037037 0.125 0.2175925925925926
1 0.1640625 0.3333333333333333 0.1046875 0.2
1 0.0046875 0.4537037037037037 0.0984375 0.2324074074074074
4 0.8661458333333333 0.9925925925925926 0.078125 0.21296296296296297
6 0.42239583333333336 0.674074074074074 0.08645833333333333 0.1574074074074074
2 0.2760416666666667 0.2796296296296296 0.075 0.11574074074074074
2 0.48333333333333334 0.5990740740740741 0.10989583333333333 0.2111111111111111
2 0.190625 0.37777777777777777 0.0578125 0.08148148148148149
