5 0.7369791666666666 0.24166666666666667 0.14947916666666666 0.4722222222222222
1 0.3494791666666667 0.3111111111111111 0.06041666666666667 0.11018518518518519
2 0.16041666666666668 0.5101851851851852 0.051041666666666666 0.07962962962962963
3 0.1453125 0.6268518518518519 0.1015625 0.15833333333333333
3 0.09114583333333333 0.9444444444444444 0.052083333333333336 0.125
3 0.14427083333333332 0.8462962962962963 0.0734375 0.09722222222222222
1 0.003125 0.3731481481481482 0.06979166666666667 0.14074074074074075
1 0.1203125 0.5879629629629629 0.078125 0.12685185185185185
3 0.03125 0.8527777777777777 0.07552083333333333 0.16296296296296298
6 0.04739583333333333 0.4981481481481482 0.10208333333333333 0.16666666666666666
2 0.39791666666666664 0.0962962962962963 0.058854166666666666 0.08796296296296297
3 0.11354166666666667 0.6231481481481481 0.06875 0.12314814814814815
