2 0.6536458333333334 0.6453703703703704 0.10416666666666667 0.1638888888888889
7 0.4552083333333333 0.5462962962962963 0.08385416666666666 0.175
1 0.6802083333333333 0.6888888888888889 0.128125 0.21574074074074073
4 0.3494791666666667 0.23333333333333334 0.10989583333333333 0.20462962962962963
3 0.7520833333333333 0.8759259259259259 0.09114583333333333 0.21851851851851853
4 0.415625 0.8842592592592593 0.10729166666666666 0.18888888888888888
2 0.6375 0.6861111111111111 0.10416666666666667 0.1685185185185185
1 0.7140625 0.5324074074074074 0.057291666666666664 0.14351851851851852
3 0.5979166666666667 0.5101851851851852 0.04010416666666667 0.08703703703703704
6 0.9458333333333333 0.487962962962963 0.06770833333333333 0.11851851851851852
