1 0.6682291666666667 0.2657407407407407 0.10364583333333334 0.21296296296296297
5 0.9901041666666667 0.1648148148148148 0.20572916666666666 0.5166666666666667
1 0.6973958333333333 0.43333333333333335 0.08072916666666667 0.24351851851851852
7 0.4640625 0.10925925925925926 0.07708333333333334 0.1712962962962963
4 0.25 0.3685185185185185 0.10208333333333333 0.17314814814814813
3 0.8260416666666667 0.7731481481481481 0.04583333333333333 0.10648148148148148
1 0.7875 0.7648148148148148 0.13958333333333334 0.24537037037037038
2 0.6348958333333333 0.21944444444444444 0.09270833333333334 0.14537037037037037
2 0.721875 0.30925925925925923 0.0625 0.11574074074074074
2 0.6119791666666666 0.40370370370370373 0.11927083333333334 0.19814814814814816
4 0.9291666666666667 0.5287037037037037 0.10260416666666666 0.1388888888888889
2 0.6046875 0.6092592592592593 0.09947916666666666 0.16018518518518518
