1 0.3572916666666667 0.24722222222222223 0.1296875 0.24444444444444444
1 0.43645833333333334 0.5861111111111111 0.075 0.15925925925925927
4 0.9182291666666667 0.05925925925925926 0.11666666666666667 0.2175925925925926
6 0.2953125 0.7509259259259259 0.1328125 0.2212962962962963
4 0.32083333333333336 0.3851851851851852 0.10364583333333334 0.2361111111111111
1 0.45729166666666665 0.7962962962962963 0.07708333333333334 0.1287037037037037
3 0.3880208333333333 0.3296296296296296 0.07864583333333333 0.17592592592592593
3 0.27239583333333334 0.3351851851851852 0.09270833333333334 0.1574074074074074
2 0.4557291666666667 0.5074074074074074 0.09427083333333333 0.1425925925925926
7 0.8963541666666667 0.4703703703703704 0.08229166666666667 0.14166666666666666
