6 0.2604166666666667 0.562962962962963 0.0875 0.1527777777777778
4 0.16302083333333334 0.65 0.10416666666666667 0.18055555555555555
1 0.25885416666666666 0.3787037037037037 0.05 0.13333333333333333
3 0.2734375 0.5046296296296297 0.06875 0.15648148148148147
5 0.5192708333333333 0.6722222222222223 0.1453125 0.3490740740740741
3 0.29583333333333334 0.27870370370370373 0.07239583333333334 0.17777777777777778
1 0.16510416666666666 0.1537037037037037 0.06666666666666667 0.1111111111111111
1 0.228125 0.4703703703703704 0.07864583333333333 0.20555555555555555
2 0.3328125 0.675 0.058333333333333334 0.11481481481481481
6 0.35104166666666664 0.26851851851851855 0.09010416666666667 0.19814814814814816
6 0.1890625 0.37777777777777777 0.044270833333333336 0.09537037037037037
3 0.11614583333333334 0.7027777777777777 0.06822916666666666 0.10185185185185185
2 0.12760416666666666 0.6388888888888888 0.09583333333333334 0.1712962962962963
2 0.18541666666666667 0.5916666666666667 0.09583333333333334 0.14722222222222223
1 0.12916666666666668 0.7722222222222223 0.078125 0.16111111111111112
6 0.171875 0.29074074074074074 0.140625 0.20277777777777778
