6 0.0453125 0.7611111111111111 0.14322916666666666 0.2462962962962963
2 0.36822916666666666 0.7787037037037037 0.08177083333333333 0.12129629629629629
1 0.4421875 0.3787037037037037 0.13541666666666666 0.28055555555555556
1 0.5692708333333333 0.5175925925925926 0.13854166666666667 0.27685185185185185
1 0.4317708333333333 0.5185185185185185 0.058854166666666666 0.12129629629629629
2 0.39479166666666665 0.5944444444444444 0.06041666666666667 0.10555555555555556
4 0.3098958333333333 0.12777777777777777 0.090625 0.15
2 0.296875 0.5611111111111111 0.071875 0.16666666666666666
3 0.2833333333333333 0.525 0.12552083333333333 0.23333333333333334
4 0.40677083333333336 0.22870370370370371 0.10625 0.2361111111111111
3 0.35208333333333336 0.6231481481481481 0.0734375 0.12037037037037036
3 0.46510416666666665 0.3416666666666667 0.07708333333333334 0.18055555555555555
7 0.9973958333333334 0.9712962962962963 0.05 0.1824074074074074
6 0.2911458333333333 0.512962962962963 0.09479166666666666 0.1537037037037037
6 0.4328125 0.8481481481481481 0.13802083333333334 0.25555555555555554
