3 0.6942708333333333 0.5111111111111111 0.12395833333333334 0.1648148148148148
2 0.60625 0.8027777777777778 0.11666666666666667 0.25462962962962965
1 0.453125 0.7777777777777778 0.12135416666666667 0.22777777777777777
1 0.5208333333333334 0.7416666666666667 0.0828125 0.17685185185185184
1 0.38177083333333334 0.7592592592592593 0.10885416666666667 0.19814814814814816
6 0.6177083333333333 0.39444444444444443 0.10989583333333333 0.15092592592592594
7 0.7416666666666667 0.6037037037037037 0.0703125 0.1712962962962963
4 0.43645833333333334 0.21388888888888888 0.06927083333333334 0.17685185185185184
2 0.49947916666666664 0.6574074074074074 0.09791666666666667 0.21388888888888888
4 0.5052083333333334 0.4527777777777778 0.09583333333333334 0.21574074074074073
