2 0.6255208333333333 0.023148148148148147 0.06614583333333333 0.09074074074074075
1 0.8114583333333333 0.725 0.05520833333333333 0.14074074074074075
3 0.5286458333333334 0.18425925925925926 0.084375 0.1675925925925926
3 0.41770833333333335 0.5685185185185185 0.08385416666666666 0.2324074074074074
3 0.5567708333333333 0.25925925925925924 0.08125 0.1685185185185185
3 0.5348958333333333 0.5416666666666666 0.06875 0.12407407407407407
1 0.7052083333333333 0.3814814814814815 0.07760416666666667 0.14722222222222223
1 0.6005208333333333 0.022222222222222223 0.07916666666666666 0.1537037037037037
2 0.5317708333333333 0.3962962962962963 0.10520833333333333 0.18333333333333332
2 0.5125 0.6351851851851852 0.08697916666666666 0.14814814814814814
2 0.5427083333333333 0.26666666666666666 0.06822916666666666 0.1259259259259259
1 0.5166666666666667 0.4 0.11354166666666667 0.24259259259259258
