2 0.7583333333333333 0.41574074074074074 0.07395833333333333 0.11203703703703703
3 0.8901041666666667 0.524074074074074 0.05572916666666667 0.09444444444444444
1 0.6942708333333333 0.9787037037037037 0.058333333333333334 0.12407407407407407
7 0.7604166666666666 0.8537037037037037 0.1 0.1648148148148148
2 0.8739583333333333 0.22870370370370371 0.08020833333333334 0.13703703703703704
4 0.28020833333333334 0.4638888888888889 0.09010416666666667 0.23055555555555557
6 0.8859375 0.7203703703703703 0.10572916666666667 0.15555555555555556
1 0.7427083333333333 0.41944444444444445 0.121875 0.25
3 0.6838541666666667 0.7388888888888889 0.051041666666666666 0.09351851851851851
5 0.5572916666666666 0.041666666666666664 0.08125 0.3675925925925926
4 0.6614583333333334 0.7175925925925926 0.10052083333333334 0.19074074074074074
1 0.7411458333333333 0.1527777777777778 0.06145833333333333 0.1259259259259259
1 0.690625 0.3861111111111111 0.10885416666666667 0.21944444444444444
1 0.8 0.24722222222222223 0.12552083333333333 0.24351851851851852
2 0.6567708333333333 0.6212962962962963 0.06510416666666667 0.12037037037037036
3 0.7890625 0.5138888888888888 0.05572916666666667 0.11666666666666667
1 0.9317708333333333 0.12037037037037036 0.07864583333333333 0.13240740740740742
