2 0.46510416666666665 0.5564814814814815 0.0875 0.13333333333333333
1 0.6145833333333334 0.5 0.08958333333333333 0.175
5 0.4046875 0.3055555555555556 0.10833333333333334 0.28888888888888886
7 0.9088541666666666 0.8768518518518519 0.0984375 0.17037037037037037
6 0.328125 0.1925925925925926 0.06666666666666667 0.12314814814814815
6 0.41302083333333334 0.5138888888888888 0.10520833333333333 0.22777777777777777
4 0.271875 0.9592592592592593 0.08697916666666666 0.1527777777777778
2 0.3776041666666667 0.4546296296296296 0.058854166666666666 0.125
2 0.17291666666666666 0.7472222222222222 0.058333333333333334 0.09074074074074075
4 0.15677083333333333 0.6953703703703704 0.090625 0.17592592592592593
