2 0.5338541666666666 0.5222222222222223 0.058333333333333334 0.08425925925925926
1 0.396875 0.44814814814814813 0.06302083333333333 0.13518518518518519
3 0.25416666666666665 0.6953703703703704 0.042708333333333334 0.10833333333333334
1 0.3 0.5833333333333334 0.10416666666666667 0.21388888888888888
1 0.30520833333333336 0.7666666666666667 0.1125 0.27037037037037037
3 0.3015625 0.24166666666666667 0.10833333333333334 0.2212962962962963
2 0.3109375 0.4638888888888889 0.13802083333333334 0.23703703703703705
5 0.4864583333333333 0.2851851851851852 0.10208333333333333 0.2564814814814815
2 0.4890625 0.08518518518518518 0.0859375 0.15185185185185185
1 0.45208333333333334 0.7416666666666667 0.096875 0.16666666666666666
1 0.24375 0.36574074074074076 0.096875 0.25925925925925924
6 0.3567708333333333 0.7138888888888889 0.0765625 0.13240740740740742
3 0.34375 0.5435185185185185 0.07447916666666667 0.13425925925925927
