1 0.6458333333333334 0.937962962962963 0.0515625 0.125
2 0.5765625 0.4898148148148148 0.06875 0.1037037037037037
1 0.4817708333333333 0.5638888888888889 0.08645833333333333 0.18888888888888888
2 0.703125 0.8657407407407407 0.10520833333333333 0.13796296296296295
4 0.7171875 0.8287037037037037 0.10052083333333334 0.22037037037037038
6 0.4640625 0.4 0.1390625 0.21574074074074073
3 0.6484375 0.475 0.0671875 0.13518518518518519
3 0.8182291666666667 0.725925925925926 0.05625 0.07685185185185185
6 0.5625 0.6083333333333333 0.13854166666666667 0.24259259259259258
2 0.7427083333333333 0.37407407407407406 0.06145833333333333 0.09351851851851851
4 0.221875 0.18981481481481483 0.08697916666666666 0.1925925925925926
1 0.5770833333333333 0.6861111111111111 0.08385416666666666 0.175
