1 0.6307291666666667 0.5268518518518519 0.13489583333333333 0.2574074074074074
4 0.9796875 0.6583333333333333 0.07552083333333333 0.20833333333333334
4 0.19947916666666668 0.16574074074074074 0.08177083333333333 0.2111111111111111
2 0.36041666666666666 0.5888888888888889 0.06875 0.12129629629629629
3 0.5760416666666667 0.4759259259259259 0.05625 0.12222222222222222
6 0.46145833333333336 0.6657407407407407 0.071875 0.15648148148148147
6 0.5140625 0.5990740740740741 0.16145833333333334 0.2833333333333333
2 0.2859375 0.225 0.07135416666666666 0.08518518518518518
2 0.30104166666666665 0.40185185185185185 0.06614583333333333 0.14074074074074075
3 0.5557291666666667 0.30925925925925923 0.07239583333333334 0.15555555555555556
