1 0.8536458333333333 0.26851851851851855 0.06927083333333334 0.12962962962962962
6 0.8114583333333333 0.3712962962962963 0.13229166666666667 0.21481481481481482
4 0.019791666666666666 0.6509259259259259 0.06510416666666667 0.17222222222222222
6 0.8161458333333333 0.6796296296296296 0.13177083333333334 0.21666666666666667
2 0.7708333333333334 0.43425925925925923 0.08072916666666667 0.13148148148148148
1 0.621875 0.6453703703703704 0.09375 0.20555555555555555
6 0.6880208333333333 0.9796296296296296 0.14270833333333333 0.25555555555555554
3 0.6494791666666667 0.46944444444444444 0.071875 0.14351851851851852
4 0.5057291666666667 0.5740740740740741 0.06822916666666666 0.18333333333333332
3 0.7802083333333333 0.6296296296296297 0.0828125 0.0962962962962963
6 0.8385416666666666 0.5425925925925926 0.07135416666666666 0.16666666666666666
2 0.6869791666666667 0.6287037037037037 0.1296875 0.21203703703703702
7 0.8833333333333333 0.3453703703703704 0.08645833333333333 0.18796296296296297
2 0.6526041666666667 0.8222222222222222 0.08802083333333334 0.1398148148148148
2 0.5369791666666667 0.8407407407407408 0.05364583333333333 0.12222222222222222
