1 0.7765625 0.6851851851851852 0.10729166666666666 0.2037037037037037
2 0.8125 0.4898148148148148 0.10520833333333333 0.16944444444444445
5 0.29270833333333335 0.9287037037037037 0.13645833333333332 0.42777777777777776
2 0.6671875 0.7564814814814815 0.1015625 0.175
6 0.5526041666666667 0.5601851851851852 0.0828125 0.1685185185185185
3 0.5369791666666667 0.18611111111111112 0.05520833333333333 0.09444444444444444
1 0.5166666666666667 0.45740740740740743 0.09791666666666667 0.18611111111111112
2 0.7625 0.6157407407407407 0.15208333333333332 0.18796296296296297
3 0.5973958333333333 0.6333333333333333 0.0453125 0.08703703703703704
2 0.759375 0.6175925925925926 0.096875 0.14907407407407408
4 0.38385416666666666 0.7953703703703704 0.0796875 0.20462962962962963
1 0.6109375 0.662962962962963 0.06510416666666667 0.13425925925925927
1 0.6390625 0.49722222222222223 0.1015625 0.21574074074074073
2 0.44375 0.36203703703703705 0.075 0.11018518518518519
