6 0.41354166666666664 0.47962962962962963 0.13802083333333334 0.27870370370370373
1 0.32135416666666666 0.5046296296296297 0.07552083333333333 0.16296296296296298
3 0.2677083333333333 0.6277777777777778 0.075 0.18888888888888888
1 0.39479166666666665 0.7425925925925926 0.11614583333333334 0.2
3 0.19947916666666668 0.7296296296296296 0.0484375 0.11574074074074074
1 0.3416666666666667 0.2796296296296296 0.11302083333333333 0.23796296296296296
2 0.1359375 0.32407407407407407 0.12395833333333334 0.18333333333333332
6 0.2526041666666667 0.3138888888888889 0.1171875 0.2462962962962963
6 0.34375 0.7333333333333333 0.11979166666666667 0.20555555555555555
4 0.71875 0.14444444444444443 0.0734375 0.18518518518518517
4 0.6234375 0.34814814814814815 0.08229166666666667 0.2101851851851852
3 0.21458333333333332 0.44351851851851853 0.06510416666666667 0.13425925925925927
2 0.3067708333333333 0.5305555555555556 0.07708333333333334 0.13055555555555556
6 0.18645833333333334 0.7870370370370371 0.10260416666666666 0.16203703703703703
