5 0.9526041666666667 0.562037037037037 0.10208333333333333 0.2657407407407407
2 0.47604166666666664 0.5046296296296297 0.11197916666666667 0.1935185185185185
6 0.44479166666666664 0.5601851851851852 0.0640625 0.1175925925925926
3 0.41458333333333336 0.35833333333333334 0.051041666666666666 0.08888888888888889
7 0.0359375 0.35555555555555557 0.04791666666666667 0.16203703703703703
6 0.25364583333333335 0.7518518518518519 0.115625 0.1712962962962963
3 0.31354166666666666 0.33611111111111114 0.0875 0.14444444444444443
4 0.7828125 0.48333333333333334 0.0828125 0.17592592592592593
3 0.465625 0.3888888888888889 0.07604166666666666 0.18055555555555555
6 0.3984375 0.22962962962962963 0.08385416666666666 0.15
3 0.35989583333333336 0.4824074074074074 0.075 0.17777777777777778
1 0.2947916666666667 0.05462962962962963 0.071875 0.125
4 0.2359375 0.5018518518518519 0.0921875 0.21296296296296297
