3 0.9395833333333333 0.7166666666666667 0.04479166666666667 0.08611111111111111
6 0.8572916666666667 0.837037037037037 0.0859375 0.19722222222222222
6 0.6651041666666667 0.6555555555555556 0.07760416666666667 0.15555555555555556
6 0.7229166666666667 0.549074074074074 0.06302083333333333 0.13518518518518519
1 0.496875 0.19722222222222222 0.12395833333333334 0.2111111111111111
3 0.6994791666666667 0.7944444444444444 0.058854166666666666 0.10092592592592593
6 0.6895833333333333 0.6472222222222223 0.15625 0.2611111111111111
2 0.69375 0.27314814814814814 0.14791666666666667 0.21574074074074073
3 0.6760416666666667 0.5194444444444445 0.059895833333333336 0.08518518518518518
4 0.9869791666666666 0.7759259259259259 0.075 0.17777777777777778
3 0.69375 0.7759259259259259 0.0484375 0.09814814814814815
3 0.7348958333333333 0.8166666666666667 0.09479166666666666 0.18796296296296297
