1 0.4125 0.7 0.0921875 0.19537037037037036
1 0.35625 0.48518518518518516 0.128125 0.26944444444444443
3 0.24791666666666667 0.19814814814814816 0.11666666666666667 0.15462962962962962
3 0.2171875 0.4425925925925926 0.07864583333333333 0.13240740740740742
1 0.3963541666666667 0.6287037037037037 0.09166666666666666 0.25
6 0.28177083333333336 0.4842592592592593 0.07291666666666667 0.11851851851851852
2 0.1484375 0.7194444444444444 0.09270833333333334 0.14814814814814814
2 0.20052083333333334 0.8231481481481482 0.04895833333333333 0.11666666666666667
2 0.11822916666666666 0.287962962962963 0.1125 0.18055555555555555
1 0.42864583333333334 0.7231481481481481 0.10052083333333334 0.2101851851851852
4 0.31927083333333334 0.8287037037037037 0.10885416666666667 0.14351851851851852
1 0.29010416666666666 0.4305555555555556 0.065625 0.17962962962962964
6 0.234375 0.25925925925925924 0.10104166666666667 0.17592592592592593
