4 0.9630208333333333 0.10925925925925926 0.09739583333333333 0.15648148148148147
3 0.8036458333333333 0.7388888888888889 0.053125 0.10925925925925926
6 0.8921875 0.41203703703703703 0.06927083333333334 0.13425925925925927
5 0.2859375 0.6722222222222223 0.11614583333333334 0.36574074074074076
6 0.7666666666666667 0.22592592592592592 0.08072916666666667 0.1425925925925926
1 0.915625 0.5462962962962963 0.1265625 0.24166666666666667
6 0.8619791666666666 0.27685185185185185 0.078125 0.14166666666666666
6 0.8166666666666667 0.3824074074074074 0.06875 0.08888888888888889
1 0.946875 0.637962962962963 0.08229166666666667 0.16111111111111112
1 0.6833333333333333 0.3824074074074074 0.057291666666666664 0.125
4 0.825 0.23425925925925925 0.09114583333333333 0.1527777777777778
