6 0.2625 0.27870370370370373 0.06875 0.09351851851851851
1 0.11458333333333333 0.11481481481481481 0.0625 0.12129629629629629
1 0.19114583333333332 0.21388888888888888 0.0734375 0.12685185185185185
2 0.0890625 0.4046296296296296 0.12916666666666668 0.2064814814814815
2 0.41875 0.8972222222222223 0.05260416666666667 0.09814814814814815
3 0.4192708333333333 0.3453703703703704 0.036458333333333336 0.075
1 0.034895833333333334 0.4537037037037037 0.06145833333333333 0.1638888888888889
3 0.365625 0.7425925925925926 0.051041666666666666 0.12222222222222222
6 0.19583333333333333 0.5657407407407408 0.08385416666666666 0.1537037037037037
2 0.29010416666666666 0.25462962962962965 0.04791666666666667 0.07222222222222222
3 0.09947916666666666 0.32685185185185184 0.0765625 0.16203703703703703
1 0.1828125 0.2 0.0625 0.12037037037037036
2 0.21875 0.5296296296296297 0.05520833333333333 0.0824074074074074
