1 0.26979166666666665 0.4787037037037037 0.1234375 0.25833333333333336
6 0.44583333333333336 0.24351851851851852 0.04635416666666667 0.1
6 0.3609375 0.13148148148148148 0.1046875 0.1824074074074074
1 0.39947916666666666 0.08148148148148149 0.0578125 0.1648148148148148
4 0.1171875 0.5259259259259259 0.10729166666666666 0.16203703703703703
3 0.5713541666666667 0.32592592592592595 0.0828125 0.14814814814814814
6 0.2869791666666667 0.0787037037037037 0.08333333333333333 0.13518518518518519
5 0.26927083333333335 0.7555555555555555 0.15572916666666667 0.40925925925925927
3 0.5010416666666667 0.3148148148148148 0.06510416666666667 0.16296296296296298
2 0.45729166666666665 0.22685185185185186 0.090625 0.11481481481481481
1 0.23125 0.4324074074074074 0.09322916666666667 0.20092592592592592
1 0.6057291666666667 0.4601851851851852 0.059895833333333336 0.09814814814814815
6 0.42135416666666664 0.25 0.10885416666666667 0.2175925925925926
3 0.3776041666666667 0.2898148148148148 0.08802083333333334 0.1537037037037037
4 0.8786458333333333 0.1675925925925926 0.057291666666666664 0.19166666666666668
3 0.4666666666666667 0.3925925925925926 0.0828125 0.16203703703703703
2 0.49635416666666665 0.44074074074074077 0.058333333333333334 0.13333333333333333
