3 0.5286458333333334 0.34444444444444444 0.09375 0.23425925925925925
1 0.5677083333333334 0.4962962962962963 0.1234375 0.24722222222222223
6 0.2921875 0.022222222222222223 0.12291666666666666 0.18611111111111112
1 0.55625 0.23796296296296296 0.08333333333333333 0.23055555555555557
3 0.34010416666666665 0.2935185185185185 0.0921875 0.20092592592592592
6 0.3385416666666667 0.5953703703703703 0.12135416666666667 0.18333333333333332
4 0.5557291666666667 0.5055555555555555 0.0890625 0.1824074074074074
3 0.5739583333333333 0.42314814814814816 0.06927083333333334 0.14537037037037037
3 0.3625 0.2518518518518518 0.08802083333333334 0.22592592592592592
1 0.3177083333333333 0.23703703703703705 0.04895833333333333 0.1175925925925926
