1 0.22916666666666666 0.2777777777777778 0.071875 0.12314814814814815
6 0.40625 0.5907407407407408 0.0953125 0.16018518518518518
3 0.1 0.4046296296296296 0.0640625 0.10277777777777777
6 0.13072916666666667 0.23148148148148148 0.06145833333333333 0.11296296296296296
4 0.7453125 0.09444444444444444 0.0671875 0.17592592592592593
2 0.19947916666666668 0.20833333333333334 0.0890625 0.17222222222222222
6 0.39166666666666666 0.587037037037037 0.1234375 0.25277777777777777
4 0.9973958333333334 0.875 0.103125 0.15555555555555556
3 0.39947916666666666 0.9120370370370371 0.0484375 0.08148148148148149
3 0.24010416666666667 0.8759259259259259 0.06979166666666667 0.20833333333333334
