3 0.8114583333333333 0.6675925925925926 0.07239583333333334 0.10833333333333334
6 0.5723958333333333 0.6703703703703704 0.12135416666666667 0.16944444444444445
2 0.7791666666666667 0.3648148148148148 0.05625 0.08796296296296297
2 0.7557291666666667 0.7046296296296296 0.05260416666666667 0.07777777777777778
4 0.3140625 0.5166666666666667 0.08229166666666667 0.15092592592592594
3 0.971875 0.18518518518518517 0.12239583333333333 0.2037037037037037
5 0.7786458333333334 0.5768518518518518 0.11510416666666666 0.3074074074074074
4 0.5182291666666666 0.7212962962962963 0.06614583333333333 0.18888888888888888
7 0.9916666666666667 0.6675925925925926 0.10885416666666667 0.2175925925925926
2 0.9911458333333333 0.44814814814814813 0.08177083333333333 0.14629629629629629
