3 0.4708333333333333 0.7416666666666667 0.07552083333333333 0.1398148148148148
4 0.234375 0.3888888888888889 0.1140625 0.21666666666666667
2 0.384375 0.7055555555555556 0.14479166666666668 0.24166666666666667
5 0.5473958333333333 0.28425925925925927 0.128125 0.5324074074074074
2 0.6645833333333333 0.09074074074074075 0.0890625 0.12037037037037036
3 0.7354166666666667 0.33055555555555555 0.11510416666666666 0.175
3 0.6052083333333333 0.4101851851851852 0.08125 0.1675925925925926
1 0.5979166666666667 0.6731481481481482 0.0890625 0.15462962962962962
3 0.415625 0.5962962962962963 0.06510416666666667 0.10555555555555556
2 0.7104166666666667 0.9138888888888889 0.09583333333333334 0.15648148148148147
6 0.7791666666666667 0.8083333333333333 0.13958333333333334 0.2175925925925926
