3 0.7130208333333333 0.8638888888888889 0.059375 0.13796296296296295
6 0.7223958333333333 0.5138888888888888 0.09895833333333333 0.18611111111111112
4 0.04114583333333333 0.10925925925925926 0.09739583333333333 0.14537037037037037
4 0.45208333333333334 0.8925925925925926 0.041666666666666664 0.16944444444444445
6 0.5572916666666666 0.8111111111111111 0.06875 0.10277777777777777
2 0.753125 0.49537037037037035 0.1203125 0.24722222222222223
1 0.66875 0.5222222222222223 0.05677083333333333 0.11481481481481481
6 0.8447916666666667 0.3388888888888889 0.1328125 0.19074074074074074
3 0.6703125 0.3472222222222222 0.05572916666666667 0.09722222222222222
7 0.8609375 0.44074074074074077 0.0546875 0.17222222222222222
6 0.8630208333333333 0.8268518518518518 0.09635416666666667 0.13425925925925927
6 0.778125 0.6388888888888888 0.0515625 0.11203703703703703
2 0.5895833333333333 0.6842592592592592 0.07604166666666666 0.13333333333333333
2 0.8994791666666667 0.4685185185185185 0.10989583333333333 0.1675925925925926
