3 0.6671875 0.6462962962962963 0.10104166666666667 0.22592592592592592
6 0.3734375 0.6425925925925926 0.17135416666666667 0.2564814814814815
6 0.471875 0.7537037037037037 0.12552083333333333 0.21203703703703702
5 0.06666666666666667 0.15925925925925927 0.14375 0.41759259259259257
2 0.4192708333333333 0.799074074074074 0.125 0.23703703703703705
3 0.55625 0.6935185185185185 0.0375 0.08611111111111111
4 0.8604166666666667 0.32222222222222224 0.06354166666666666 0.1962962962962963
2 0.3 0.6268518518518519 0.1296875 0.18055555555555555
6 0.3703125 0.4064814814814815 0.12552083333333333 0.2
1 0.515625 0.5268518518518519 0.07708333333333334 0.1824074074074074
2 0.6036458333333333 0.4083333333333333 0.07708333333333334 0.13333333333333333
2 0.4270833333333333 0.5925925925925926 0.06875 0.09351851851851851
1 0.29635416666666664 0.6333333333333333 0.15416666666666667 0.3055555555555556
1 0.3078125 0.925 0.07916666666666666 0.16574074074074074
1 0.34739583333333335 0.712037037037037 0.13385416666666666 0.2564814814814815
6 0.3359375 0.5009259259259259 0.1078125 0.18611111111111112
4 0.9932291666666667 0.1388888888888889 0.07083333333333333 0.19444444444444445
