6 0.1046875 0.42314814814814816 0.13802083333333334 0.24351851851851852
2 0.14583333333333334 0.5851851851851851 0.07083333333333333 0.1175925925925926
6 0.1140625 0.5277777777777778 0.13333333333333333 0.30277777777777776
6 0.34010416666666665 0.5175925925925926 0.08333333333333333 0.13148148148148148
1 0.14270833333333333 0.3611111111111111 0.11927083333333334 0.2351851851851852
3 0.18489583333333334 0.3490740740740741 0.0921875 0.13703703703703704
1 0.11302083333333333 0.3962962962962963 0.0828125 0.1824074074074074
1 0.010416666666666666 0.6537037037037037 0.06458333333333334 0.12777777777777777
5 0.234375 0.09166666666666666 0.15260416666666668 0.362962962962963
3 0.07864583333333333 0.2814814814814815 0.06979166666666667 0.15833333333333333
3 0.4036458333333333 0.2898148148148148 0.071875 0.16203703703703703
4 0.2546875 0.08703703703703704 0.0625 0.1962962962962963
7 0.16354166666666667 0.14722222222222223 0.0703125 0.1712962962962963
1 0.4583333333333333 0.3416666666666667 0.0890625 0.2490740740740741
3 0.13125 0.6333333333333333 0.1078125 0.2388888888888889
4 0.48854166666666665 0.09166666666666666 0.07916666666666666 0.19166666666666668
2 0.042708333333333334 0.4222222222222222 0.049479166666666664 0.07592592592592592
2 0.06927083333333334 0.7842592592592592 0.10104166666666667 0.16574074074074074
