6 0.32708333333333334 0.39166666666666666 0.10364583333333334 0.15925925925925927
3 0.19427083333333334 0.11388888888888889 0.07864583333333333 0.10925925925925926
1 0.4786458333333333 0.24074074074074073 0.0609375 0.12037037037037036
6 0.4921875 0.11851851851851852 0.13125 0.25462962962962965
1 0.7333333333333333 0.3398148148148148 0.06666666666666667 0.14629629629629629
4 0.4328125 0.7333333333333333 0.0828125 0.175
2 0.5510416666666667 0.425 0.0546875 0.08981481481481482
3 0.4114583333333333 0.19166666666666668 0.1015625 0.15648148148148147
6 0.4734375 0.5037037037037037 0.09322916666666667 0.19722222222222222
6 0.3463541666666667 0.575925925925926 0.071875 0.12777777777777777
2 0.2557291666666667 0.42962962962962964 0.0953125 0.15925925925925927
5 0.5104166666666666 0.799074074074074 0.08854166666666667 0.23055555555555557
2 0.60625 0.637962962962963 0.14479166666666668 0.2564814814814815
3 0.39427083333333335 0.22592592592592592 0.10104166666666667 0.1712962962962963
1 0.4864583333333333 0.3851851851851852 0.06822916666666666 0.11666666666666667
