5 0.6979166666666666 0.799074074074074 0.11927083333333334 0.2833333333333333
3 0.7765625 0.5925925925925926 0.05520833333333333 0.12222222222222222
6 0.5671875 0.29814814814814816 0.11614583333333334 0.24166666666666667
4 0.8114583333333333 0.9148148148148149 0.06614583333333333 0.18055555555555555
6 0.8640625 0.6703703703703704 0.14114583333333333 0.17592592592592593
6 0.7734375 0.4935185185185185 0.07135416666666666 0.10555555555555556
3 0.9536458333333333 0.33796296296296297 0.096875 0.19722222222222222
2 0.5125 0.6453703703703704 0.08697916666666666 0.11203703703703703
3 0.6734375 0.5851851851851851 0.04583333333333333 0.08333333333333333
1 0.7333333333333333 0.674074074074074 0.10208333333333333 0.21944444444444444
4 0.26875 0.6148148148148148 0.05520833333333333 0.15925925925925927
