1 0.18697916666666667 0.5074074074074074 0.0859375 0.1638888888888889
3 0.2484375 0.22962962962962963 0.058333333333333334 0.10833333333333334
3 0.16614583333333333 0.3962962962962963 0.10833333333333334 0.1287037037037037
3 0.3015625 0.4583333333333333 0.05572916666666667 0.11666666666666667
3 0.13125 0.31851851851851853 0.046875 0.09444444444444444
6 0.25729166666666664 0.44907407407407407 0.125 0.18333333333333332
5 0.9692708333333333 0.8092592592592592 0.13802083333333334 0.33796296296296297
1 0.2786458333333333 0.03981481481481482 0.10625 0.20185185185185187
2 0.18697916666666667 0.125 0.065625 0.0962962962962963
4 0.071875 0.6814814814814815 0.07395833333333333 0.1388888888888889
2 0.253125 0.11018518518518519 0.15885416666666666 0.24444444444444444
1 0.384375 0.6157407407407407 0.08697916666666666 0.1814814814814815
4 0.10364583333333334 0.6055555555555555 0.06822916666666666 0.18518518518518517
1 0.15625 0.3574074074074074 0.096875 0.1712962962962963
2 0.3734375 0.22592592592592592 0.07864583333333333 0.1648148148148148
3 0.19791666666666666 0.13240740740740742 0.04635416666666667 0.11666666666666667
1 0.2890625 0.5268518518518519 0.12395833333333334 0.23148148148148148
