3 0.6932291666666667 0.6972222222222222 0.07708333333333334 0.1648148148148148
3 0.4354166666666667 0.7 0.09427083333333333 0.17592592592592593
3 0.5614583333333333 0.6416666666666667 0.046875 0.10833333333333334
1 0.5239583333333333 0.6935185185185185 0.13020833333333334 0.21666666666666667
6 0.4453125 0.9120370370370371 0.14427083333333332 0.2537037037037037
6 0.5260416666666666 0.9231481481481482 0.10416666666666667 0.2
3 0.6494791666666667 0.48055555555555557 0.06458333333333334 0.0962962962962963
3 0.36302083333333335 0.41574074074074074 0.06510416666666667 0.13518518518518519
1 0.5526041666666667 0.5592592592592592 0.13229166666666667 0.23981481481481481
3 0.59375 0.6657407407407407 0.090625 0.12129629629629629
3 0.6109375 0.5277777777777778 0.06041666666666667 0.11296296296296296
6 0.6755208333333333 0.8092592592592592 0.10885416666666667 0.17314814814814813
