6 0.20416666666666666 0.5046296296296297 0.12708333333333333 0.21666666666666667
3 0.378125 0.537962962962963 0.04479166666666667 0.08981481481481482
6 0.17395833333333333 0.675 0.11041666666666666 0.19444444444444445
1 0.7171875 0.6268518518518519 0.09947916666666666 0.2064814814814815
2 0.3645833333333333 0.6861111111111111 0.08489583333333334 0.14814814814814814
1 0.10052083333333334 0.6277777777777778 0.12135416666666667 0.2111111111111111
3 0.15416666666666667 0.6796296296296296 0.08697916666666666 0.1935185185185185
6 0.20208333333333334 0.7648148148148148 0.07291666666666667 0.12222222222222222
2 0.2515625 0.8305555555555556 0.0828125 0.1398148148148148
4 0.096875 0.13333333333333333 0.06614583333333333 0.18888888888888888
4 0.42083333333333334 0.5101851851851852 0.05364583333333333 0.20833333333333334
1 0.27291666666666664 0.787962962962963 0.051041666666666666 0.12037037037037036
3 0.3098958333333333 0.7712962962962963 0.08333333333333333 0.18981481481481483
1 0.13697916666666668 0.5064814814814815 0.15989583333333332 0.2935185185185185
1 0.17916666666666667 0.6138888888888889 0.11770833333333333 0.2324074074074074
