6 0.9322916666666666 0.3851851851851852 0.16979166666666667 0.23796296296296296
1 0.934375 0.2722222222222222 0.08333333333333333 0.14351851851851852
4 0.7614583333333333 0.6472222222222223 0.07135416666666666 0.11851851851851852
1 0.6119791666666666 0.3472222222222222 0.08385416666666666 0.17037037037037037
6 0.5526041666666667 0.5009259259259259 0.07239583333333334 0.11851851851851852
3 0.4473958333333333 0.2574074074074074 0.07708333333333334 0.17314814814814813
7 0.05 0.6527777777777778 0.06666666666666667 0.22592592592592592
3 0.8239583333333333 0.06018518518518518 0.04791666666666667 0.1
3 0.7255208333333333 0.575925925925926 0.05 0.125
6 0.7828125 0.5046296296296297 0.15520833333333334 0.24259259259259258
6 0.6197916666666666 0.4305555555555556 0.16927083333333334 0.23055555555555557
4 0.030208333333333334 0.16203703703703703 0.09375 0.19166666666666668
2 0.48072916666666665 0.39166666666666666 0.09895833333333333 0.21388888888888888
6 0.8109375 0.39537037037037037 0.14114583333333333 0.2861111111111111
5 0.2989583333333333 0.05555555555555555 0.128125 0.31666666666666665
