1 0.32760416666666664 0.5592592592592592 0.07083333333333333 0.13240740740740742
1 0.3255208333333333 0.9101851851851852 0.08645833333333333 0.1925925925925926
4 0.0609375 0.9407407407407408 0.0375 0.13703703703703704
6 0.4140625 0.5194444444444445 0.07239583333333334 0.15
3 0.4552083333333333 0.7898148148148149 0.04635416666666667 0.1037037037037037
6 0.42291666666666666 0.7592592592592593 0.11197916666666667 0.20185185185185187
3 0.253125 0.5824074074074074 0.06770833333333333 0.12314814814814815
6 0.27239583333333334 0.825 0.1234375 0.1675925925925926
5 0.8411458333333334 0.8185185185185185 0.12395833333333334 0.35833333333333334
1 0.42604166666666665 0.9083333333333333 0.05625 0.11388888888888889
1 0.37552083333333336 0.7916666666666666 0.06458333333333334 0.1425925925925926
3 0.16927083333333334 0.6342592592592593 0.07447916666666667 0.1824074074074074
