6 0.2234375 0.812037037037037 0.04479166666666667 0.11388888888888889
3 0.2786458333333333 0.3277777777777778 0.07291666666666667 0.1824074074074074
2 0.240625 0.6833333333333333 0.10729166666666666 0.23148148148148148
6 0.20677083333333332 0.41203703703703703 0.1 0.18796296296296297
7 0.3359375 0.9675925925925926 0.07291666666666667 0.17037037037037037
1 0.14791666666666667 0.5296296296296297 0.10885416666666667 0.22685185185185186
6 0.4203125 0.8277777777777777 0.10677083333333333 0.17777777777777778
4 0.6802083333333333 0.05185185185185185 0.0703125 0.21574074074074073
2 0.13802083333333334 0.5361111111111111 0.10885416666666667 0.22870370370370371
1 0.37916666666666665 0.7444444444444445 0.134375 0.287962962962963
2 0.37083333333333335 0.6305555555555555 0.08645833333333333 0.14629629629629629
1 0.39010416666666664 0.5972222222222222 0.14947916666666666 0.2574074074074074
6 0.096875 0.6342592592592593 0.12552083333333333 0.24814814814814815
6 0.29375 0.7314814814814815 0.07552083333333333 0.14629629629629629
1 0.034895833333333334 0.4305555555555556 0.08072916666666667 0.21666666666666667
4 0.6489583333333333 0.5 0.11614583333333334 0.23425925925925925
3 0.2916666666666667 0.5796296296296296 0.036458333333333336 0.09907407407407408
