1 0.07604166666666666 0.512962962962963 0.15520833333333334 0.3
4 0.16197916666666667 0.6148148148148148 0.090625 0.18055555555555555
1 0.09583333333333334 0.2962962962962963 0.07864583333333333 0.13333333333333333
1 0.32916666666666666 0.5388888888888889 0.11979166666666667 0.24074074074074073
1 0.3453125 0.38055555555555554 0.09479166666666666 0.23703703703703705
1 0.3359375 0.07407407407407407 0.04583333333333333 0.0787037037037037
1 0.2921875 0.28055555555555556 0.04114583333333333 0.10740740740740741
6 0.35052083333333334 0.3888888888888889 0.10625 0.15925925925925927
4 0.6010416666666667 0.9861111111111112 0.065625 0.17592592592592593
6 0.109375 0.06296296296296296 0.06875 0.13148148148148148
