2 0.4296875 0.6083333333333333 0.06770833333333333 0.1287037037037037
3 0.5036458333333333 0.3453703703703704 0.06927083333333334 0.15555555555555556
2 0.484375 0.3972222222222222 0.05260416666666667 0.09351851851851851
3 0.22708333333333333 0.4722222222222222 0.09739583333333333 0.14074074074074075
3 0.41354166666666664 0.2351851851851852 0.08333333333333333 0.11296296296296296
5 0.4427083333333333 0.9962962962962963 0.084375 0.23796296296296296
2 0.37552083333333336 0.46944444444444444 0.0671875 0.1
2 0.5708333333333333 0.0824074074074074 0.08802083333333334 0.19722222222222222
3 0.3098958333333333 0.2712962962962963 0.05364583333333333 0.12777777777777777
2 0.4083333333333333 0.7425925925925926 0.08333333333333333 0.15185185185185185
6 0.32083333333333336 0.7583333333333333 0.07552083333333333 0.13148148148148148
1 0.32864583333333336 0.4462962962962963 0.10677083333333333 0.21944444444444444
