3 0.590625 0.49907407407407406 0.05260416666666667 0.12407407407407407
2 0.43333333333333335 0.6157407407407407 0.051041666666666666 0.10925925925925926
6 0.353125 0.5287037037037037 0.06302083333333333 0.11574074074074074
2 0.4625 0.5861111111111111 0.1078125 0.15185185185185185
6 0.534375 0.23425925925925925 0.12864583333333332 0.21944444444444444
6 0.5276041666666667 0.34444444444444444 0.121875 0.20185185185185187
6 0.5161458333333333 0.4064814814814815 0.07083333333333333 0.13425925925925927
3 0.5619791666666667 0.49074074074074076 0.1 0.1712962962962963
1 0.5953125 0.5398148148148149 0.115625 0.2037037037037037
3 0.4671875 0.3768518518518518 0.0765625 0.11018518518518519
