3 0.5942708333333333 0.1574074074074074 0.06666666666666667 0.1175925925925926
3 0.31197916666666664 0.4027777777777778 0.07239583333333334 0.15555555555555556
1 0.25677083333333334 0.4777777777777778 0.0796875 0.15462962962962962
3 0.5348958333333333 0.18425925925925926 0.053125 0.11296296296296296
3 0.6703125 0.8666666666666667 0.036458333333333336 0.1037037037037037
4 0.8453125 0.6638888888888889 0.0609375 0.1638888888888889
6 0.4270833333333333 0.30092592592592593 0.1203125 0.21666666666666667
5 0.5984375 0.2898148148148148 0.090625 0.24537037037037038
1 0.334375 0.024074074074074074 0.09947916666666666 0.26296296296296295
1 0.6203125 0.5564814814814815 0.065625 0.11481481481481481
