4 0.9822916666666667 0.9222222222222223 0.11510416666666666 0.17314814814814813
3 0.9072916666666667 0.9287037037037037 0.08125 0.19074074074074074
3 0.746875 0.2175925925925926 0.075 0.22685185185185186
7 0.17552083333333332 0.09259259259259259 0.06875 0.20925925925925926
3 0.7713541666666667 0.4648148148148148 0.06927083333333334 0.1638888888888889
5 0.028125 0.12407407407407407 0.12760416666666666 0.30648148148148147
4 0.525 0.9583333333333334 0.07864583333333333 0.20277777777777778
3 0.971875 0.11851851851851852 0.0359375 0.07777777777777778
3 0.7557291666666667 0.19537037037037036 0.07135416666666666 0.14074074074074075
1 0.715625 0.15833333333333333 0.08072916666666667 0.2101851851851852
2 0.46979166666666666 0.14814814814814814 0.1 0.13240740740740742
6 0.7635416666666667 0.6657407407407407 0.115625 0.16666666666666666
