7 0.259375 0.33796296296296297 0.0828125 0.12129629629629629
3 0.35260416666666666 0.262037037037037 0.0703125 0.1537037037037037
3 0.5098958333333333 0.2824074074074074 0.10416666666666667 0.25277777777777777
1 0.246875 0.3 0.0984375 0.20185185185185187
2 0.4354166666666667 0.6944444444444444 0.109375 0.18611111111111112
6 0.22083333333333333 0.21296296296296297 0.1484375 0.27314814814814814
2 0.31614583333333335 0.39444444444444443 0.14947916666666666 0.26851851851851855
4 0.2994791666666667 0.9490740740740741 0.08541666666666667 0.17314814814814813
2 0.15260416666666668 0.41944444444444445 0.0921875 0.15833333333333333
6 0.42604166666666665 0.26666666666666666 0.17552083333333332 0.30092592592592593
4 0.4666666666666667 0.06759259259259259 0.06197916666666667 0.1712962962962963
1 0.24739583333333334 0.6425925925925926 0.08489583333333334 0.1638888888888889
1 0.428125 0.9898148148148148 0.06510416666666667 0.14907407407407408
1 0.3463541666666667 0.4638888888888889 0.11197916666666667 0.2518518518518518
1 0.46822916666666664 0.2351851851851852 0.09375 0.18981481481481483
3 0.43645833333333334 0.2861111111111111 0.041666666666666664 0.06944444444444445
