2 0.12291666666666666 0.6453703703703704 0.06354166666666666 0.0962962962962963
1 0.15885416666666666 0.14166666666666666 0.1203125 0.275
6 0.3921875 0.5314814814814814 0.15989583333333332 0.2777777777777778
5 0.4015625 0.09537037037037037 0.12239583333333333 0.35462962962962963
6 0.1625 0.5481481481481482 0.11302083333333333 0.16296296296296298
6 0.2859375 0.31574074074074077 0.1359375 0.18703703703703703
1 0.28489583333333335 0.6981481481481482 0.11927083333333334 0.25277777777777777
2 0.3140625 0.6138888888888889 0.10364583333333334 0.17037037037037037
2 0.22135416666666666 0.8527777777777777 0.11197916666666667 0.1824074074074074
4 0.11458333333333333 0.6259259259259259 0.0765625 0.1925925925925926
6 0.5619791666666667 0.37037037037037035 0.17760416666666667 0.2601851851851852
6 0.2703125 0.6787037037037037 0.10416666666666667 0.2462962962962963
