6 0.35208333333333336 0.2111111111111111 0.103125 0.20277777777777778
3 0.059895833333333336 0.625 0.08125 0.18981481481481483
6 0.20989583333333334 0.44074074074074077 0.04895833333333333 0.13425925925925927
4 0.9182291666666667 0.5361111111111111 0.0625 0.1712962962962963
3 0.29322916666666665 0.55 0.05572916666666667 0.10925925925925926
6 0.221875 0.09444444444444444 0.14635416666666667 0.2638888888888889
6 0.33541666666666664 0.020370370370370372 0.1109375 0.20277777777777778
3 0.053125 0.16296296296296298 0.07291666666666667 0.13703703703703704
2 0.08697916666666666 0.16203703703703703 0.09583333333333334 0.14907407407407408
6 0.15 0.6287037037037037 0.14427083333333332 0.20185185185185187
2 0.0921875 0.10277777777777777 0.06302083333333333 0.125
