4 0.6885416666666667 0.7074074074074074 0.06666666666666667 0.18796296296296297
3 0.5536458333333333 0.7981481481481482 0.10052083333333334 0.14907407407407408
6 0.4510416666666667 0.30925925925925923 0.10520833333333333 0.15
6 0.46875 0.020370370370370372 0.12239583333333333 0.22592592592592592
2 0.378125 0.6592592592592592 0.09947916666666666 0.1824074074074074
1 0.4453125 0.27314814814814814 0.1234375 0.27314814814814814
2 0.6088541666666667 0.8657407407407407 0.1078125 0.19074074074074074
6 0.5572916666666666 0.7129629629629629 0.05364583333333333 0.14629629629629629
2 0.40729166666666666 0.5898148148148148 0.05677083333333333 0.09814814814814815
2 0.4401041666666667 0.5046296296296297 0.11354166666666667 0.17777777777777778
3 0.6307291666666667 0.5731481481481482 0.08385416666666666 0.1398148148148148
