3 0.8489583333333334 0.5351851851851852 0.06979166666666667 0.14537037037037037
6 0.9375 0.3416666666666667 0.08177083333333333 0.12962962962962962
1 0.8020833333333334 0.7018518518518518 0.0484375 0.11388888888888889
2 0.8401041666666667 0.47685185185185186 0.06197916666666667 0.11203703703703703
3 0.8526041666666667 0.7462962962962963 0.06041666666666667 0.075
3 0.8026041666666667 0.6055555555555555 0.06458333333333334 0.1398148148148148
1 0.7270833333333333 0.8574074074074074 0.0625 0.14074074074074075
4 0.5630208333333333 0.674074074074074 0.09947916666666666 0.1425925925925926
5 0.26666666666666666 0.12777777777777777 0.21979166666666666 0.5231481481481481
1 0.8192708333333333 0.4462962962962963 0.1015625 0.16574074074074074
2 0.8958333333333334 0.5703703703703704 0.08385416666666666 0.15833333333333333
1 0.790625 0.6435185185185185 0.11979166666666667 0.22962962962962963
4 0.2869791666666667 0.2796296296296296 0.075 0.17314814814814813
2 0.8515625 0.7175925925925926 0.09479166666666666 0.2101851851851852
