3 0.36666666666666664 0.55 0.0796875 0.175
3 0.44479166666666664 0.6555555555555556 0.10885416666666667 0.19074074074074074
1 0.7427083333333333 0.6694444444444444 0.08541666666666667 0.18796296296296297
2 0.40260416666666665 0.7759259259259259 0.1109375 0.20833333333333334
1 0.4875 0.49074074074074076 0.14947916666666666 0.2712962962962963
4 0.8395833333333333 0.8731481481481481 0.09895833333333333 0.19907407407407407
4 0.9171875 0.8277777777777777 0.075 0.19907407407407407
7 0.7833333333333333 0.4287037037037037 0.09270833333333334 0.2388888888888889
3 0.46875 0.9814814814814815 0.0765625 0.19722222222222222
2 0.5609375 0.5574074074074075 0.12083333333333333 0.16666666666666666
1 0.7244791666666667 0.8907407407407407 0.06614583333333333 0.11481481481481481
