6 0.2760416666666667 0.5157407407407407 0.05572916666666667 0.07592592592592592
6 0.3333333333333333 0.8601851851851852 0.12708333333333333 0.18518518518518517
2 0.4671875 0.6 0.11145833333333334 0.15925925925925927
3 0.3182291666666667 0.35648148148148145 0.043229166666666666 0.10092592592592593
3 0.23541666666666666 0.7481481481481481 0.075 0.10462962962962963
4 0.2375 0.25277777777777777 0.08072916666666667 0.14444444444444443
3 0.2203125 0.7509259259259259 0.03802083333333333 0.09907407407407408
1 0.5494791666666666 0.6296296296296297 0.0984375 0.2
3 0.5260416666666666 0.5305555555555556 0.057291666666666664 0.10925925925925926
6 0.5333333333333333 0.5333333333333333 0.084375 0.12129629629629629
3 0.34427083333333336 0.5925925925925926 0.07916666666666666 0.11574074074074074
