2 0.8015625 0.33611111111111114 0.05677083333333333 0.11851851851851852
3 0.6770833333333334 0.8222222222222222 0.07239583333333334 0.13425925925925927
4 0.4546875 0.7027777777777777 0.09895833333333333 0.22870370370370371
3 0.5223958333333333 0.6518518518518519 0.096875 0.16203703703703703
6 0.5838541666666667 0.4425925925925926 0.09479166666666666 0.14722222222222223
2 0.3619791666666667 0.4777777777777778 0.1046875 0.1962962962962963
1 0.6104166666666667 0.575 0.08020833333333334 0.1398148148148148
3 0.5989583333333334 0.20833333333333334 0.11197916666666667 0.17592592592592593
7 0.1484375 0.5194444444444445 0.06354166666666666 0.2601851851851852
4 0.4869791666666667 0.9583333333333334 0.06510416666666667 0.22314814814814815
2 0.7427083333333333 0.5916666666666667 0.049479166666666664 0.10277777777777777
5 0.9567708333333333 0.6425925925925926 0.12135416666666667 0.3509259259259259
1 0.759375 0.5509259259259259 0.11979166666666667 0.20185185185185187
2 0.42291666666666666 0.4305555555555556 0.08697916666666666 0.14907407407407408
