2 0.778125 0.5101851851851852 0.15416666666666667 0.2564814814814815
2 0.5932291666666667 0.3296296296296296 0.07916666666666666 0.15
6 0.7557291666666667 0.562037037037037 0.09791666666666667 0.16666666666666666
1 0.6432291666666666 0.2564814814814815 0.06302083333333333 0.14074074074074075
6 0.7057291666666666 0.44166666666666665 0.1296875 0.2111111111111111
3 0.5817708333333333 0.40555555555555556 0.0734375 0.11296296296296296
3 0.7963541666666667 0.737037037037037 0.06458333333333334 0.15648148148148147
6 0.6828125 0.512962962962963 0.06302083333333333 0.11296296296296296
3 0.7265625 0.33240740740740743 0.08072916666666667 0.18796296296296297
3 0.7838541666666666 0.4111111111111111 0.07916666666666666 0.11666666666666667
6 0.5895833333333333 0.725925925925926 0.14270833333333333 0.2490740740740741
4 0.7526041666666666 0.8629629629629629 0.09739583333333333 0.11296296296296296
