2 0.3796875 0.6962962962962963 0.0625 0.12777777777777777
4 0.7276041666666667 0.8675925925925926 0.08958333333333333 0.1962962962962963
3 0.5786458333333333 0.6296296296296297 0.05 0.1175925925925926
2 0.6463541666666667 0.5648148148148148 0.10729166666666666 0.1787037037037037
4 0.09375 0.8611111111111112 0.075 0.18425925925925926
1 0.6208333333333333 0.8111111111111111 0.1203125 0.23055555555555557
7 0.07552083333333333 0.2351851851851852 0.0875 0.24444444444444444
1 0.7171875 0.6212962962962963 0.07708333333333334 0.16296296296296298
2 0.5359375 0.33425925925925926 0.052083333333333336 0.07962962962962963
2 0.6682291666666667 0.3453703703703704 0.1234375 0.2037037037037037
