1 0.4322916666666667 0.6481481481481481 0.0625 0.1398148148148148
4 0.35885416666666664 0.7583333333333333 0.08958333333333333 0.17407407407407408
2 0.6416666666666667 0.5166666666666667 0.0765625 0.13240740740740742
1 0.4895833333333333 0.8935185185185185 0.12239583333333333 0.2361111111111111
6 0.5234375 0.34074074074074073 0.13020833333333334 0.14074074074074075
1 0.08802083333333334 0.6416666666666667 0.0578125 0.125
3 0.49375 0.4583333333333333 0.1046875 0.18611111111111112
7 0.9510416666666667 0.975925925925926 0.07708333333333334 0.15925925925925927
1 0.6453125 0.8240740740740741 0.06666666666666667 0.13518518518518519
1 0.5260416666666666 0.462037037037037 0.065625 0.14814814814814814
2 0.3453125 0.5046296296296297 0.11197916666666667 0.17314814814814813
4 0.4296875 0.8444444444444444 0.103125 0.19537037037037036
3 0.5296875 0.4759259259259259 0.071875 0.13518518518518519
3 0.484375 0.475 0.09166666666666666 0.16111111111111112
5 0.27239583333333334 0.5962962962962963 0.19427083333333334 0.487962962962963
3 0.7151041666666667 0.3138888888888889 0.0703125 0.13518518518518519
