2 0.3625 0.5157407407407407 0.09583333333333334 0.14074074074074075
1 0.6041666666666666 0.8462962962962963 0.13697916666666668 0.3101851851851852
3 0.2359375 0.39166666666666666 0.11927083333333334 0.20277777777777778
3 0.4713541666666667 0.7388888888888889 0.05520833333333333 0.1111111111111111
4 0.6072916666666667 0.6703703703703704 0.0609375 0.15648148148148147
1 0.36770833333333336 0.37222222222222223 0.09895833333333333 0.2111111111111111
2 0.34791666666666665 0.9185185185185185 0.06041666666666667 0.14351851851851852
1 0.5265625 0.5138888888888888 0.1015625 0.22777777777777777
2 0.4484375 0.5222222222222223 0.13541666666666666 0.1925925925925926
5 0.4473958333333333 0.8175925925925925 0.10364583333333334 0.43796296296296294
