3 0.4046875 0.29444444444444445 0.057291666666666664 0.07962962962962963
5 0.19166666666666668 0.08981481481481482 0.16145833333333334 0.4074074074074074
3 0.5359375 0.6814814814814815 0.08385416666666666 0.11481481481481481
1 0.3255208333333333 0.26666666666666666 0.11927083333333334 0.2064814814814815
6 0.40677083333333336 0.6342592592592593 0.15885416666666666 0.28703703703703703
2 0.2921875 0.7731481481481481 0.0765625 0.1398148148148148
4 0.6385416666666667 0.44722222222222224 0.09635416666666667 0.23703703703703705
1 0.7145833333333333 0.5898148148148148 0.12760416666666666 0.25833333333333336
3 0.48854166666666665 0.4324074074074074 0.0890625 0.20185185185185187
3 0.2791666666666667 0.5916666666666667 0.0890625 0.18888888888888888
