3 0.42916666666666664 0.6731481481481482 0.0640625 0.0962962962962963
6 0.36666666666666664 0.8101851851851852 0.0953125 0.17592592592592593
2 0.3567708333333333 0.9435185185185185 0.115625 0.21851851851851853
3 0.4390625 0.7583333333333333 0.049479166666666664 0.10092592592592593
3 0.3796875 0.7194444444444444 0.04635416666666667 0.10277777777777777
1 0.3578125 0.6907407407407408 0.11145833333333334 0.20092592592592592
2 0.5848958333333333 0.6888888888888889 0.08333333333333333 0.18425925925925926
1 0.3234375 0.6601851851851852 0.06875 0.12962962962962962
1 0.4979166666666667 0.6648148148148149 0.1 0.2324074074074074
6 0.5494791666666666 0.6314814814814815 0.07552083333333333 0.13796296296296295
1 0.5203125 0.6287037037037037 0.07447916666666667 0.17962962962962964
6 0.27239583333333334 0.9425925925925925 0.1 0.14537037037037037
