2 0.5765625 0.5 0.11614583333333334 0.25092592592592594
2 0.5447916666666667 0.6805555555555556 0.06510416666666667 0.10740740740740741
6 0.65625 0.4444444444444444 0.09270833333333334 0.15555555555555556
3 0.134375 0.5074074074074074 0.11302083333333333 0.2675925925925926
4 0.7427083333333333 0.6018518518518519 0.08125 0.175
2 0.6104166666666667 0.05277777777777778 0.058854166666666666 0.08981481481481482
1 0.415625 0.8805555555555555 0.06666666666666667 0.12129629629629629
2 0.7567708333333333 0.3824074074074074 0.096875 0.1574074074074074
6 0.6802083333333333 0.3435185185185185 0.09114583333333333 0.16203703703703703
1 0.47552083333333334 0.47685185185185186 0.07708333333333334 0.15833333333333333
6 0.7854166666666667 0.38981481481481484 0.08072916666666667 0.12037037037037036
6 0.6484375 0.4777777777777778 0.121875 0.21574074074074073
