5 0.690625 0.8425925925925926 0.08958333333333333 0.26944444444444443
6 0.3104166666666667 0.5305555555555556 0.10052083333333334 0.23703703703703705
4 0.19270833333333334 0.5555555555555556 0.07291666666666667 0.20555555555555555
1 0.32083333333333336 0.2537037037037037 0.08385416666666666 0.17777777777777778
6 0.12708333333333333 0.35833333333333334 0.10416666666666667 0.18703703703703703
2 0.20885416666666667 0.45185185185185184 0.10104166666666667 0.17685185185185184
6 0.2869791666666667 0.6314814814814815 0.09166666666666666 0.1638888888888889
4 0.8859375 0.3824074074074074 0.10572916666666667 0.19722222222222222
7 0.9765625 0.2462962962962963 0.09583333333333334 0.19166666666666668
1 0.32447916666666665 0.125 0.1046875 0.21203703703703702
6 0.3567708333333333 0.19166666666666668 0.09947916666666666 0.13148148148148148
