2 0.20052083333333334 0.6138888888888889 0.057291666666666664 0.09722222222222222
5 0.8375 0.8888888888888888 0.12135416666666667 0.3509259259259259
1 0.36041666666666666 0.65 0.084375 0.23055555555555557
6 0.23541666666666666 0.8898148148148148 0.07083333333333333 0.15
3 0.4421875 0.787962962962963 0.0671875 0.11203703703703703
1 0.35885416666666664 0.5574074074074075 0.058333333333333334 0.15833333333333333
1 0.40989583333333335 0.3990740740740741 0.1578125 0.2851851851851852
3 0.3770833333333333 0.8416666666666667 0.03333333333333333 0.07777777777777778
6 0.3765625 0.6101851851851852 0.14322916666666666 0.20277777777777778
6 0.484375 0.9879629629629629 0.10052083333333334 0.21203703703703702
6 0.41770833333333335 0.38333333333333336 0.1796875 0.2574074074074074
6 0.378125 0.6601851851851852 0.07135416666666666 0.10833333333333334
