2 0.7614583333333333 0.4824074074074074 0.05364583333333333 0.08611111111111111
3 0.8921875 0.44907407407407407 0.08333333333333333 0.17222222222222222
3 0.8114583333333333 0.4 0.10260416666666666 0.14722222222222223
4 0.6354166666666666 0.6537037037037037 0.051041666666666666 0.1638888888888889
6 0.8432291666666667 0.4324074074074074 0.134375 0.2361111111111111
6 0.90625 0.49537037037037035 0.1109375 0.2111111111111111
1 0.8083333333333333 0.023148148148148147 0.06354166666666666 0.1259259259259259
3 0.7348958333333333 0.11944444444444445 0.11979166666666667 0.18518518518518517
2 0.7651041666666667 0.4324074074074074 0.07239583333333334 0.11481481481481481
2 0.7645833333333333 0.6027777777777777 0.06197916666666667 0.09722222222222222
