6 0.7729166666666667 0.18888888888888888 0.09270833333333334 0.1259259259259259
3 0.7104166666666667 0.14629629629629629 0.08802083333333334 0.12222222222222222
6 0.675 0.4601851851851852 0.12760416666666666 0.1638888888888889
6 0.7526041666666666 0.49166666666666664 0.12239583333333333 0.1814814814814815
4 0.39010416666666664 0.38055555555555554 0.06458333333333334 0.21481481481481482
6 0.8458333333333333 0.4722222222222222 0.1109375 0.22592592592592592
2 0.6671875 0.32407407407407407 0.0609375 0.08888888888888889
2 0.8177083333333334 0.6527777777777778 0.11614583333333334 0.18796296296296297
3 0.71875 0.4185185185185185 0.09947916666666666 0.22592592592592592
4 0.07760416666666667 0.012037037037037037 0.06614583333333333 0.14907407407407408
2 0.825 0.7564814814814815 0.090625 0.1675925925925926
7 0.7067708333333333 0.7305555555555555 0.08229166666666667 0.18703703703703703
2 0.8463541666666666 0.7861111111111111 0.09375 0.20462962962962963
6 0.8015625 0.700925925925926 0.057291666666666664 0.06388888888888888
6 0.809375 0.46944444444444444 0.1375 0.2537037037037037
2 0.7109375 0.33055555555555555 0.08541666666666667 0.14351851851851852
2 0.9640625 0.39537037037037037 0.08697916666666666 0.17962962962962964
