1 0.5760416666666667 0.46296296296296297 0.08489583333333334 0.1787037037037037
1 0.7520833333333333 0.3435185185185185 0.109375 0.25092592592592594
1 0.5895833333333333 0.7 0.11875 0.2074074074074074
4 0.171875 0.7953703703703704 0.06197916666666667 0.1648148148148148
1 0.584375 0.6231481481481481 0.08645833333333333 0.1648148148148148
7 0.1953125 0.5194444444444445 0.08541666666666667 0.1935185185185185
3 0.5776041666666667 0.5453703703703704 0.04583333333333333 0.10185185185185185
1 0.4791666666666667 0.18333333333333332 0.10572916666666667 0.22870370370370371
2 0.6296875 0.09907407407407408 0.0609375 0.13333333333333333
3 0.4505208333333333 0.46944444444444444 0.05260416666666667 0.13518518518518519
4 0.2552083333333333 0.25555555555555554 0.1078125 0.17037037037037037
1 0.5057291666666667 0.15185185185185185 0.09635416666666667 0.19537037037037036
3 0.6213541666666667 0.5509259259259259 0.05520833333333333 0.06388888888888888
3 0.5229166666666667 0.14907407407407408 0.090625 0.20185185185185187
