1 0.42552083333333335 0.46574074074074073 0.06354166666666666 0.11018518518518519
1 0.5 0.3351851851851852 0.09010416666666667 0.19814814814814816
5 0.24479166666666666 0.3861111111111111 0.13697916666666668 0.5277777777777778
3 0.20416666666666666 0.7083333333333334 0.04895833333333333 0.11944444444444445
1 0.21197916666666666 0.12129629629629629 0.08385416666666666 0.21388888888888888
6 0.3515625 0.6472222222222223 0.1109375 0.19074074074074074
3 0.41041666666666665 0.48333333333333334 0.09114583333333333 0.19166666666666668
1 0.4354166666666667 0.4685185185185185 0.08802083333333334 0.17685185185185184
6 0.4234375 0.4361111111111111 0.16875 0.2222222222222222
2 0.4375 0.3351851851851852 0.06041666666666667 0.1111111111111111
6 0.3104166666666667 0.8796296296296297 0.09635416666666667 0.17685185185185184
1 0.5598958333333334 0.5055555555555555 0.05677083333333333 0.125
3 0.4010416666666667 0.4564814814814815 0.0359375 0.09259259259259259
