4 0.665625 0.8092592592592592 0.05364583333333333 0.1648148148148148
3 0.7385416666666667 0.25925925925925924 0.1125 0.19074074074074074
1 0.42552083333333335 0.4740740740740741 0.0703125 0.16666666666666666
6 0.6328125 0.1425925925925926 0.0984375 0.16111111111111112
4 0.7755208333333333 0.3574074074074074 0.10833333333333334 0.14814814814814814
2 0.6776041666666667 0.5064814814814815 0.08385416666666666 0.13425925925925927
6 0.5854166666666667 0.4361111111111111 0.12239583333333333 0.2851851851851852
3 0.5447916666666667 0.0 0.08802083333333334 0.18888888888888888
1 0.6994791666666667 0.47314814814814815 0.08125 0.1814814814814815
6 0.38958333333333334 0.3824074074074074 0.07083333333333333 0.12685185185185185
1 0.6307291666666667 0.3537037037037037 0.08072916666666667 0.18703703703703703
6 0.4875 0.4722222222222222 0.06666666666666667 0.11296296296296296
7 0.9078125 0.8759259259259259 0.06145833333333333 0.1675925925925926
