6 0.3078125 0.3148148148148148 0.14895833333333333 0.24444444444444444
1 0.2859375 0.5583333333333333 0.12447916666666667 0.24814814814814815
2 0.18333333333333332 0.49074074074074076 0.0875 0.12222222222222222
2 0.13854166666666667 0.23333333333333334 0.0890625 0.18981481481481483
2 0.346875 0.44537037037037036 0.06822916666666666 0.17777777777777778
1 0.22083333333333333 0.05648148148148148 0.14947916666666666 0.30648148148148147
2 0.20885416666666667 0.2 0.09166666666666666 0.2175925925925926
3 0.5041666666666667 0.3398148148148148 0.06041666666666667 0.11388888888888889
1 0.06927083333333334 0.5462962962962963 0.09739583333333333 0.2064814814814815
1 0.16979166666666667 0.37222222222222223 0.146875 0.30462962962962964
1 0.4942708333333333 0.37222222222222223 0.06822916666666666 0.13518518518518519
3 0.35833333333333334 0.38425925925925924 0.11614583333333334 0.20925925925925926
3 0.20520833333333333 0.11574074074074074 0.04479166666666667 0.07685185185185185
2 0.3359375 0.6092592592592593 0.0796875 0.13148148148148148
5 0.61875 0.7314814814814815 0.15520833333333334 0.41203703703703703
