1 0.7260416666666667 0.11481481481481481 0.08489583333333334 0.1648148148148148
7 0.4817708333333333 0.16574074074074074 0.0796875 0.2
1 0.6942708333333333 0.49722222222222223 0.10364583333333334 0.19537037037037036
2 0.55625 0.09537037037037037 0.10260416666666666 0.17407407407407408
6 0.7057291666666666 0.15185185185185185 0.16927083333333334 0.2611111111111111
4 0.23229166666666667 0.14537037037037037 0.10729166666666666 0.1935185185185185
6 0.7776041666666667 0.2824074074074074 0.12708333333333333 0.2824074074074074
4 0.4979166666666667 0.8675925925925926 0.1015625 0.13055555555555556
3 0.7260416666666667 0.4444444444444444 0.07916666666666666 0.12685185185185185
3 0.9557291666666666 0.10648148148148148 0.08541666666666667 0.14814814814814814
5 0.40677083333333336 0.06388888888888888 0.146875 0.34629629629629627
3 0.775 0.26481481481481484 0.0796875 0.16944444444444445
1 0.9203125 0.3990740740740741 0.07864583333333333 0.17962962962962964
