3 0.37916666666666665 0.7361111111111112 0.07395833333333333 0.11944444444444445
4 0.5708333333333333 0.004629629629629629 0.07447916666666667 0.17777777777777778
6 0.24479166666666666 0.6601851851851852 0.09166666666666666 0.18518518518518517
6 0.4484375 0.5694444444444444 0.08802083333333334 0.14722222222222223
3 0.5104166666666666 0.7018518518518518 0.09895833333333333 0.15
2 0.359375 0.7657407407407407 0.10104166666666667 0.17777777777777778
6 0.34791666666666665 0.6916666666666667 0.0921875 0.15833333333333333
3 0.24322916666666666 0.9425925925925925 0.075 0.175
2 0.13385416666666666 0.5675925925925925 0.11302083333333333 0.17962962962962964
1 0.1125 0.35833333333333334 0.0625 0.1824074074074074
2 0.25833333333333336 0.6222222222222222 0.1015625 0.18425925925925926
2 0.21927083333333333 0.524074074074074 0.051041666666666666 0.11203703703703703
2 0.2046875 0.7601851851851852 0.09010416666666667 0.1537037037037037
