6 0.4817708333333333 0.8787037037037037 0.06875 0.125
3 0.7229166666666667 0.5120370370370371 0.09479166666666666 0.2
3 0.5526041666666667 0.7833333333333333 0.0640625 0.14907407407407408
6 0.415625 0.43425925925925923 0.12708333333333333 0.2222222222222222
6 0.25729166666666664 0.5712962962962963 0.059375 0.14074074074074075
6 0.45260416666666664 0.4287037037037037 0.1890625 0.2777777777777778
3 0.36614583333333334 0.5324074074074074 0.06979166666666667 0.09259259259259259
3 0.5 0.700925925925926 0.084375 0.14444444444444443
1 0.3572916666666667 0.4564814814814815 0.10989583333333333 0.2074074074074074
2 0.3572916666666667 0.29444444444444445 0.07239583333333334 0.14074074074074075
2 0.7677083333333333 0.9981481481481481 0.10260416666666666 0.1787037037037037
2 0.5145833333333333 0.5814814814814815 0.06875 0.10740740740740741
5 0.9609375 0.44166666666666665 0.1203125 0.31666666666666665
