1 0.5640625 0.13055555555555556 0.06822916666666666 0.1361111111111111
4 0.8984375 0.5407407407407407 0.08333333333333333 0.1648148148148148
2 0.4203125 0.4583333333333333 0.09322916666666667 0.17407407407407408
6 0.47604166666666664 0.5185185185185185 0.09166666666666666 0.17685185185185184
2 0.3515625 0.5879629629629629 0.11041666666666666 0.13148148148148148
4 0.2375 0.1527777777777778 0.06770833333333333 0.18796296296296297
6 0.33958333333333335 0.38981481481481484 0.11770833333333333 0.19074074074074074
2 0.49947916666666664 0.14444444444444443 0.0921875 0.16296296296296298
1 0.6255208333333333 0.18611111111111112 0.12083333333333333 0.20185185185185187
6 0.8604166666666667 0.6046296296296296 0.08125 0.14907407407407408
2 0.5723958333333333 0.08796296296296297 0.12395833333333334 0.2212962962962963
3 0.4114583333333333 0.8527777777777777 0.06875 0.1675925925925926
6 0.2791666666666667 0.47314814814814815 0.12135416666666667 0.18796296296296297
