2 0.7260416666666667 0.19814814814814816 0.10625 0.1787037037037037
2 0.640625 0.375 0.115625 0.16666666666666666
1 0.8338541666666667 0.5916666666666667 0.09270833333333334 0.1814814814814815
3 0.6333333333333333 0.2814814814814815 0.07760416666666667 0.17314814814814813
3 0.428125 0.5990740740740741 0.07916666666666666 0.1814814814814815
6 0.4640625 0.0 0.0578125 0.10185185185185185
4 0.7171875 0.5879629629629629 0.08541666666666667 0.16203703703703703
1 0.8135416666666667 0.524074074074074 0.08854166666666667 0.2064814814814815
3 0.6666666666666666 0.29814814814814816 0.0546875 0.12777777777777777
1 0.7244791666666667 0.4 0.0875 0.1638888888888889
1 0.6395833333333333 0.18981481481481483 0.08177083333333333 0.15833333333333333
