1 0.21041666666666667 0.7240740740740741 0.10416666666666667 0.23055555555555557
4 0.1328125 0.6907407407407408 0.11770833333333333 0.17407407407407408
2 0.096875 0.36944444444444446 0.0609375 0.10740740740740741
6 0.0010416666666666667 0.6046296296296296 0.07447916666666667 0.10555555555555556
6 0.20260416666666667 0.9657407407407408 0.07447916666666667 0.11574074074074074
4 0.39791666666666664 0.4740740740740741 0.0953125 0.15925925925925927
2 0.18020833333333333 0.7703703703703704 0.0421875 0.1111111111111111
3 0.20729166666666668 0.6314814814814815 0.053125 0.06481481481481481
3 0.028125 0.5675925925925925 0.09583333333333334 0.2101851851851852
7 0.63125 0.27685185185185185 0.09791666666666667 0.20185185185185187
