3 0.1421875 0.575 0.058333333333333334 0.12222222222222222
1 0.24947916666666667 0.325 0.1390625 0.24351851851851852
3 0.24791666666666667 0.2898148148148148 0.04010416666666667 0.09907407407407408
6 0.22552083333333334 0.5685185185185185 0.10104166666666667 0.1388888888888889
1 0.24375 0.3611111111111111 0.07395833333333333 0.1398148148148148
6 0.24322916666666666 0.6518518518518519 0.13489583333333333 0.20092592592592592
2 0.253125 0.45555555555555555 0.08541666666666667 0.19074074074074074
2 0.3796875 0.3509259259259259 0.0921875 0.14166666666666666
2 0.30885416666666665 0.5777777777777777 0.090625 0.15092592592592594
4 0.5229166666666667 0.6907407407407408 0.0671875 0.1925925925925926
6 0.2375 0.5185185185185185 0.08020833333333334 0.1638888888888889
