2 0.29322916666666665 0.44074074074074077 0.10364583333333334 0.1648148148148148
2 0.25104166666666666 0.33611111111111114 0.053125 0.10462962962962963
5 0.25052083333333336 0.5740740740740741 0.11875 0.32314814814814813
1 0.4510416666666667 0.39444444444444443 0.046875 0.11203703703703703
2 0.3984375 0.47962962962962963 0.10729166666666666 0.16203703703703703
6 0.3671875 0.31574074074074077 0.075 0.16111111111111112
6 0.32708333333333334 0.5148148148148148 0.1125 0.19907407407407407
6 0.2598958333333333 0.475 0.14791666666666667 0.2972222222222222
4 0.7505208333333333 0.8055555555555556 0.1015625 0.22685185185185186
4 0.746875 0.10925925925925926 0.06302083333333333 0.22037037037037038
1 0.46822916666666664 0.7453703703703703 0.09114583333333333 0.17037037037037037
