6 0.23854166666666668 0.4703703703703704 0.125 0.22407407407407406
2 0.30052083333333335 0.29259259259259257 0.0671875 0.11203703703703703
5 0.3104166666666667 0.4546296296296296 0.115625 0.30462962962962964
2 0.17395833333333333 0.3648148148148148 0.09895833333333333 0.1537037037037037
3 0.28177083333333336 0.41574074074074074 0.11458333333333333 0.16203703703703703
3 0.2635416666666667 0.4305555555555556 0.08802083333333334 0.1824074074074074
6 0.49375 0.6777777777777778 0.14427083333333332 0.2601851851851852
2 0.15572916666666667 0.7944444444444444 0.14114583333333333 0.2388888888888889
6 0.16041666666666668 0.4638888888888889 0.09270833333333334 0.2064814814814815
6 0.3109375 0.35555555555555557 0.1421875 0.2388888888888889
6 0.371875 0.45555555555555555 0.09270833333333334 0.1425925925925926
3 0.24375 0.44166666666666665 0.11197916666666667 0.19814814814814816
1 0.7317708333333334 0.7129629629629629 0.0796875 0.15185185185185185
