5 0.22135416666666666 0.6916666666666667 0.1671875 0.4425925925925926
2 0.6604166666666667 0.2518518518518518 0.06927083333333334 0.11574074074074074
1 0.76875 0.675 0.11041666666666666 0.28055555555555556
1 0.4197916666666667 0.5370370370370371 0.0609375 0.10277777777777777
6 0.4791666666666667 0.6138888888888889 0.11302083333333333 0.2064814814814815
1 0.5942708333333333 0.7175925925925926 0.13229166666666667 0.2462962962962963
6 0.5708333333333333 0.6342592592592593 0.06302083333333333 0.11203703703703703
1 0.5838541666666667 0.8611111111111112 0.07239583333333334 0.13240740740740742
3 0.48333333333333334 0.3111111111111111 0.08020833333333334 0.15833333333333333
2 0.6661458333333333 0.7722222222222223 0.04791666666666667 0.09814814814814815
6 0.5588541666666667 0.8138888888888889 0.12604166666666666 0.21388888888888888
6 0.6916666666666667 0.37037037037037035 0.09166666666666666 0.15925925925925927
