4 0.5713541666666667 0.6972222222222222 0.08802083333333334 0.2101851851851852
1 0.76875 0.46111111111111114 0.103125 0.22685185185185186
1 0.56875 0.5166666666666667 0.0921875 0.16666666666666666
2 0.8708333333333333 0.562037037037037 0.103125 0.18703703703703703
6 0.6348958333333333 0.7240740740740741 0.128125 0.26944444444444443
4 0.7755208333333333 0.11851851851851852 0.090625 0.1537037037037037
2 0.5489583333333333 0.7490740740740741 0.1171875 0.2462962962962963
6 0.8182291666666667 0.5861111111111111 0.14791666666666667 0.20462962962962963
3 0.7380208333333333 0.2972222222222222 0.07135416666666666 0.1388888888888889
3 0.6317708333333333 0.5074074074074074 0.044270833333333336 0.10740740740740741
1 0.7796875 0.3907407407407407 0.13072916666666667 0.26944444444444443
