3 0.6307291666666667 0.4648148148148148 0.09010416666666667 0.17314814814814813
1 0.6817708333333333 0.687962962962963 0.12083333333333333 0.2518518518518518
6 0.5114583333333333 0.575 0.06354166666666666 0.10277777777777777
4 0.728125 0.4203703703703704 0.05625 0.18333333333333332
2 0.71875 0.6527777777777778 0.07552083333333333 0.1111111111111111
2 0.6276041666666666 0.6444444444444445 0.053125 0.0824074074074074
1 0.6338541666666667 0.8638888888888889 0.08489583333333334 0.1935185185185185
7 0.7734375 0.46111111111111114 0.0828125 0.13518518518518519
1 0.4270833333333333 0.5740740740740741 0.10416666666666667 0.19537037037037036
3 0.5427083333333333 0.3333333333333333 0.09791666666666667 0.18703703703703703
4 0.42291666666666666 0.8333333333333334 0.0734375 0.13148148148148148
6 0.5390625 0.7703703703703704 0.07395833333333333 0.12407407407407407
3 0.3203125 0.75 0.0625 0.13240740740740742
2 0.48333333333333334 0.5537037037037037 0.07135416666666666 0.11481481481481481
1 0.49322916666666666 0.7157407407407408 0.0828125 0.19166666666666668
6 0.5427083333333333 0.49444444444444446 0.09166666666666666 0.2212962962962963
2 0.39739583333333334 0.225 0.11302083333333333 0.19722222222222222
5 0.8510416666666667 0.7148148148148148 0.11041666666666666 0.4009259259259259
