6 0.2875 0.8148148148148148 0.07916666666666666 0.14351851851851852
3 0.4083333333333333 0.48703703703703705 0.06927083333333334 0.1574074074074074
4 0.12083333333333333 0.017592592592592594 0.09635416666666667 0.16203703703703703
3 0.30520833333333336 0.8268518518518518 0.03958333333333333 0.09074074074074075
6 0.21875 0.7268518518518519 0.12916666666666668 0.25925925925925924
6 0.4635416666666667 0.9740740740740741 0.1015625 0.17962962962962964
5 0.75625 0.5916666666666667 0.115625 0.3212962962962963
3 0.484375 0.8453703703703703 0.1125 0.14074074074074075
6 0.6078125 0.674074074074074 0.07604166666666666 0.1638888888888889
2 0.5307291666666667 0.5833333333333334 0.10989583333333333 0.18425925925925926
4 0.31354166666666666 0.3814814814814815 0.084375 0.14537037037037037
7 0.8161458333333333 0.1685185185185185 0.07135416666666666 0.16111111111111112
