2 0.6067708333333334 0.3074074074074074 0.08177083333333333 0.1675925925925926
4 0.6026041666666667 0.5398148148148149 0.06666666666666667 0.17037037037037037
2 0.7802083333333333 0.25925925925925924 0.09427083333333333 0.14907407407407408
6 0.6567708333333333 0.04722222222222222 0.14791666666666667 0.2916666666666667
3 0.7911458333333333 0.3453703703703704 0.04583333333333333 0.0824074074074074
7 0.06927083333333334 0.9907407407407407 0.0515625 0.11203703703703703
6 0.8286458333333333 0.5925925925925926 0.1265625 0.23981481481481481
2 0.8692708333333333 0.14629629629629629 0.078125 0.11574074074074074
1 0.6932291666666667 0.5787037037037037 0.07604166666666666 0.20092592592592592
4 0.9526041666666667 0.18703703703703703 0.08489583333333334 0.17222222222222222
6 0.5520833333333334 0.3037037037037037 0.12239583333333333 0.21296296296296297
6 0.884375 0.2175925925925926 0.12760416666666666 0.15185185185185185
