3 0.7739583333333333 0.30648148148148147 0.08958333333333333 0.18703703703703703
1 0.6078125 0.337037037037037 0.08072916666666667 0.15833333333333333
7 0.5401041666666667 0.4212962962962963 0.08385416666666666 0.2037037037037037
2 0.6973958333333333 0.5527777777777778 0.050520833333333334 0.10092592592592593
1 0.5213541666666667 0.2824074074074074 0.103125 0.2064814814814815
7 0.5088541666666667 0.3425925925925926 0.09947916666666666 0.20462962962962963
6 0.7739583333333333 0.39444444444444443 0.0703125 0.1574074074074074
6 0.5859375 0.5796296296296296 0.12395833333333334 0.2324074074074074
4 0.1109375 0.6129629629629629 0.09322916666666667 0.21481481481481482
4 0.5145833333333333 0.9101851851851852 0.08489583333333334 0.21296296296296297
