6 0.2838541666666667 0.40925925925925927 0.07395833333333333 0.12962962962962962
4 0.45989583333333334 0.5814814814814815 0.1078125 0.22037037037037038
6 0.2703125 0.8287037037037037 0.10520833333333333 0.17407407407407408
6 0.44635416666666666 0.6685185185185185 0.096875 0.18333333333333332
5 0.7583333333333333 0.9175925925925926 0.19375 0.38981481481481484
2 0.3307291666666667 0.5444444444444444 0.07604166666666666 0.13425925925925927
6 0.25885416666666666 0.4685185185185185 0.09427083333333333 0.16111111111111112
1 0.25 0.20462962962962963 0.09427083333333333 0.17685185185185184
2 0.090625 0.37222222222222223 0.05 0.09907407407407408
2 0.31145833333333334 0.34629629629629627 0.0484375 0.08425925925925926
4 0.9453125 0.06481481481481481 0.08541666666666667 0.18518518518518517
