3 0.41770833333333335 0.2824074074074074 0.0765625 0.09907407407407408
6 0.20625 0.5842592592592593 0.078125 0.1398148148148148
3 0.29791666666666666 0.3416666666666667 0.07447916666666667 0.175
7 0.1046875 0.13703703703703704 0.11302083333333333 0.2101851851851852
0 0.4 0.5388888888888889 0.10260416666666666 0.37962962962962965
6 0.15104166666666666 0.48055555555555557 0.09322916666666667 0.14444444444444443
6 0.3729166666666667 0.4027777777777778 0.13802083333333334 0.23148148148148148
3 0.32395833333333335 0.016666666666666666 0.09010416666666667 0.20555555555555555
4 0.5307291666666667 0.5018518518518519 0.0609375 0.20555555555555555
6 0.12864583333333332 0.20925925925925926 0.05364583333333333 0.12314814814814815
6 0.2671875 0.3888888888888889 0.0890625 0.08611111111111111
4 0.6015625 0.7527777777777778 0.09322916666666667 0.17407407407407408
1 0.4421875 0.17037037037037037 0.0765625 0.14629629629629629
1 0.35 0.05277777777777778 0.059375 0.13333333333333333
