2 0.3453125 0.950925925925926 0.11458333333333333 0.18888888888888888
4 0.4921875 0.9 0.08645833333333333 0.18425925925925926
6 0.365625 0.8435185185185186 0.13229166666666667 0.23148148148148148
6 0.48125 0.9916666666666667 0.10104166666666667 0.18425925925925926
1 0.4473958333333333 0.6472222222222223 0.12708333333333333 0.23425925925925925
2 0.5645833333333333 0.32222222222222224 0.11197916666666667 0.1712962962962963
4 0.7458333333333333 0.6796296296296296 0.08177083333333333 0.20092592592592592
6 0.4296875 0.5472222222222223 0.1 0.27314814814814814
2 0.3109375 0.5944444444444444 0.09635416666666667 0.17777777777777778
6 0.41041666666666665 0.6481481481481481 0.09791666666666667 0.13703703703703704
3 0.646875 0.6083333333333333 0.06458333333333334 0.1527777777777778
