4 0.7770833333333333 0.44814814814814813 0.096875 0.225
7 0.853125 0.43796296296296294 0.065625 0.13703703703703704
4 0.8333333333333334 0.3814814814814815 0.0703125 0.1824074074074074
1 0.6677083333333333 0.22777777777777777 0.0578125 0.12129629629629629
3 0.48385416666666664 0.2574074074074074 0.05260416666666667 0.11666666666666667
6 0.36041666666666666 0.412962962962963 0.11822916666666666 0.22870370370370371
2 0.5588541666666667 0.575925925925926 0.1296875 0.21481481481481482
1 0.5369791666666667 0.10925925925925926 0.0875 0.19814814814814816
1 0.5927083333333333 0.7925925925925926 0.1265625 0.2722222222222222
0 0.4859375 0.7527777777777778 0.146875 0.3425925925925926
3 0.375 0.2111111111111111 0.05260416666666667 0.1638888888888889
