6 0.353125 0.6277777777777778 0.07291666666666667 0.125
7 0.7479166666666667 0.33796296296296297 0.09739583333333333 0.1638888888888889
5 0.0010416666666666667 0.24259259259259258 0.1078125 0.33055555555555555
1 0.2734375 0.8583333333333333 0.07083333333333333 0.13518518518518519
1 0.26458333333333334 0.7064814814814815 0.1171875 0.22962962962962963
2 0.21770833333333334 0.6712962962962963 0.078125 0.1287037037037037
4 0.696875 0.34074074074074073 0.07864583333333333 0.13148148148148148
2 0.22604166666666667 0.6314814814814815 0.13385416666666666 0.21481481481481482
4 0.5213541666666667 0.9462962962962963 0.0703125 0.19907407407407407
1 0.3421875 0.4027777777777778 0.0828125 0.1787037037037037
7 0.6052083333333333 0.7814814814814814 0.08229166666666667 0.14351851851851852
