7 0.22864583333333333 0.06296296296296296 0.1421875 0.23703703703703705
4 0.9901041666666667 0.16203703703703703 0.10885416666666667 0.20185185185185187
1 0.46927083333333336 0.4648148148148148 0.07395833333333333 0.14814814814814814
7 0.6046875 0.8685185185185185 0.11510416666666666 0.22870370370370371
2 0.8307291666666666 0.33240740740740743 0.07135416666666666 0.11481481481481481
3 0.5609375 0.16666666666666666 0.08854166666666667 0.2351851851851852
6 0.3338541666666667 0.4962962962962963 0.0765625 0.1259259259259259
4 0.4609375 0.03333333333333333 0.0796875 0.21481481481481482
3 0.3494791666666667 0.3638888888888889 0.05364583333333333 0.12222222222222222
1 0.3880208333333333 0.41574074074074074 0.0734375 0.15555555555555556
6 0.4979166666666667 0.6907407407407408 0.1046875 0.18703703703703703
6 0.3984375 0.35648148148148145 0.10677083333333333 0.20277777777777778
1 0.590625 0.524074074074074 0.12916666666666668 0.2740740740740741
3 0.5786458333333333 0.18611111111111112 0.084375 0.15833333333333333
