2 0.6125 0.45740740740740743 0.09895833333333333 0.14444444444444443
6 0.7109375 0.22592592592592592 0.12239583333333333 0.2
7 0.896875 0.8888888888888888 0.0828125 0.18796296296296297
4 0.11666666666666667 0.8768518518518519 0.06197916666666667 0.18518518518518517
5 0.26979166666666665 0.9490740740740741 0.103125 0.30185185185185187
3 0.5078125 0.649074074074074 0.03958333333333333 0.10092592592592593
6 0.5682291666666667 0.5425925925925926 0.06666666666666667 0.13333333333333333
7 0.49635416666666665 0.1675925925925926 0.078125 0.16111111111111112
2 0.53125 0.4722222222222222 0.07916666666666666 0.12129629629629629
4 0.8223958333333333 0.29259259259259257 0.06510416666666667 0.1712962962962963
6 0.7067708333333333 0.07222222222222222 0.13020833333333334 0.2101851851851852
