4 0.0703125 0.024074074074074074 0.09114583333333333 0.21481481481481482
6 0.584375 0.5814814814814815 0.14791666666666667 0.23333333333333334
1 0.409375 0.5194444444444445 0.11979166666666667 0.2574074074074074
7 0.26614583333333336 0.1259259259259259 0.09583333333333334 0.18333333333333332
4 0.16145833333333334 0.9009259259259259 0.057291666666666664 0.17314814814814813
3 0.5078125 0.22777777777777777 0.07447916666666667 0.16666666666666666
2 0.3640625 0.27037037037037037 0.071875 0.10925925925925926
6 0.3078125 0.2212962962962963 0.11875 0.175
1 0.3921875 0.36574074074074076 0.08802083333333334 0.18611111111111112
6 0.6192708333333333 0.31296296296296294 0.058854166666666666 0.1361111111111111
6 0.225 0.4287037037037037 0.11458333333333333 0.2064814814814815
1 0.37604166666666666 0.4101851851851852 0.11197916666666667 0.23703703703703705
3 0.3494791666666667 0.16944444444444445 0.0453125 0.07777777777777778
