6 0.2046875 0.4601851851851852 0.09114583333333333 0.1824074074074074
0 0.42604166666666665 0.3194444444444444 0.29739583333333336 0.6222222222222222
4 0.7947916666666667 0.37962962962962965 0.075 0.22592592592592592
1 0.42083333333333334 0.05462962962962963 0.08802083333333334 0.18333333333333332
2 0.58125 0.4898148148148148 0.04739583333333333 0.07685185185185185
4 0.5145833333333333 0.33425925925925926 0.07239583333333334 0.21666666666666667
1 0.4973958333333333 0.36574074074074076 0.09479166666666666 0.1814814814814815
7 0.7265625 0.4787037037037037 0.08697916666666666 0.31666666666666665
3 0.478125 0.15092592592592594 0.0921875 0.14444444444444443
6 0.2953125 0.6592592592592592 0.10833333333333334 0.16018518518518518
1 0.39739583333333334 0.7518518518518519 0.06145833333333333 0.11944444444444445
3 0.5666666666666667 0.25 0.12395833333333334 0.21296296296296297
6 0.35208333333333336 0.587037037037037 0.13229166666666667 0.2
7 0.09114583333333333 0.9861111111111112 0.109375 0.23703703703703705
