3 0.6067708333333334 0.19074074074074074 0.0453125 0.09351851851851851
2 0.6458333333333334 0.3925925925925926 0.10416666666666667 0.17685185185185184
2 0.6921875 0.2388888888888889 0.09375 0.12222222222222222
3 0.6203125 0.39444444444444443 0.09270833333333334 0.12407407407407407
2 0.6536458333333334 0.33240740740740743 0.07135416666666666 0.11203703703703703
2 0.5885416666666666 0.7203703703703703 0.08072916666666667 0.13333333333333333
7 0.20052083333333334 0.3768518518518518 0.0828125 0.16666666666666666
2 0.7567708333333333 0.49537037037037035 0.11822916666666666 0.19074074074074074
6 0.6755208333333333 0.41944444444444445 0.14427083333333332 0.2222222222222222
1 0.5697916666666667 0.30092592592592593 0.0734375 0.16574074074074074
7 0.4015625 0.11018518518518519 0.06302083333333333 0.14907407407407408
4 0.7078125 0.32037037037037036 0.11197916666666667 0.2324074074074074
4 0.8026041666666667 0.737037037037037 0.10104166666666667 0.21203703703703702
