2 0.17447916666666666 0.7851851851851852 0.13177083333333334 0.18425925925925926
7 0.3463541666666667 0.18055555555555555 0.0984375 0.20092592592592592
1 0.44427083333333334 0.575925925925926 0.12083333333333333 0.2074074074074074
3 0.12604166666666666 0.6796296296296296 0.0515625 0.10185185185185185
6 0.2682291666666667 0.5805555555555556 0.12395833333333334 0.22037037037037038
3 0.4078125 0.7435185185185185 0.042708333333333334 0.08055555555555556
0 0.1671875 0.1814814814814815 0.12760416666666666 0.46944444444444444
4 0.8510416666666667 0.7148148148148148 0.11666666666666667 0.21203703703703702
7 0.9505208333333334 0.6518518518518519 0.090625 0.18703703703703703
2 0.3020833333333333 0.8916666666666667 0.07083333333333333 0.11666666666666667
4 0.2635416666666667 0.787962962962963 0.10416666666666667 0.1425925925925926
6 0.057291666666666664 0.6444444444444445 0.08385416666666666 0.16296296296296298
3 0.0828125 0.20462962962962963 0.10520833333333333 0.20925925925925926
3 0.22604166666666667 0.7638888888888888 0.09635416666666667 0.14537037037037037
