6 0.5760416666666667 0.8916666666666667 0.13489583333333333 0.1685185185185185
6 0.45625 0.5037037037037037 0.057291666666666664 0.13240740740740742
6 0.66875 0.7870370370370371 0.09427083333333333 0.17037037037037037
7 0.14166666666666666 0.23333333333333334 0.071875 0.17407407407407408
4 0.7385416666666667 0.7611111111111111 0.05572916666666667 0.14629629629629629
1 0.6078125 0.4722222222222222 0.13020833333333334 0.25833333333333336
4 0.40989583333333335 0.4083333333333333 0.10989583333333333 0.19444444444444445
1 0.6510416666666666 0.4601851851851852 0.10729166666666666 0.2037037037037037
5 0.2046875 0.1648148148148148 0.14479166666666668 0.3537037037037037
1 0.4557291666666667 0.25833333333333336 0.1203125 0.24722222222222223
1 0.47604166666666664 0.5138888888888888 0.09583333333333334 0.18611111111111112
6 0.8307291666666666 0.37222222222222223 0.11041666666666666 0.1574074074074074
3 0.43072916666666666 0.5944444444444444 0.0609375 0.12777777777777777
6 0.5463541666666667 0.6416666666666667 0.17864583333333334 0.2518518518518518
