2 0.346875 0.13333333333333333 0.09947916666666666 0.14444444444444443
6 0.35885416666666664 0.3824074074074074 0.10416666666666667 0.18055555555555555
1 0.23385416666666667 0.42777777777777776 0.0953125 0.18518518518518517
6 0.4234375 0.39351851851851855 0.06614583333333333 0.11203703703703703
2 0.3265625 0.3851851851851852 0.0609375 0.13796296296296295
3 0.50625 0.5990740740740741 0.11510416666666666 0.18055555555555555
3 0.3734375 0.5268518518518519 0.053125 0.10092592592592593
6 0.315625 0.014814814814814815 0.0546875 0.11481481481481481
7 0.17395833333333333 0.40185185185185185 0.115625 0.25925925925925924
5 0.6046875 0.850925925925926 0.12291666666666666 0.3296296296296296
1 0.48125 0.3351851851851852 0.07604166666666666 0.15
4 0.31197916666666664 0.8398148148148148 0.07447916666666667 0.18703703703703703
7 0.5026041666666666 0.837037037037037 0.10260416666666666 0.18981481481481483
1 0.384375 0.549074074074074 0.07552083333333333 0.125
4 0.596875 0.12222222222222222 0.0765625 0.1787037037037037
