6 0.8567708333333334 0.7981481481481482 0.0796875 0.1675925925925926
2 0.9338541666666667 0.7759259259259259 0.09322916666666667 0.11944444444444445
2 0.6739583333333333 0.6268518518518519 0.11458333333333333 0.1962962962962963
5 0.22395833333333334 0.3537037037037037 0.16458333333333333 0.3851851851851852
4 0.19791666666666666 0.3990740740740741 0.11302083333333333 0.2212962962962963
1 0.79375 0.9740740740740741 0.05625 0.11296296296296296
4 0.5098958333333333 0.12777777777777777 0.08645833333333333 0.2601851851851852
3 0.784375 0.38333333333333336 0.10260416666666666 0.14166666666666666
6 0.49114583333333334 0.5944444444444444 0.042708333333333334 0.10092592592592593
2 0.6911458333333333 0.5296296296296297 0.09322916666666667 0.18611111111111112
6 0.9322916666666666 0.524074074074074 0.06927083333333334 0.17222222222222222
