3 0.4114583333333333 0.4703703703703704 0.121875 0.2361111111111111
1 0.3802083333333333 0.1648148148148148 0.1 0.20833333333333334
6 0.46041666666666664 0.9481481481481482 0.04895833333333333 0.08981481481481482
3 0.5401041666666667 0.6148148148148148 0.1 0.13518518518518519
3 0.5880208333333333 0.575 0.04739583333333333 0.10833333333333334
0 0.8411458333333334 0.7564814814814815 0.0875 0.24166666666666667
2 0.4822916666666667 0.4287037037037037 0.0859375 0.09722222222222222
6 0.46770833333333334 0.06851851851851852 0.15833333333333333 0.2814814814814815
6 0.43854166666666666 0.3111111111111111 0.1296875 0.21851851851851853
6 0.47760416666666666 0.27685185185185185 0.103125 0.12962962962962962
3 0.41354166666666664 0.6166666666666667 0.0453125 0.08703703703703704
4 0.1078125 0.6046296296296296 0.07864583333333333 0.18981481481481483
