1 0.8088541666666667 0.8444444444444444 0.1328125 0.26481481481481484
3 0.9 0.5703703703703704 0.071875 0.11203703703703703
6 0.6046875 0.6925925925925925 0.084375 0.15092592592592594
2 0.5213541666666667 0.7314814814814815 0.0859375 0.17962962962962964
3 0.6963541666666667 0.6527777777777778 0.0828125 0.16944444444444445
6 0.7572916666666667 0.5879629629629629 0.10520833333333333 0.23333333333333334
6 0.7942708333333334 0.7296296296296296 0.14791666666666667 0.26851851851851855
6 0.80625 0.6805555555555556 0.10364583333333334 0.24259259259259258
1 0.7505208333333333 0.9120370370370371 0.057291666666666664 0.11944444444444445
5 0.7604166666666666 0.36574074074074076 0.14270833333333333 0.4351851851851852
2 0.7807291666666667 0.9435185185185185 0.0734375 0.10833333333333334
4 0.48489583333333336 0.46296296296296297 0.071875 0.1824074074074074
