1 0.353125 0.3861111111111111 0.09947916666666666 0.1685185185185185
6 0.3234375 0.4074074074074074 0.11354166666666667 0.2351851851851852
6 0.21770833333333334 0.6657407407407407 0.042708333333333334 0.08425925925925926
4 0.040625 0.812037037037037 0.08541666666666667 0.19814814814814816
6 0.36822916666666666 0.44814814814814813 0.15052083333333333 0.2675925925925926
2 0.12395833333333334 0.3175925925925926 0.09375 0.16111111111111112
5 0.7510416666666667 0.2064814814814815 0.14947916666666666 0.4462962962962963
3 0.3984375 0.35648148148148145 0.06354166666666666 0.08611111111111111
4 0.04479166666666667 0.06944444444444445 0.08020833333333334 0.19166666666666668
2 0.2765625 0.5879629629629629 0.07916666666666666 0.1037037037037037
6 0.22447916666666667 0.837037037037037 0.15208333333333332 0.3
6 0.275 0.21203703703703702 0.11302083333333333 0.1824074074074074
