6 0.5973958333333333 0.6259259259259259 0.13385416666666666 0.2212962962962963
6 0.4640625 0.23148148148148148 0.15833333333333333 0.16296296296296298
6 0.7 0.1037037037037037 0.0734375 0.21296296296296297
2 0.5567708333333333 0.5120370370370371 0.0859375 0.11851851851851852
1 0.621875 0.4444444444444444 0.121875 0.2611111111111111
6 0.5427083333333333 0.06111111111111111 0.11770833333333333 0.18055555555555555
2 0.7338541666666667 0.42685185185185187 0.06770833333333333 0.09814814814814815
2 0.6947916666666667 0.2861111111111111 0.13645833333333332 0.20925925925925926
0 0.8171875 0.03518518518518519 0.17708333333333334 0.44351851851851853
2 0.7520833333333333 0.525 0.1109375 0.175
