6 0.46770833333333334 0.8138888888888889 0.07291666666666667 0.15
4 0.3171875 0.6324074074074074 0.0609375 0.15185185185185185
6 0.4859375 0.6768518518518518 0.1015625 0.23981481481481481
0 0.19947916666666668 0.9657407407407408 0.19739583333333333 0.49166666666666664
2 0.7020833333333333 0.4935185185185185 0.09947916666666666 0.15833333333333333
2 0.3697916666666667 0.5944444444444444 0.06458333333333334 0.08518518518518518
3 0.5625 0.35185185185185186 0.04635416666666667 0.07592592592592592
4 0.27395833333333336 0.3814814814814815 0.1171875 0.1675925925925926
1 0.34739583333333335 0.29259259259259257 0.07395833333333333 0.15
6 0.5510416666666667 0.30092592592592593 0.058854166666666666 0.09814814814814815
6 0.3927083333333333 0.7759259259259259 0.1125 0.18518518518518517
6 0.43333333333333335 0.625 0.049479166666666664 0.06666666666666667
