3 0.7864583333333334 0.337037037037037 0.0984375 0.18888888888888888
6 0.46770833333333334 0.7398148148148148 0.052083333333333336 0.1287037037037037
7 0.3140625 0.5842592592592593 0.10052083333333334 0.14629629629629629
7 0.7645833333333333 0.4111111111111111 0.09895833333333333 0.21666666666666667
3 0.3875 0.14166666666666666 0.07708333333333334 0.11296296296296296
6 0.303125 0.7296296296296296 0.12760416666666666 0.2
1 0.6890625 0.41388888888888886 0.09427083333333333 0.16296296296296298
4 0.31979166666666664 0.962037037037037 0.06875 0.16203703703703703
2 0.4703125 0.6777777777777778 0.1453125 0.25
4 0.98125 0.5879629629629629 0.078125 0.17314814814814813
