6 0.7885416666666667 0.6194444444444445 0.13489583333333333 0.25925925925925924
6 0.7942708333333334 0.8888888888888888 0.09479166666666666 0.1638888888888889
1 0.8567708333333334 0.7666666666666667 0.11145833333333334 0.287962962962963
6 0.9229166666666667 0.5805555555555556 0.1734375 0.28425925925925927
1 0.8442708333333333 0.674074074074074 0.13177083333333334 0.2796296296296296
1 0.7734375 0.5648148148148148 0.11666666666666667 0.19907407407407407
4 0.65 0.5712962962962963 0.09375 0.1574074074074074
5 0.9385416666666667 0.15462962962962962 0.11510416666666666 0.32685185185185184
1 0.7348958333333333 0.2657407407407407 0.08333333333333333 0.1527777777777778
3 0.6963541666666667 0.20555555555555555 0.058854166666666666 0.18333333333333332
