6 0.2234375 0.4027777777777778 0.15416666666666667 0.24166666666666667
6 0.3328125 0.7175925925925926 0.1484375 0.25
6 0.27447916666666666 0.7111111111111111 0.08645833333333333 0.16203703703703703
6 0.43802083333333336 0.24814814814814815 0.0734375 0.1259259259259259
6 0.578125 0.5472222222222223 0.10677083333333333 0.17592592592592593
3 0.22760416666666666 0.45185185185185184 0.04583333333333333 0.07592592592592592
3 0.47604166666666664 0.49722222222222223 0.05572916666666667 0.1388888888888889
1 0.36875 0.6342592592592593 0.08697916666666666 0.2212962962962963
7 0.21510416666666668 0.9398148148148148 0.0984375 0.22314814814814815
4 0.9598958333333333 0.05555555555555555 0.10572916666666667 0.2
2 0.35885416666666664 0.5824074074074074 0.09427083333333333 0.20833333333333334
4 0.18541666666666667 0.8555555555555555 0.09583333333333334 0.21574074074074073
2 0.3692708333333333 0.18796296296296297 0.10572916666666667 0.16944444444444445
