7 0.8817708333333333 0.44814814814814813 0.1265625 0.21296296296296297
3 0.4 0.44166666666666665 0.035416666666666666 0.08148148148148149
2 0.4921875 0.3574074074074074 0.07395833333333333 0.11944444444444445
6 0.6083333333333333 0.41388888888888886 0.13072916666666667 0.21203703703703702
4 0.66875 0.023148148148148147 0.09791666666666667 0.19907407407407407
6 0.7536458333333333 0.6787037037037037 0.1421875 0.24722222222222223
1 0.7416666666666667 0.44074074074074077 0.07916666666666666 0.19074074074074074
1 0.6635416666666667 0.1037037037037037 0.07552083333333333 0.13333333333333333
6 0.5666666666666667 0.48055555555555557 0.14375 0.26481481481481484
2 0.41041666666666665 0.5935185185185186 0.0453125 0.09537037037037037
4 0.778125 0.5787037037037037 0.07135416666666666 0.12777777777777777
