7 0.6640625 0.09907407407407408 0.08854166666666667 0.16574074074074074
6 0.9869791666666666 0.6324074074074074 0.1078125 0.2564814814814815
3 0.7078125 0.41388888888888886 0.07552083333333333 0.15925925925925927
2 0.8020833333333334 0.7888888888888889 0.07083333333333333 0.1175925925925926
2 0.675 0.39444444444444443 0.09583333333333334 0.15185185185185185
4 0.56875 0.5851851851851851 0.06510416666666667 0.21944444444444444
2 0.8135416666666667 0.32314814814814813 0.06510416666666667 0.1425925925925926
6 0.9098958333333333 0.39814814814814814 0.12447916666666667 0.2064814814814815
6 0.8729166666666667 0.7842592592592592 0.10520833333333333 0.17222222222222222
4 0.8682291666666667 0.26481481481481484 0.0984375 0.22592592592592592
