2 0.6541666666666667 0.7055555555555556 0.11197916666666667 0.17685185185185184
7 0.5536458333333333 0.020370370370370372 0.084375 0.16944444444444445
4 0.0203125 0.23796296296296296 0.05364583333333333 0.18333333333333332
1 0.8255208333333334 0.5666666666666667 0.103125 0.20462962962962963
3 0.9755208333333333 0.5537037037037037 0.04479166666666667 0.0824074074074074
4 0.39947916666666666 0.3333333333333333 0.053125 0.18055555555555555
2 0.8338541666666667 0.5259259259259259 0.08854166666666667 0.14814814814814814
3 0.9546875 0.6481481481481481 0.053125 0.10740740740740741
0 0.34427083333333336 0.5740740740740741 0.10989583333333333 0.2574074074074074
6 0.9385416666666667 0.27037037037037037 0.08854166666666667 0.14444444444444443
1 0.984375 0.36574074074074076 0.09166666666666666 0.2064814814814815
