2 0.6369791666666667 0.43703703703703706 0.09739583333333333 0.15
7 0.9104166666666667 0.6777777777777778 0.11354166666666667 0.21574074074074073
4 0.8520833333333333 0.862037037037037 0.06510416666666667 0.1824074074074074
6 0.3859375 0.6037037037037037 0.09114583333333333 0.18611111111111112
3 0.5494791666666666 0.774074074074074 0.11354166666666667 0.16018518518518518
6 0.5041666666666667 0.6620370370370371 0.05520833333333333 0.11203703703703703
4 0.004166666666666667 0.10740740740740741 0.08333333333333333 0.1712962962962963
6 0.5161458333333333 0.5888888888888889 0.11770833333333333 0.2074074074074074
7 0.34479166666666666 0.058333333333333334 0.078125 0.14537037037037037
1 0.42291666666666666 0.5370370370370371 0.11302083333333333 0.21481481481481482
6 0.2625 0.9231481481481482 0.16875 0.22037037037037038
