3 0.6114583333333333 0.5805555555555556 0.0796875 0.09444444444444444
1 0.35 0.5592592592592592 0.0734375 0.1425925925925926
5 0.428125 0.037037037037037035 0.11770833333333333 0.29259259259259257
3 0.58125 0.37777777777777777 0.065625 0.09351851851851851
4 0.9395833333333333 0.2861111111111111 0.08125 0.20555555555555555
6 0.4708333333333333 0.6055555555555555 0.1296875 0.25462962962962965
1 0.28125 0.44907407407407407 0.1109375 0.18518518518518517
4 0.6307291666666667 0.3416666666666667 0.09010416666666667 0.19814814814814816
2 0.5588541666666667 0.6083333333333333 0.12864583333333332 0.22685185185185186
2 0.8010416666666667 0.6 0.10104166666666667 0.21574074074074073
6 0.5729166666666666 0.6916666666666667 0.17604166666666668 0.30648148148148147
3 0.5078125 0.6277777777777778 0.07916666666666666 0.20185185185185187
2 0.44635416666666666 0.8157407407407408 0.10625 0.17222222222222222
