1 0.5010416666666667 0.549074074074074 0.0703125 0.13425925925925927
4 0.29739583333333336 0.3398148148148148 0.057291666666666664 0.18055555555555555
2 0.3375 0.4666666666666667 0.13802083333333334 0.2388888888888889
3 0.34322916666666664 0.5990740740740741 0.12239583333333333 0.14537037037037037
1 0.47604166666666664 0.5296296296296297 0.071875 0.15
2 0.39427083333333335 0.7212962962962963 0.0859375 0.15555555555555556
0 0.715625 0.5944444444444444 0.18177083333333333 0.5462962962962963
1 0.5 0.3527777777777778 0.128125 0.2712962962962963
4 0.6052083333333333 0.8777777777777778 0.07916666666666666 0.19907407407407407
1 0.49947916666666664 0.35185185185185186 0.10104166666666667 0.22037037037037038
2 0.33697916666666666 0.7240740740740741 0.07708333333333334 0.12777777777777777
