1 0.3703125 0.10555555555555556 0.12916666666666668 0.2361111111111111
1 0.23854166666666668 0.43425925925925923 0.11822916666666666 0.2490740740740741
2 0.3645833333333333 0.2111111111111111 0.08125 0.14444444444444443
4 0.4140625 0.8675925925925926 0.07864583333333333 0.175
7 0.41041666666666665 0.9731481481481481 0.09375 0.15925925925925927
1 0.4203125 0.1537037037037037 0.1421875 0.28703703703703703
0 0.928125 0.7333333333333333 0.19635416666666666 0.4685185185185185
2 0.3140625 0.6907407407407408 0.06458333333333334 0.1287037037037037
1 0.18854166666666666 0.2611111111111111 0.14010416666666667 0.2462962962962963
4 0.27447916666666666 0.8851851851851852 0.0859375 0.2037037037037037
3 0.625 0.48333333333333334 0.0734375 0.1287037037037037
