6 0.55 0.4203703703703704 0.12604166666666666 0.19722222222222222
3 0.5130208333333334 0.08703703703703704 0.07447916666666667 0.11203703703703703
4 0.6864583333333333 0.3148148148148148 0.08541666666666667 0.1787037037037037
1 0.5161458333333333 0.8361111111111111 0.10364583333333334 0.21203703703703702
6 0.6005208333333333 0.4685185185185185 0.15677083333333333 0.22592592592592592
4 0.6989583333333333 0.9453703703703704 0.0625 0.16018518518518518
1 0.434375 0.17314814814814813 0.12604166666666666 0.25
6 0.565625 0.3296296296296296 0.13072916666666667 0.17962962962962964
2 0.4739583333333333 0.5685185185185185 0.04635416666666667 0.08518518518518518
6 0.628125 0.4962962962962963 0.09322916666666667 0.1925925925925926
2 0.5760416666666667 0.10648148148148148 0.09114583333333333 0.14166666666666666
6 0.46927083333333336 0.2972222222222222 0.13541666666666666 0.27870370370370373
