3 0.5416666666666666 0.35462962962962963 0.033854166666666664 0.08518518518518518
6 0.50625 0.3314814814814815 0.115625 0.25092592592592594
6 0.11979166666666667 0.3074074074074074 0.071875 0.12685185185185185
3 0.5489583333333333 0.29074074074074074 0.04010416666666667 0.09074074074074075
7 0.071875 0.6907407407407408 0.075 0.2111111111111111
4 0.2520833333333333 0.19537037037037036 0.05625 0.16018518518518518
6 0.28020833333333334 0.5305555555555556 0.1703125 0.25555555555555554
6 0.43854166666666666 0.42314814814814816 0.16979166666666667 0.2935185185185185
6 0.5291666666666667 0.07037037037037037 0.10989583333333333 0.17685185185185184
5 0.4671875 0.27314814814814814 0.17135416666666667 0.3824074074074074
6 0.48385416666666664 0.15 0.090625 0.12685185185185185
1 0.3703125 0.29074074074074074 0.059895833333333336 0.16944444444444445
4 0.20677083333333332 0.12685185185185185 0.07291666666666667 0.14166666666666666
7 0.17916666666666667 0.7277777777777777 0.109375 0.1527777777777778
