2 0.8864583333333333 0.562037037037037 0.10833333333333334 0.19444444444444445
2 0.778125 0.3685185185185185 0.09166666666666666 0.16018518518518518
6 0.7911458333333333 0.3425925925925926 0.11927083333333334 0.21203703703703702
1 0.6177083333333333 0.12037037037037036 0.08385416666666666 0.14074074074074075
3 0.7890625 0.4666666666666667 0.08177083333333333 0.14537037037037037
6 0.58125 0.48333333333333334 0.10989583333333333 0.19166666666666668
5 0.8067708333333333 0.9787037037037037 0.1375 0.3972222222222222
4 0.3328125 0.0787037037037037 0.05572916666666667 0.18055555555555555
1 0.9088541666666666 0.7138888888888889 0.07552083333333333 0.20555555555555555
1 0.6421875 0.31851851851851853 0.096875 0.2064814814814815
4 0.3536458333333333 0.013888888888888888 0.06197916666666667 0.18796296296296297
6 0.9411458333333333 0.5851851851851851 0.13125 0.2351851851851852
