6 0.23072916666666668 0.45092592592592595 0.07760416666666667 0.13796296296296295
1 0.3 0.6453703703703704 0.13854166666666667 0.2851851851851852
3 0.3026041666666667 0.7564814814814815 0.06822916666666666 0.16296296296296298
6 0.46770833333333334 0.8018518518518518 0.08541666666666667 0.13425925925925927
6 0.2755208333333333 0.6314814814814815 0.10729166666666666 0.19537037037037036
2 0.46145833333333336 0.5296296296296297 0.08229166666666667 0.11481481481481481
4 0.4953125 0.7777777777777778 0.057291666666666664 0.16296296296296298
2 0.33489583333333334 0.2898148148148148 0.10885416666666667 0.1787037037037037
2 0.42239583333333336 0.4083333333333333 0.0578125 0.11203703703703703
1 0.5807291666666666 0.6240740740740741 0.12708333333333333 0.26481481481481484
3 0.33645833333333336 0.6185185185185185 0.07291666666666667 0.12777777777777777
