6 0.6479166666666667 0.34629629629629627 0.1078125 0.19166666666666668
7 0.5458333333333333 0.40185185185185185 0.0828125 0.1824074074074074
0 0.8614583333333333 0.1824074074074074 0.203125 0.5333333333333333
6 0.6375 0.18888888888888888 0.0859375 0.23055555555555557
6 0.5083333333333333 0.2101851851851852 0.16458333333333333 0.2518518518518518
1 0.5890625 0.04351851851851852 0.06458333333333334 0.13518518518518519
6 0.6927083333333334 0.32222222222222224 0.09427083333333333 0.18703703703703703
6 0.5807291666666666 0.5027777777777778 0.115625 0.20462962962962963
6 0.5833333333333334 0.5074074074074074 0.10052083333333334 0.1814814814814815
4 0.8010416666666667 0.1824074074074074 0.0515625 0.1962962962962963
4 0.4713541666666667 0.3111111111111111 0.1015625 0.17222222222222222
