3 0.434375 0.8231481481481482 0.12604166666666666 0.2175925925925926
2 0.5119791666666667 0.7333333333333333 0.05625 0.12777777777777777
4 0.32708333333333334 0.29907407407407405 0.10625 0.18981481481481483
6 0.7197916666666667 0.5953703703703703 0.11354166666666667 0.1925925925925926
7 0.5302083333333333 0.11574074074074074 0.07864583333333333 0.1787037037037037
6 0.4041666666666667 0.8074074074074075 0.08802083333333334 0.18055555555555555
4 0.7536458333333333 0.08888888888888889 0.06666666666666667 0.16111111111111112
7 0.684375 0.13240740740740742 0.08177083333333333 0.21388888888888888
6 0.7078125 0.6101851851851852 0.1265625 0.1824074074074074
2 0.39895833333333336 0.9611111111111111 0.10989583333333333 0.1675925925925926
