1 0.6541666666666667 0.5555555555555556 0.07552083333333333 0.15
2 0.5890625 0.7981481481481482 0.08541666666666667 0.17222222222222222
3 0.6046875 0.49537037037037035 0.058333333333333334 0.12129629629629629
7 0.884375 0.875 0.09791666666666667 0.2222222222222222
0 0.45364583333333336 0.18703703703703703 0.1515625 0.5537037037037037
3 0.5916666666666667 0.4703703703703704 0.05625 0.06944444444444445
1 0.596875 0.562962962962963 0.07916666666666666 0.14814814814814814
4 0.43802083333333336 0.009259259259259259 0.08541666666666667 0.21944444444444444
6 0.4947916666666667 0.4675925925925926 0.08645833333333333 0.1398148148148148
2 0.5864583333333333 0.49166666666666664 0.0640625 0.10740740740740741
4 0.9510416666666667 0.7222222222222222 0.06666666666666667 0.17777777777777778
