4 0.6651041666666667 0.6555555555555556 0.07135416666666666 0.14351851851851852
3 0.6395833333333333 0.4527777777777778 0.096875 0.1638888888888889
1 0.4739583333333333 0.3675925925925926 0.050520833333333334 0.10833333333333334
3 0.5963541666666666 0.021296296296296296 0.04479166666666667 0.09907407407407408
6 0.5885416666666666 0.23148148148148148 0.13697916666666668 0.1925925925925926
2 0.5072916666666667 0.4527777777777778 0.06510416666666667 0.10185185185185185
2 0.4427083333333333 0.39444444444444443 0.13645833333333332 0.25277777777777777
6 0.4427083333333333 0.11944444444444445 0.05260416666666667 0.1361111111111111
4 0.7973958333333333 0.562962962962963 0.0421875 0.1648148148148148
0 0.375 0.9388888888888889 0.10520833333333333 0.24074074074074073
6 0.54375 0.040740740740740744 0.13802083333333334 0.23425925925925925
2 0.6317708333333333 0.2490740740740741 0.12291666666666666 0.20277777777777778
