6 0.34322916666666664 0.9175925925925926 0.14583333333333334 0.27870370370370373
2 0.3880208333333333 0.6907407407407408 0.12239583333333333 0.2037037037037037
6 0.20104166666666667 0.8277777777777777 0.103125 0.16111111111111112
4 0.15729166666666666 0.812962962962963 0.075 0.17222222222222222
4 0.428125 0.9657407407407408 0.1125 0.1935185185185185
6 0.23385416666666667 0.5537037037037037 0.14479166666666668 0.2037037037037037
6 0.3645833333333333 0.7231481481481481 0.09895833333333333 0.12685185185185185
2 0.5447916666666667 0.5120370370370371 0.1421875 0.23703703703703705
5 0.5859375 0.8324074074074074 0.1515625 0.4324074074074074
1 0.2947916666666667 0.9898148148148148 0.08333333333333333 0.15833333333333333
6 0.40572916666666664 0.7027777777777777 0.10364583333333334 0.16296296296296298
6 0.2640625 0.7888888888888889 0.11041666666666666 0.18611111111111112
3 0.34791666666666665 0.512962962962963 0.06302083333333333 0.13148148148148148
