4 0.24479166666666666 0.7444444444444445 0.090625 0.20555555555555555
3 0.6619791666666667 0.5731481481481482 0.08229166666666667 0.1925925925925926
4 0.7911458333333333 0.2518518518518518 0.08333333333333333 0.21481481481481482
3 0.7776041666666667 0.8731481481481481 0.049479166666666664 0.12777777777777777
7 0.33125 0.6898148148148148 0.084375 0.14351851851851852
1 0.6369791666666667 0.6453703703703704 0.10416666666666667 0.21203703703703702
6 0.603125 0.6796296296296296 0.08645833333333333 0.12222222222222222
6 0.6067708333333334 0.29907407407407405 0.11822916666666666 0.23055555555555557
3 0.45416666666666666 0.18981481481481483 0.05520833333333333 0.15648148148148147
7 0.6140625 0.850925925925926 0.07708333333333334 0.14444444444444443
