1 0.7135416666666666 0.47685185185185186 0.11145833333333334 0.25462962962962965
6 0.6994791666666667 0.32407407407407407 0.12552083333333333 0.2361111111111111
4 0.7734375 0.6592592592592592 0.08854166666666667 0.2064814814814815
7 0.7885416666666667 0.7083333333333334 0.07395833333333333 0.2564814814814815
1 0.7598958333333333 0.30092592592592593 0.08020833333333334 0.24259259259259258
2 0.7447916666666666 0.25462962962962965 0.09114583333333333 0.1425925925925926
2 0.8145833333333333 0.4703703703703704 0.08020833333333334 0.12222222222222222
4 0.025 0.3296296296296296 0.09583333333333334 0.22314814814814815
3 0.7145833333333333 0.3768518518518518 0.0921875 0.15092592592592594
7 0.6151041666666667 0.34074074074074073 0.10104166666666667 0.19537037037037036
6 0.7697916666666667 0.42314814814814816 0.05677083333333333 0.18888888888888888
