3 0.321875 0.9398148148148148 0.09583333333333334 0.19166666666666668
7 0.7130208333333333 0.3388888888888889 0.06822916666666666 0.1638888888888889
6 0.4890625 0.6694444444444444 0.11614583333333334 0.14629629629629629
6 0.5098958333333333 0.3972222222222222 0.07760416666666667 0.09444444444444444
6 0.43072916666666666 0.6092592592592593 0.065625 0.09444444444444444
3 0.59375 0.5888888888888889 0.06354166666666666 0.10648148148148148
7 0.7286458333333333 0.787962962962963 0.1 0.24814814814814815
4 0.9520833333333333 0.03425925925925926 0.075 0.19814814814814816
4 0.45989583333333334 0.2851851851851852 0.09322916666666667 0.1935185185185185
2 0.39895833333333336 0.787962962962963 0.08333333333333333 0.1111111111111111
2 0.20208333333333334 0.49074074074074076 0.07395833333333333 0.11296296296296296
1 0.30052083333333335 0.5898148148148148 0.0984375 0.21296296296296297
