2 0.2984375 0.5842592592592593 0.071875 0.11018518518518519
6 0.2609375 0.6935185185185185 0.09635416666666667 0.15
6 0.35625 0.6148148148148148 0.08125 0.13796296296296295
4 0.5760416666666667 0.7296296296296296 0.09322916666666667 0.15
7 0.9552083333333333 0.5777777777777777 0.059375 0.2175925925925926
6 0.21510416666666668 0.65 0.08697916666666666 0.1638888888888889
0 0.275 0.6453703703703704 0.16458333333333333 0.4009259259259259
4 0.49583333333333335 0.05555555555555555 0.06614583333333333 0.1712962962962963
2 0.3109375 0.18055555555555555 0.10989583333333333 0.23703703703703705
6 0.19427083333333334 0.7675925925925926 0.0921875 0.16203703703703703
6 0.32395833333333335 0.45740740740740743 0.11510416666666666 0.17592592592592593
6 0.5265625 0.637962962962963 0.13020833333333334 0.23148148148148148
3 0.33229166666666665 0.48055555555555557 0.07291666666666667 0.12962962962962962
6 0.321875 0.5203703703703704 0.06197916666666667 0.10833333333333334
