3 0.6260416666666667 0.4083333333333333 0.08072916666666667 0.175
2 0.44479166666666664 0.6055555555555555 0.1265625 0.18981481481481483
2 0.4510416666666667 0.562037037037037 0.1171875 0.16018518518518518
6 0.46041666666666664 0.12962962962962962 0.071875 0.12962962962962962
0 0.46927083333333336 0.4425925925925926 0.12291666666666666 0.44537037037037036
6 0.33489583333333334 0.062037037037037036 0.13541666666666666 0.20833333333333334
6 0.6130208333333333 0.15925925925925927 0.115625 0.18796296296296297
1 0.4640625 0.5888888888888889 0.14322916666666666 0.25092592592592594
6 0.5453125 0.39814814814814814 0.0953125 0.27314814814814814
1 0.6119791666666666 0.537962962962963 0.09635416666666667 0.1787037037037037
6 0.6588541666666666 0.4787037037037037 0.1640625 0.275
