6 0.8979166666666667 0.34074074074074073 0.11979166666666667 0.24814814814814815
4 0.22916666666666666 0.45092592592592595 0.0796875 0.1787037037037037
1 0.7697916666666667 0.1638888888888889 0.09635416666666667 0.17407407407407408
7 0.8546875 0.487962962962963 0.08697916666666666 0.18518518518518517
2 0.7447916666666666 0.13333333333333333 0.06510416666666667 0.10277777777777777
1 0.696875 0.12777777777777777 0.0875 0.1814814814814815
3 0.8364583333333333 0.1824074074074074 0.04895833333333333 0.09351851851851851
7 0.3697916666666667 0.18055555555555555 0.057291666666666664 0.14722222222222223
6 0.6520833333333333 0.5111111111111111 0.11458333333333333 0.22962962962962963
6 0.5322916666666667 0.32037037037037036 0.04375 0.08333333333333333
1 0.6854166666666667 0.31851851851851853 0.04583333333333333 0.13148148148148148
3 0.8098958333333334 0.28703703703703703 0.0609375 0.11296296296296296
6 0.7239583333333334 0.27685185185185185 0.11510416666666666 0.2037037037037037
4 0.7911458333333333 0.7314814814814815 0.10625 0.19814814814814816
