4 0.17708333333333334 0.9027777777777778 0.0734375 0.18518518518518517
4 0.5479166666666667 0.7157407407407408 0.10625 0.18703703703703703
3 0.3078125 0.6907407407407408 0.04635416666666667 0.08425925925925926
5 0.20677083333333332 0.09722222222222222 0.18333333333333332 0.4324074074074074
6 0.559375 0.6287037037037037 0.09427083333333333 0.1425925925925926
3 0.725 0.4324074074074074 0.07447916666666667 0.17314814814814813
7 0.07395833333333333 0.7064814814814815 0.09270833333333334 0.30092592592592593
6 0.5921875 0.47129629629629627 0.13802083333333334 0.25277777777777777
2 0.44427083333333334 0.6518518518518519 0.07916666666666666 0.12129629629629629
7 0.036458333333333336 0.5398148148148149 0.05677083333333333 0.23703703703703705
1 0.4635416666666667 0.3824074074074074 0.11979166666666667 0.24351851851851852
2 0.6239583333333333 0.49166666666666664 0.1015625 0.1648148148148148
1 0.3963541666666667 0.8240740740740741 0.10052083333333334 0.17592592592592593
6 0.5171875 0.850925925925926 0.09322916666666667 0.14351851851851852
