6 0.30885416666666665 0.487962962962963 0.11979166666666667 0.23796296296296296
3 0.19010416666666666 0.7592592592592593 0.090625 0.18796296296296297
0 0.18385416666666668 0.6027777777777777 0.0875 0.2462962962962963
4 0.22916666666666666 0.537962962962963 0.0671875 0.1814814814814815
7 0.40625 0.9814814814814815 0.07604166666666666 0.1287037037037037
2 0.25625 0.6898148148148148 0.1 0.1648148148148148
6 0.34427083333333336 0.9722222222222222 0.06875 0.13148148148148148
1 0.31614583333333335 0.5101851851851852 0.06822916666666666 0.13240740740740742
7 0.1328125 0.2222222222222222 0.0671875 0.22870370370370371
1 0.22291666666666668 0.6675925925925926 0.1390625 0.25462962962962965
1 0.5052083333333334 0.6694444444444444 0.06927083333333334 0.13333333333333333
4 0.3421875 0.012962962962962963 0.075 0.18518518518518517
