2 0.3885416666666667 0.5175925925925926 0.06354166666666666 0.09259259259259259
1 0.175 0.2962962962962963 0.1359375 0.28055555555555556
2 0.5098958333333333 0.36203703703703705 0.1109375 0.17962962962962964
2 0.45364583333333336 0.5898148148148148 0.09791666666666667 0.2351851851851852
3 0.4890625 0.6666666666666666 0.034375 0.09166666666666666
2 0.34322916666666664 0.7444444444444445 0.06354166666666666 0.12685185185185185
3 0.42239583333333336 0.31851851851851853 0.08802083333333334 0.2
6 0.575 0.5148148148148148 0.09166666666666666 0.2111111111111111
1 0.4979166666666667 0.5518518518518518 0.13020833333333334 0.2212962962962963
7 0.94375 0.19537037037037036 0.07239583333333334 0.2212962962962963
4 0.07916666666666666 0.4564814814814815 0.09166666666666666 0.1675925925925926
4 0.703125 0.5842592592592593 0.08020833333333334 0.1574074074074074
1 0.49635416666666665 0.6657407407407407 0.09114583333333333 0.17685185185185184
