5 0.0765625 0.2777777777777778 0.1 0.30925925925925923
2 0.4791666666666667 0.3425925925925926 0.08125 0.13240740740740742
6 0.659375 0.5361111111111111 0.11354166666666667 0.1638888888888889
6 0.4791666666666667 0.9101851851851852 0.0921875 0.10925925925925926
1 0.6916666666666667 0.5416666666666666 0.13645833333333332 0.2953703703703704
3 0.3880208333333333 0.8611111111111112 0.04114583333333333 0.08611111111111111
2 0.5848958333333333 0.6092592592592593 0.09166666666666666 0.14814814814814814
4 0.44583333333333336 0.9990740740740741 0.078125 0.1962962962962963
4 0.19375 0.337037037037037 0.1015625 0.16944444444444445
7 0.8442708333333333 0.20833333333333334 0.09114583333333333 0.20277777777777778
