3 0.2734375 0.4666666666666667 0.11302083333333333 0.13055555555555556
7 0.6927083333333334 0.5046296296296297 0.08020833333333334 0.13703703703703704
7 0.028125 0.1638888888888889 0.12760416666666666 0.2074074074074074
4 0.2765625 0.3824074074074074 0.08177083333333333 0.20462962962962963
2 0.36875 0.3111111111111111 0.06041666666666667 0.06944444444444445
3 0.3182291666666667 0.4462962962962963 0.071875 0.15092592592592594
3 0.5546875 0.5740740740740741 0.058854166666666666 0.1287037037037037
3 0.25729166666666664 0.8407407407407408 0.10416666666666667 0.21203703703703702
6 0.5973958333333333 0.6166666666666667 0.08125 0.1398148148148148
6 0.25729166666666664 0.8962962962962963 0.09479166666666666 0.1685185185185185
4 0.9197916666666667 0.10462962962962963 0.0859375 0.14814814814814814
6 0.44947916666666665 0.25925925925925924 0.0734375 0.11944444444444445
6 0.37552083333333336 0.6064814814814815 0.0875 0.2388888888888889
