2 0.13489583333333333 0.6592592592592592 0.06979166666666667 0.1361111111111111
2 0.30833333333333335 0.49722222222222223 0.06770833333333333 0.1259259259259259
1 0.1015625 0.4861111111111111 0.09583333333333334 0.2074074074074074
1 0.40989583333333335 0.8398148148148148 0.07552083333333333 0.1962962962962963
1 0.3619791666666667 0.5787037037037037 0.07604166666666666 0.15092592592592594
4 0.875 0.2212962962962963 0.09375 0.18055555555555555
4 0.6385416666666667 0.35648148148148145 0.09322916666666667 0.1787037037037037
1 0.4114583333333333 0.8564814814814815 0.07708333333333334 0.17314814814814813
3 0.296875 0.28055555555555556 0.09791666666666667 0.21203703703703702
7 0.18020833333333333 0.21388888888888888 0.07864583333333333 0.13425925925925927
