6 0.20833333333333334 0.45740740740740743 0.04895833333333333 0.12962962962962962
2 0.09895833333333333 0.36666666666666664 0.10833333333333334 0.13703703703703704
6 0.3265625 0.43703703703703706 0.090625 0.08703703703703704
7 0.628125 0.7296296296296296 0.0609375 0.1648148148148148
2 0.0984375 0.5101851851851852 0.09114583333333333 0.16203703703703703
4 0.07708333333333334 0.7916666666666666 0.07447916666666667 0.2
6 0.2994791666666667 0.2833333333333333 0.1484375 0.25
1 0.24375 0.6953703703703704 0.08958333333333333 0.21296296296296297
4 0.21979166666666666 0.35 0.09322916666666667 0.13333333333333333
1 0.20625 0.9305555555555556 0.0578125 0.11203703703703703
1 0.1 0.9074074074074074 0.052083333333333336 0.0962962962962963
6 0.12447916666666667 0.412962962962963 0.08229166666666667 0.15555555555555556
