6 0.6203125 0.11296296296296296 0.07604166666666666 0.2101851851851852
2 0.5385416666666667 0.7462962962962963 0.0671875 0.12314814814814815
6 0.4973958333333333 0.7240740740740741 0.07135416666666666 0.12777777777777777
6 0.6671875 0.7453703703703703 0.0640625 0.1175925925925926
1 0.565625 0.5175925925925926 0.06510416666666667 0.14814814814814814
1 0.5833333333333334 0.6018518518518519 0.07135416666666666 0.14907407407407408
4 0.3109375 0.4601851851851852 0.071875 0.13425925925925927
6 0.6744791666666666 0.7546296296296297 0.08229166666666667 0.1287037037037037
1 0.6604166666666667 0.3731481481481482 0.0890625 0.21481481481481482
3 0.5229166666666667 0.36944444444444446 0.0796875 0.1527777777777778
3 0.4864583333333333 0.6981481481481482 0.06458333333333334 0.13425925925925927
0 0.6260416666666667 0.4842592592592593 0.14635416666666667 0.5453703703703704
