1 0.6192708333333333 0.6370370370370371 0.11458333333333333 0.23981481481481481
0 0.8854166666666666 0.31296296296296294 0.10260416666666666 0.3972222222222222
6 0.5536458333333333 0.5944444444444444 0.0421875 0.0824074074074074
4 0.9598958333333333 0.7388888888888889 0.06875 0.17407407407407408
6 0.6791666666666667 0.6907407407407408 0.0703125 0.09907407407407408
3 0.6765625 0.637962962962963 0.059895833333333336 0.10833333333333334
7 0.7 0.8611111111111112 0.0828125 0.15185185185185185
4 0.45416666666666666 0.058333333333333334 0.0796875 0.2074074074074074
2 0.7421875 0.6777777777777778 0.05572916666666667 0.13055555555555556
6 0.6921875 0.5462962962962963 0.1078125 0.24814814814814815
