6 0.5239583333333333 0.08148148148148149 0.06354166666666666 0.14351851851851852
1 0.5026041666666666 0.2740740740740741 0.10052083333333334 0.2037037037037037
6 0.6651041666666667 0.1537037037037037 0.09427083333333333 0.19722222222222222
4 0.815625 0.005555555555555556 0.07291666666666667 0.17685185185185184
1 0.53125 0.11296296296296296 0.11822916666666666 0.225
6 0.4322916666666667 0.5074074074074074 0.09270833333333334 0.15555555555555556
0 0.4354166666666667 0.32685185185185184 0.14479166666666668 0.4777777777777778
4 0.20833333333333334 0.03425925925925926 0.09479166666666666 0.21296296296296297
6 0.5541666666666667 0.4324074074074074 0.08333333333333333 0.14444444444444443
6 0.43854166666666666 0.39814814814814814 0.08229166666666667 0.17685185185185184
3 0.5234375 0.7166666666666667 0.0875 0.16666666666666666
1 0.5661458333333333 0.5055555555555555 0.09270833333333334 0.15462962962962962
