1 0.4786458333333333 0.5157407407407407 0.09322916666666667 0.15462962962962962
6 0.45416666666666666 0.3453703703703704 0.08020833333333334 0.1388888888888889
6 0.5671875 0.5787037037037037 0.09947916666666666 0.17685185185185184
6 0.49322916666666666 0.6 0.1640625 0.2953703703703704
6 0.5322916666666667 0.29814814814814816 0.1 0.175
7 0.228125 0.20555555555555555 0.11770833333333333 0.23055555555555557
1 0.7286458333333333 0.6546296296296297 0.06145833333333333 0.1361111111111111
4 0.15885416666666666 0.8981481481481481 0.075 0.1527777777777778
0 0.2864583333333333 0.07685185185185185 0.21666666666666667 0.5305555555555556
3 0.6234375 0.6731481481481482 0.07135416666666666 0.14629629629629629
4 0.8140625 0.2675925925925926 0.058854166666666666 0.14907407407407408
