2 0.5833333333333334 0.5361111111111111 0.0734375 0.11481481481481481
5 0.16875 0.002777777777777778 0.13072916666666667 0.3861111111111111
1 0.496875 0.30185185185185187 0.13802083333333334 0.2462962962962963
4 0.8854166666666666 0.7851851851851852 0.06770833333333333 0.19166666666666668
2 0.6895833333333333 0.45740740740740743 0.09479166666666666 0.1361111111111111
2 0.8828125 0.2953703703703704 0.059375 0.10185185185185185
2 0.7802083333333333 0.712037037037037 0.10208333333333333 0.15092592592592594
1 0.5630208333333333 0.1935185185185185 0.1421875 0.3101851851851852
1 0.4942708333333333 0.22962962962962963 0.15260416666666668 0.25925925925925924
6 0.5416666666666666 0.6453703703703704 0.075 0.125
6 0.8552083333333333 0.4046296296296296 0.07552083333333333 0.125
7 0.0796875 0.33055555555555555 0.10520833333333333 0.20925925925925926
4 0.34739583333333335 0.2814814814814815 0.11770833333333333 0.2074074074074074
7 0.2869791666666667 0.9 0.07135416666666666 0.1787037037037037
2 0.7817708333333333 0.2537037037037037 0.08645833333333333 0.14444444444444443
