7 0.1421875 0.6018518518518519 0.07916666666666666 0.17222222222222222
2 0.30885416666666665 0.4601851851851852 0.07864583333333333 0.1287037037037037
4 0.27447916666666666 0.9157407407407407 0.096875 0.16944444444444445
2 0.33697916666666666 0.7 0.059895833333333336 0.09537037037037037
4 0.7864583333333334 0.26296296296296295 0.10625 0.15648148148148147
7 0.2677083333333333 0.9185185185185185 0.10572916666666667 0.17407407407407408
6 0.21197916666666666 0.6842592592592592 0.13958333333333334 0.21574074074074073
0 0.9005208333333333 0.7833333333333333 0.08125 0.2388888888888889
1 0.5052083333333334 0.6777777777777778 0.1125 0.18796296296296297
1 0.2515625 0.5 0.08802083333333334 0.14814814814814814
3 0.3203125 0.3055555555555556 0.06302083333333333 0.12962962962962962
6 0.18489583333333334 0.33055555555555555 0.06979166666666667 0.12407407407407407
6 0.19479166666666667 0.8722222222222222 0.1328125 0.2574074074074074
