6 0.4666666666666667 0.09722222222222222 0.16145833333333334 0.2351851851851852
2 0.6505208333333333 0.1398148148148148 0.07447916666666667 0.10925925925925926
6 0.621875 0.6 0.1390625 0.27037037037037037
6 0.8203125 0.525 0.1125 0.19074074074074074
3 0.696875 0.024074074074074074 0.10364583333333334 0.14444444444444443
2 0.8473958333333333 0.23148148148148148 0.11822916666666666 0.18796296296296297
3 0.7005208333333334 0.1648148148148148 0.065625 0.1425925925925926
6 0.6145833333333334 0.34629629629629627 0.07708333333333334 0.12685185185185185
3 0.6432291666666666 0.3592592592592593 0.1265625 0.2537037037037037
2 0.5911458333333334 0.08888888888888889 0.10677083333333333 0.18333333333333332
