1 0.36822916666666666 0.4324074074074074 0.04895833333333333 0.13148148148148148
1 0.2421875 0.3333333333333333 0.0734375 0.14814814814814814
6 0.24739583333333334 0.45092592592592595 0.1296875 0.21296296296296297
1 0.1578125 0.3685185185185185 0.07708333333333334 0.14444444444444443
4 0.084375 0.362962962962963 0.07864583333333333 0.2064814814814815
6 0.46875 0.375 0.09739583333333333 0.15833333333333333
2 0.3729166666666667 0.2324074074074074 0.08177083333333333 0.13425925925925927
1 0.22864583333333333 0.3398148148148148 0.0671875 0.14166666666666666
6 0.21822916666666667 0.21388888888888888 0.1046875 0.18518518518518517
6 0.36302083333333335 0.2712962962962963 0.08385416666666666 0.16296296296296298
1 0.4171875 0.43425925925925923 0.1046875 0.22685185185185186
