6 0.7645833333333333 0.5851851851851851 0.09947916666666666 0.16018518518518518
1 0.5723958333333333 0.6574074074074074 0.09635416666666667 0.17685185185185184
6 0.8989583333333333 0.30648148148148147 0.12291666666666666 0.18055555555555555
6 0.459375 0.41388888888888886 0.06979166666666667 0.11296296296296296
6 0.7911458333333333 0.13055555555555556 0.13177083333333334 0.19166666666666668
1 0.6703125 0.12685185185185185 0.0953125 0.21296296296296297
1 0.8203125 0.8481481481481481 0.1359375 0.26851851851851855
5 0.5489583333333333 0.11388888888888889 0.16666666666666666 0.3888888888888889
3 0.6145833333333334 0.49444444444444446 0.04010416666666667 0.06944444444444445
4 0.6119791666666666 0.032407407407407406 0.08802083333333334 0.20277777777777778
