7 0.9229166666666667 0.28425925925925927 0.06458333333333334 0.19166666666666668
4 0.6333333333333333 0.3824074074074074 0.11614583333333334 0.1685185185185185
3 0.6526041666666667 0.45 0.078125 0.1685185185185185
4 0.8276041666666667 0.8407407407407408 0.07395833333333333 0.23055555555555557
7 0.7046875 0.41759259259259257 0.07239583333333334 0.17962962962962964
3 0.446875 0.46944444444444444 0.044270833333333336 0.09907407407407408
6 0.4791666666666667 0.2675925925925926 0.07135416666666666 0.11851851851851852
2 0.39895833333333336 0.44907407407407407 0.0546875 0.11388888888888889
5 0.4640625 0.5777777777777777 0.16822916666666668 0.45
3 0.2942708333333333 0.10740740740740741 0.0984375 0.16666666666666666
