4 0.9375 0.5333333333333333 0.103125 0.1814814814814815
6 0.2911458333333333 0.6962962962962963 0.08072916666666667 0.11851851851851852
2 0.19166666666666668 0.5712962962962963 0.07135416666666666 0.10462962962962963
4 0.15260416666666668 0.6046296296296296 0.10572916666666667 0.20555555555555555
6 0.1890625 0.18703703703703703 0.09322916666666667 0.1574074074074074
6 0.3109375 0.5555555555555556 0.09010416666666667 0.16111111111111112
3 0.16354166666666667 0.5657407407407408 0.0921875 0.125
3 0.41302083333333334 0.3351851851851852 0.058333333333333334 0.13055555555555556
6 0.25677083333333334 0.5407407407407407 0.08854166666666667 0.18333333333333332
1 0.5145833333333333 0.8907407407407407 0.09166666666666666 0.18796296296296297
