2 0.5083333333333333 0.4898148148148148 0.0890625 0.1175925925925926
6 0.5078125 0.16018518518518518 0.09895833333333333 0.2351851851851852
6 0.41875 0.062037037037037036 0.14427083333333332 0.2740740740740741
6 0.5520833333333334 0.32592592592592595 0.12552083333333333 0.18425925925925926
3 0.3380208333333333 0.6277777777777778 0.0546875 0.1287037037037037
7 0.23229166666666667 0.2777777777777778 0.08645833333333333 0.1787037037037037
4 0.58125 0.3611111111111111 0.0859375 0.15925925925925927
4 0.15729166666666666 0.8490740740740741 0.0796875 0.22037037037037038
2 0.6072916666666667 0.22777777777777777 0.08489583333333334 0.11944444444444445
6 0.7046875 0.6861111111111111 0.10520833333333333 0.16203703703703703
