1 0.5713541666666667 0.5083333333333333 0.11302083333333333 0.225
7 0.19947916666666668 0.812962962962963 0.09791666666666667 0.22777777777777777
3 0.5411458333333333 0.5898148148148148 0.0796875 0.19814814814814816
4 0.35104166666666664 0.9527777777777777 0.0625 0.18888888888888888
6 0.6223958333333334 0.7666666666666667 0.06979166666666667 0.23425925925925925
6 0.3411458333333333 0.8722222222222222 0.10572916666666667 0.18518518518518517
6 0.42135416666666664 0.8361111111111111 0.08645833333333333 0.1527777777777778
6 0.7130208333333333 0.5879629629629629 0.0703125 0.125
7 0.20885416666666667 0.5518518518518518 0.1046875 0.19722222222222222
6 0.5979166666666667 0.4009259259259259 0.12447916666666667 0.24074074074074073
3 0.5890625 0.6953703703703704 0.08489583333333334 0.16666666666666666
5 0.9447916666666667 0.2916666666666667 0.1359375 0.3592592592592593
4 0.490625 0.5527777777777778 0.09114583333333333 0.21574074074074073
1 0.5755208333333334 0.6861111111111111 0.11354166666666667 0.2324074074074074
