6 0.8505208333333333 0.5305555555555556 0.1265625 0.18611111111111112
6 0.7333333333333333 0.6657407407407407 0.15833333333333333 0.2759259259259259
7 0.35104166666666664 0.9388888888888889 0.06041666666666667 0.14537037037037037
2 0.8739583333333333 0.5888888888888889 0.12604166666666666 0.16018518518518518
2 0.7526041666666666 0.9157407407407407 0.06927083333333334 0.09537037037037037
6 0.7375 0.7092592592592593 0.121875 0.21944444444444444
4 0.3536458333333333 0.7101851851851851 0.08177083333333333 0.1537037037037037
3 0.6526041666666667 0.7333333333333333 0.058333333333333334 0.11666666666666667
7 0.1921875 0.31203703703703706 0.09479166666666666 0.18611111111111112
1 0.640625 0.48055555555555557 0.08958333333333333 0.1648148148148148
4 0.28177083333333336 0.15833333333333333 0.121875 0.24074074074074073
6 0.9036458333333334 0.2796296296296296 0.11458333333333333 0.20092592592592592
2 0.8973958333333333 0.3277777777777778 0.10625 0.1685185185185185
2 0.8713541666666667 0.3296296296296296 0.09895833333333333 0.1574074074074074
