1 0.0796875 0.43425925925925923 0.0890625 0.16666666666666666
6 0.08333333333333333 0.6685185185185185 0.058333333333333334 0.1425925925925926
6 0.43020833333333336 0.26944444444444443 0.06458333333333334 0.1175925925925926
0 0.4234375 0.1537037037037037 0.13645833333333332 0.4787037037037037
4 0.4270833333333333 0.026851851851851852 0.1 0.1962962962962963
6 0.2864583333333333 0.6314814814814815 0.18802083333333333 0.31574074074074077
2 0.23802083333333332 0.48055555555555557 0.090625 0.18888888888888888
4 0.8161458333333333 0.08425925925925926 0.0578125 0.1574074074074074
6 0.10260416666666666 0.4583333333333333 0.08072916666666667 0.1388888888888889
2 0.115625 0.2037037037037037 0.11822916666666666 0.2324074074074074
