1 0.8395833333333333 0.1111111111111111 0.14010416666666667 0.28888888888888886
4 0.315625 0.4601851851851852 0.07552083333333333 0.18703703703703703
6 0.8994791666666667 0.23796296296296296 0.11875 0.1935185185185185
3 0.790625 0.262037037037037 0.07135416666666666 0.10925925925925926
2 0.6234375 0.687037037037037 0.11041666666666666 0.18888888888888888
6 0.5640625 0.3472222222222222 0.10572916666666667 0.18333333333333332
6 0.7291666666666666 0.1287037037037037 0.08802083333333334 0.12777777777777777
4 0.4354166666666667 0.6861111111111111 0.0953125 0.19444444444444445
5 0.6760416666666667 0.8416666666666667 0.1015625 0.30185185185185187
6 0.7484375 0.7212962962962963 0.14739583333333334 0.2935185185185185
2 0.7473958333333334 0.3638888888888889 0.10572916666666667 0.15555555555555556
