6 0.37447916666666664 0.412962962962963 0.14895833333333333 0.24537037037037038
3 0.3885416666666667 0.28055555555555556 0.0703125 0.1638888888888889
1 0.2989583333333333 0.8935185185185185 0.0671875 0.11574074074074074
3 0.15104166666666666 0.5166666666666667 0.04739583333333333 0.11018518518518519
2 0.46822916666666664 0.34814814814814815 0.11666666666666667 0.17222222222222222
4 0.4317708333333333 0.6518518518518519 0.05572916666666667 0.1824074074074074
3 0.3640625 0.35648148148148145 0.0515625 0.08981481481481482
6 0.49270833333333336 0.7944444444444444 0.08072916666666667 0.19907407407407407
3 0.3890625 0.39351851851851855 0.09114583333333333 0.18888888888888888
6 0.5203125 0.7666666666666667 0.12447916666666667 0.21666666666666667
2 0.559375 0.43425925925925923 0.07447916666666667 0.12685185185185185
