6 0.6453125 0.525 0.059895833333333336 0.10462962962962963
1 0.9192708333333334 0.8046296296296296 0.06145833333333333 0.12222222222222222
4 0.8229166666666666 0.9037037037037037 0.10364583333333334 0.16666666666666666
3 0.9255208333333333 0.4925925925925926 0.06302083333333333 0.075
6 0.7385416666666667 0.37222222222222223 0.10364583333333334 0.1824074074074074
6 0.871875 0.7277777777777777 0.0671875 0.11388888888888889
1 0.8302083333333333 0.3287037037037037 0.0859375 0.14722222222222223
4 0.8484375 0.9175925925925926 0.10208333333333333 0.16111111111111112
3 0.7942708333333334 0.29259259259259257 0.0921875 0.20555555555555555
5 0.790625 0.837037037037037 0.15520833333333334 0.41944444444444445
6 0.8171875 0.6481481481481481 0.11770833333333333 0.16944444444444445
2 0.9046875 0.5453703703703704 0.08177083333333333 0.1685185185185185
