3 0.159375 0.43333333333333335 0.0953125 0.1675925925925926
4 0.6552083333333333 0.6944444444444444 0.052083333333333336 0.16666666666666666
3 0.1765625 0.4962962962962963 0.0515625 0.1175925925925926
2 0.044270833333333336 0.20462962962962963 0.15572916666666667 0.2388888888888889
1 0.04895833333333333 0.5824074074074074 0.06875 0.12037037037037036
1 0.0703125 0.712037037037037 0.10677083333333333 0.2111111111111111
4 0.5677083333333334 0.4009259259259259 0.12395833333333334 0.22962962962962963
6 0.38958333333333334 0.4027777777777778 0.09270833333333334 0.15555555555555556
2 0.3671875 0.4361111111111111 0.06041666666666667 0.10092592592592593
0 0.3145833333333333 0.6333333333333333 0.1171875 0.30185185185185187
6 0.23854166666666668 0.41203703703703703 0.13125 0.23333333333333334
