2 0.26666666666666666 0.33611111111111114 0.09322916666666667 0.14629629629629629
3 0.3453125 0.14074074074074075 0.10104166666666667 0.18981481481481483
2 0.4322916666666667 0.06759259259259259 0.078125 0.17407407407407408
6 0.34791666666666665 0.4666666666666667 0.10260416666666666 0.21203703703703702
1 0.3859375 0.562962962962963 0.05520833333333333 0.12685185185185185
4 0.03125 0.8907407407407407 0.09322916666666667 0.15648148148148147
7 0.4979166666666667 0.15648148148148147 0.0921875 0.1527777777777778
3 0.2947916666666667 0.3925925925925926 0.03697916666666667 0.09259259259259259
4 0.25885416666666666 0.8416666666666667 0.0796875 0.17962962962962964
6 0.5046875 0.40555555555555556 0.07395833333333333 0.08981481481481482
7 0.20052083333333334 0.5546296296296296 0.0953125 0.24351851851851852
6 0.20364583333333333 0.5731481481481482 0.13072916666666667 0.2111111111111111
6 0.4713541666666667 0.19444444444444445 0.0765625 0.11944444444444445
6 0.45208333333333334 0.20092592592592592 0.08541666666666667 0.14814814814814814
