4 0.16875 0.45185185185185184 0.08385416666666666 0.14351851851851852
2 0.8166666666666667 0.9740740740740741 0.06875 0.13148148148148148
7 0.3151041666666667 0.5935185185185186 0.10572916666666667 0.18703703703703703
7 0.49947916666666664 0.5046296296296297 0.06458333333333334 0.1175925925925926
5 0.8703125 0.3111111111111111 0.15729166666666666 0.4398148148148148
1 0.7411458333333333 0.6574074074074074 0.06875 0.1287037037037037
4 0.590625 0.16203703703703703 0.06458333333333334 0.18888888888888888
1 0.8145833333333333 0.8898148148148148 0.08645833333333333 0.18518518518518517
6 0.9208333333333333 0.6046296296296296 0.14583333333333334 0.25925925925925924
2 0.7078125 0.5222222222222223 0.08802083333333334 0.17777777777777778
6 0.84375 0.9361111111111111 0.159375 0.2740740740740741
2 0.6489583333333333 0.9787037037037037 0.08177083333333333 0.13055555555555556
