7 0.36354166666666665 0.762962962962963 0.084375 0.1361111111111111
6 0.23802083333333332 0.6907407407407408 0.09739583333333333 0.17777777777777778
4 0.5447916666666667 0.22870370370370371 0.096875 0.21203703703703702
5 0.7848958333333333 0.027777777777777776 0.1046875 0.28055555555555556
1 0.2109375 0.2722222222222222 0.10729166666666666 0.23055555555555557
1 0.41041666666666665 0.2638888888888889 0.115625 0.26666666666666666
2 0.3453125 0.3212962962962963 0.04895833333333333 0.09907407407407408
6 0.31302083333333336 0.7722222222222223 0.0921875 0.18888888888888888
3 0.2520833333333333 0.5694444444444444 0.078125 0.17314814814814813
4 0.10104166666666667 0.5064814814814815 0.08697916666666666 0.17592592592592593
1 0.2171875 0.7212962962962963 0.07552083333333333 0.175
