7 0.6677083333333333 0.6527777777777778 0.0578125 0.1388888888888889
1 0.1859375 0.5851851851851851 0.1171875 0.25
2 0.5416666666666666 0.7509259259259259 0.146875 0.2101851851851852
1 0.33697916666666666 0.5592592592592592 0.0953125 0.2462962962962963
6 0.4828125 0.6101851851851852 0.0765625 0.16203703703703703
7 0.6067708333333334 0.2 0.09895833333333333 0.21851851851851853
3 0.38958333333333334 0.3416666666666667 0.04583333333333333 0.09722222222222222
4 0.8401041666666667 0.05462962962962963 0.08177083333333333 0.2
4 0.3802083333333333 0.1814814814814815 0.09947916666666666 0.19722222222222222
6 0.571875 0.6990740740740741 0.08541666666666667 0.12129629629629629
1 0.5026041666666666 0.1425925925925926 0.08385416666666666 0.1638888888888889
1 0.2947916666666667 0.7379629629629629 0.0890625 0.17407407407407408
3 0.3390625 0.46111111111111114 0.0796875 0.1648148148148148
3 0.4296875 0.5444444444444444 0.03802083333333333 0.07222222222222222
0 0.7463541666666667 0.6138888888888889 0.178125 0.43333333333333335
