2 0.42916666666666664 0.549074074074074 0.140625 0.23148148148148148
5 0.30104166666666665 0.4527777777777778 0.10989583333333333 0.32037037037037036
6 0.3536458333333333 0.4074074074074074 0.06666666666666667 0.1824074074074074
2 0.303125 0.5731481481481482 0.06354166666666666 0.1361111111111111
4 0.4317708333333333 0.5842592592592593 0.08541666666666667 0.16018518518518518
2 0.3098958333333333 0.5212962962962963 0.11927083333333334 0.17685185185185184
1 0.12708333333333333 0.08425925925925926 0.06822916666666666 0.1287037037037037
4 0.0 0.24722222222222223 0.12760416666666666 0.15925925925925927
1 0.4510416666666667 0.09166666666666666 0.11614583333333334 0.23333333333333334
6 0.35260416666666666 0.5611111111111111 0.0875 0.17222222222222222
6 0.47708333333333336 0.4388888888888889 0.1140625 0.22407407407407406
