3 0.4171875 0.5685185185185185 0.10572916666666667 0.14444444444444443
7 0.19635416666666666 0.6324074074074074 0.09427083333333333 0.15925925925925927
2 0.4317708333333333 0.27037037037037037 0.12760416666666666 0.22777777777777777
2 0.7875 0.4601851851851852 0.0828125 0.16296296296296298
3 0.5276041666666667 0.5342592592592592 0.09479166666666666 0.16018518518518518
7 0.0010416666666666667 0.5666666666666667 0.11302083333333333 0.2740740740740741
4 0.5307291666666667 0.7916666666666666 0.08125 0.17685185185185184
6 0.6192708333333333 0.3212962962962963 0.10052083333333334 0.15648148148148147
4 0.690625 0.8175925925925925 0.07916666666666666 0.15185185185185185
1 0.5692708333333333 0.47962962962962963 0.1 0.18518518518518517
3 0.2604166666666667 0.7824074074074074 0.07291666666666667 0.20277777777777778
6 0.44635416666666666 0.2740740740740741 0.16197916666666667 0.2814814814814815
0 0.684375 0.41759259259259257 0.09479166666666666 0.43148148148148147
