4 0.728125 0.9333333333333333 0.08958333333333333 0.14814814814814814
6 0.7265625 0.35 0.1140625 0.17685185185185184
0 0.6276041666666666 0.36666666666666664 0.1734375 0.44351851851851853
2 0.5927083333333333 0.037037037037037035 0.05677083333333333 0.075
6 0.9078125 0.3675925925925926 0.1234375 0.21944444444444444
4 0.44427083333333334 0.8166666666666667 0.08645833333333333 0.15833333333333333
7 0.9552083333333333 0.19537037037037036 0.07135416666666666 0.16203703703703703
6 0.9567708333333333 0.15555555555555556 0.09166666666666666 0.18703703703703703
6 0.9359375 0.1175925925925926 0.09166666666666666 0.1398148148148148
6 0.8182291666666667 0.5361111111111111 0.10677083333333333 0.1712962962962963
6 0.9651041666666667 0.1111111111111111 0.07708333333333334 0.12685185185185185
