3 0.8822916666666667 0.4212962962962963 0.06614583333333333 0.13055555555555556
4 0.22916666666666666 0.2101851851851852 0.07083333333333333 0.17222222222222222
4 0.036458333333333336 0.26296296296296295 0.08072916666666667 0.18611111111111112
6 0.5557291666666667 0.5259259259259259 0.1671875 0.30925925925925923
6 0.7651041666666667 0.5574074074074075 0.1046875 0.1712962962962963
6 0.7609375 0.36944444444444446 0.13125 0.2
6 0.8182291666666667 0.25833333333333336 0.1109375 0.18425925925925926
2 0.7151041666666667 0.9425925925925925 0.11458333333333333 0.18611111111111112
7 0.10729166666666666 0.10462962962962963 0.0984375 0.17037037037037037
1 0.628125 0.3990740740740741 0.0984375 0.2101851851851852
3 0.7036458333333333 0.5037037037037037 0.0796875 0.12407407407407407
