6 0.09114583333333333 0.30277777777777776 0.13072916666666667 0.1685185185185185
2 0.446875 0.45092592592592595 0.052083333333333336 0.09814814814814815
1 0.35989583333333336 0.4101851851851852 0.11145833333333334 0.18333333333333332
7 0.8177083333333334 0.05092592592592592 0.07083333333333333 0.15092592592592594
7 0.5161458333333333 0.21388888888888888 0.09010416666666667 0.2518518518518518
1 0.46770833333333334 0.33240740740740743 0.059895833333333336 0.1037037037037037
6 0.42864583333333334 0.36666666666666664 0.0984375 0.14629629629629629
6 0.184375 0.6157407407407407 0.09010416666666667 0.15462962962962962
4 0.4630208333333333 0.36203703703703705 0.09270833333333334 0.2462962962962963
1 0.121875 0.26296296296296295 0.09791666666666667 0.17037037037037037
4 0.5635416666666667 0.3416666666666667 0.08854166666666667 0.20833333333333334
