6 0.8859375 0.24444444444444444 0.13958333333333334 0.2101851851851852
1 0.6692708333333334 0.5990740740740741 0.06041666666666667 0.16944444444444445
2 0.7927083333333333 0.016666666666666666 0.128125 0.2175925925925926
6 0.9916666666666667 0.11944444444444445 0.14635416666666667 0.2111111111111111
6 0.8260416666666667 0.5666666666666667 0.09322916666666667 0.1398148148148148
6 0.7984375 0.7787037037037037 0.0796875 0.14444444444444443
1 0.796875 0.24444444444444444 0.065625 0.13240740740740742
1 0.8166666666666667 0.6342592592592593 0.06666666666666667 0.11203703703703703
4 0.31875 0.8398148148148148 0.059375 0.18518518518518517
4 0.09947916666666666 0.5907407407407408 0.07239583333333334 0.16944444444444445
3 0.8880208333333334 0.35185185185185186 0.0671875 0.09259259259259259
7 0.9364583333333333 0.044444444444444446 0.07239583333333334 0.11203703703703703
