6 0.58125 0.675 0.1453125 0.30092592592592593
0 0.9302083333333333 0.5333333333333333 0.1484375 0.42592592592592593
2 0.5489583333333333 0.5009259259259259 0.071875 0.1259259259259259
1 0.6354166666666666 0.27037037037037037 0.06197916666666667 0.1537037037037037
3 0.7848958333333333 0.7185185185185186 0.09114583333333333 0.20092592592592592
3 0.7260416666666667 0.6907407407407408 0.051041666666666666 0.10277777777777777
2 0.675 0.4074074074074074 0.06041666666666667 0.10555555555555556
2 0.7270833333333333 0.5555555555555556 0.1484375 0.1925925925925926
6 0.6255208333333333 0.25925925925925924 0.05677083333333333 0.08888888888888889
6 0.5145833333333333 0.4842592592592593 0.159375 0.26851851851851855
