0 0.46822916666666664 0.8490740740740741 0.15260416666666668 0.4074074074074074
3 0.4609375 0.337037037037037 0.07291666666666667 0.1259259259259259
4 0.8479166666666667 0.13055555555555556 0.0984375 0.1814814814814815
2 0.16770833333333332 0.25092592592592594 0.084375 0.1925925925925926
4 0.7682291666666666 0.18518518518518517 0.08697916666666666 0.14814814814814814
2 0.190625 0.13333333333333333 0.058854166666666666 0.12685185185185185
7 0.9609375 0.425 0.09270833333333334 0.15648148148148147
3 0.3453125 0.4527777777777778 0.059375 0.12129629629629629
7 0.04010416666666667 0.5925925925925926 0.09010416666666667 0.15648148148148147
3 0.3921875 0.625 0.0796875 0.1675925925925926
1 0.3645833333333333 0.27314814814814814 0.04739583333333333 0.11388888888888889
2 0.2557291666666667 0.3314814814814815 0.0921875 0.19166666666666668
1 0.37083333333333335 0.3314814814814815 0.075 0.15462962962962962
6 0.33125 0.412962962962963 0.08854166666666667 0.10648148148148148
