7 0.6463541666666667 0.9583333333333334 0.08802083333333334 0.20462962962962963
3 0.7869791666666667 0.19722222222222222 0.058854166666666666 0.1398148148148148
5 0.14010416666666667 0.9037037037037037 0.14583333333333334 0.4324074074074074
1 0.865625 0.02962962962962963 0.09114583333333333 0.14814814814814814
4 0.284375 0.899074074074074 0.08645833333333333 0.15462962962962962
1 0.521875 0.7092592592592593 0.1015625 0.25833333333333336
1 0.6697916666666667 0.27870370370370373 0.11510416666666666 0.1935185185185185
3 0.6640625 0.5842592592592593 0.03802083333333333 0.08703703703703704
1 0.3723958333333333 0.25277777777777777 0.06666666666666667 0.12222222222222222
7 0.5416666666666666 0.6509259259259259 0.08333333333333333 0.1398148148148148
3 0.5973958333333333 0.044444444444444446 0.1 0.2462962962962963
2 0.59375 0.40555555555555556 0.0765625 0.125
1 0.5911458333333334 0.2388888888888889 0.0796875 0.13703703703703704
1 0.4484375 0.2611111111111111 0.10572916666666667 0.18703703703703703
4 0.8125 0.8546296296296296 0.11197916666666667 0.19907407407407407
