4 0.35052083333333334 0.8666666666666667 0.058333333333333334 0.19074074074074074
1 0.13541666666666666 0.6555555555555556 0.10104166666666667 0.19166666666666668
3 0.31145833333333334 0.5268518518518519 0.09375 0.1574074074074074
6 0.3380208333333333 0.26851851851851855 0.06927083333333334 0.13055555555555556
3 0.15052083333333333 0.49722222222222223 0.08802083333333334 0.1111111111111111
0 0.6135416666666667 0.41759259259259257 0.12604166666666666 0.39351851851851855
3 0.09947916666666666 0.3453703703703704 0.0640625 0.13240740740740742
4 0.2598958333333333 0.5444444444444444 0.0796875 0.20555555555555555
1 0.10260416666666666 0.47685185185185186 0.09114583333333333 0.16666666666666666
6 0.1296875 0.7277777777777777 0.2078125 0.2175925925925926
3 0.1640625 0.5407407407407407 0.07447916666666667 0.16111111111111112
3 0.10364583333333334 0.12407407407407407 0.075 0.10740740740740741
