3 0.4328125 0.29907407407407405 0.0453125 0.11574074074074074
3 0.5140625 0.1814814814814815 0.09427083333333333 0.1537037037037037
6 0.453125 0.5222222222222223 0.12604166666666666 0.18611111111111112
7 0.9744791666666667 0.6472222222222223 0.07916666666666666 0.19074074074074074
4 0.5333333333333333 0.4324074074074074 0.08958333333333333 0.20185185185185187
6 0.3625 0.5435185185185185 0.14270833333333333 0.30462962962962964
6 0.38177083333333334 0.7212962962962963 0.1171875 0.18703703703703703
6 0.7380208333333333 0.38055555555555554 0.09270833333333334 0.16574074074074074
4 0.33541666666666664 0.39444444444444443 0.052083333333333336 0.15185185185185185
1 0.35104166666666664 0.2361111111111111 0.10729166666666666 0.1814814814814815
