4 0.0109375 0.7 0.06510416666666667 0.18611111111111112
6 0.65 0.14537037037037037 0.15989583333333332 0.28703703703703703
3 0.6098958333333333 0.13703703703703704 0.058854166666666666 0.13333333333333333
4 0.8526041666666667 0.38981481481481484 0.07135416666666666 0.22407407407407406
1 0.7166666666666667 0.29444444444444445 0.09322916666666667 0.2111111111111111
2 0.6213541666666667 0.20277777777777778 0.07708333333333334 0.18518518518518517
1 0.7046875 0.33055555555555555 0.146875 0.27685185185185185
6 0.5348958333333333 0.24259259259259258 0.10677083333333333 0.20185185185185187
0 0.19479166666666667 0.21481481481481482 0.1296875 0.28703703703703703
6 0.49166666666666664 0.02962962962962963 0.12447916666666667 0.22037037037037038
6 0.39114583333333336 0.3648148148148148 0.11927083333333334 0.2
