6 0.5484375 0.5194444444444445 0.08958333333333333 0.23981481481481481
1 0.22760416666666666 0.4787037037037037 0.0734375 0.15185185185185185
2 0.3375 0.5092592592592593 0.1234375 0.17407407407407408
6 0.55 0.9157407407407407 0.1625 0.21296296296296297
3 0.5307291666666667 0.42685185185185187 0.08177083333333333 0.15
4 0.490625 0.2638888888888889 0.06770833333333333 0.2
4 0.005208333333333333 0.8333333333333334 0.09583333333333334 0.2175925925925926
3 0.47760416666666666 0.575 0.08072916666666667 0.11388888888888889
7 0.53125 0.07222222222222222 0.0890625 0.21851851851851853
7 0.909375 0.5962962962962963 0.08333333333333333 0.21296296296296297
