1 0.2140625 0.15833333333333333 0.07864583333333333 0.18055555555555555
4 0.5208333333333334 0.7407407407407407 0.08229166666666667 0.1935185185185185
6 0.26979166666666665 0.5824074074074074 0.11458333333333333 0.2037037037037037
4 0.4953125 0.017592592592592594 0.10416666666666667 0.19814814814814816
6 0.4265625 0.7916666666666666 0.1140625 0.2574074074074074
1 0.246875 0.1259259259259259 0.040625 0.10185185185185185
2 0.3416666666666667 0.6703703703703704 0.0546875 0.0824074074074074
5 0.1625 0.812962962962963 0.14166666666666666 0.38055555555555554
1 0.3489583333333333 0.49722222222222223 0.12083333333333333 0.24722222222222223
2 0.3953125 0.5231481481481481 0.11145833333333334 0.1787037037037037
6 0.45625 0.6916666666666667 0.14635416666666667 0.2212962962962963
6 0.265625 0.5611111111111111 0.09427083333333333 0.20462962962962963
