3 0.38177083333333334 0.7203703703703703 0.078125 0.19444444444444445
6 0.4421875 0.5694444444444444 0.1125 0.20925925925925926
2 0.3255208333333333 0.8009259259259259 0.1390625 0.18333333333333332
6 0.29270833333333335 0.6277777777777778 0.09322916666666667 0.1527777777777778
6 0.4328125 0.7555555555555555 0.0890625 0.18888888888888888
7 0.8473958333333333 0.37407407407407406 0.10364583333333334 0.21203703703703702
3 0.38125 0.5296296296296297 0.059895833333333336 0.1
4 0.8260416666666667 0.33055555555555555 0.0921875 0.18333333333333332
2 0.5557291666666667 0.712037037037037 0.08072916666666667 0.18333333333333332
4 0.665625 0.28055555555555556 0.08020833333333334 0.2
