3 0.115625 0.5268518518518519 0.05 0.08796296296296297
7 0.7942708333333334 0.023148148148148147 0.09791666666666667 0.16296296296296298
5 0.0671875 0.2212962962962963 0.09947916666666666 0.2962962962962963
3 0.2520833333333333 0.44907407407407407 0.10416666666666667 0.17222222222222222
1 0.2203125 0.8935185185185185 0.121875 0.2324074074074074
1 0.07395833333333333 0.5638888888888889 0.057291666666666664 0.12685185185185185
6 0.1703125 0.5925925925925926 0.07864583333333333 0.16296296296296298
7 0.6161458333333333 0.462037037037037 0.10989583333333333 0.25277777777777777
6 0.0026041666666666665 0.44722222222222224 0.16302083333333334 0.2861111111111111
4 0.2078125 0.5814814814814815 0.06302083333333333 0.17777777777777778
4 0.37083333333333335 0.8111111111111111 0.049479166666666664 0.18518518518518517
