0 0.8453125 0.6064814814814815 0.16145833333333334 0.4203703703703704
7 0.6822916666666666 0.7212962962962963 0.11875 0.2657407407407407
2 0.290625 0.17592592592592593 0.0890625 0.10185185185185185
4 0.09739583333333333 0.7638888888888888 0.09375 0.11851851851851852
1 0.49322916666666666 0.36203703703703705 0.08229166666666667 0.18888888888888888
1 0.3177083333333333 0.25925925925925924 0.07135416666666666 0.14907407407407408
7 0.41822916666666665 0.5296296296296297 0.08229166666666667 0.18981481481481483
4 0.809375 0.45925925925925926 0.06510416666666667 0.22037037037037038
6 0.5567708333333333 0.40925925925925927 0.08489583333333334 0.1388888888888889
3 0.2953125 0.5722222222222222 0.075 0.1685185185185185
2 0.303125 0.5055555555555555 0.09479166666666666 0.15185185185185185
2 0.253125 0.40925925925925927 0.13385416666666666 0.2212962962962963
6 0.3182291666666667 0.5916666666666667 0.16458333333333333 0.2638888888888889
6 0.4734375 0.5657407407407408 0.10052083333333334 0.18796296296296297
3 0.29270833333333335 0.3490740740740741 0.059895833333333336 0.12037037037037036
