4 0.013020833333333334 0.7268518518518519 0.09479166666666666 0.15648148148148147
2 0.6677083333333333 0.7157407407407408 0.08229166666666667 0.14074074074074075
4 0.21354166666666666 0.1574074074074074 0.10104166666666667 0.1685185185185185
2 0.7729166666666667 0.18888888888888888 0.06666666666666667 0.10925925925925926
7 0.3640625 0.8768518518518519 0.06145833333333333 0.26944444444444443
6 0.5130208333333334 0.6583333333333333 0.09947916666666666 0.16574074074074074
3 0.7770833333333333 0.022222222222222223 0.059895833333333336 0.13333333333333333
6 0.3536458333333333 0.44814814814814813 0.115625 0.22314814814814815
7 0.10885416666666667 0.4981481481481482 0.10364583333333334 0.19722222222222222
2 0.5135416666666667 0.20277777777777778 0.09895833333333333 0.12129629629629629
5 0.7265625 0.2074074074074074 0.146875 0.36018518518518516
