3 0.565625 0.3962962962962963 0.043229166666666666 0.11203703703703703
6 0.6322916666666667 0.5351851851851852 0.11875 0.24074074074074073
1 0.7348958333333333 0.7537037037037037 0.0984375 0.25925925925925924
2 0.6536458333333334 0.649074074074074 0.1 0.18703703703703703
1 0.5458333333333333 0.5833333333333334 0.10052083333333334 0.2037037037037037
1 0.37552083333333336 0.6361111111111111 0.10989583333333333 0.22685185185185186
6 0.5682291666666667 0.6314814814814815 0.18072916666666666 0.23148148148148148
4 0.05 0.6574074074074074 0.08645833333333333 0.16296296296296298
1 0.453125 0.5351851851851852 0.15104166666666666 0.2601851851851852
6 0.4588541666666667 0.44537037037037036 0.0578125 0.1175925925925926
4 0.8322916666666667 0.2824074074074074 0.0625 0.17037037037037037
3 0.5177083333333333 0.7083333333333334 0.09583333333333334 0.15092592592592594
