3 0.6208333333333333 0.5222222222222223 0.07864583333333333 0.12685185185185185
7 0.6729166666666667 0.37777777777777777 0.078125 0.18981481481481483
6 0.565625 0.7861111111111111 0.08072916666666667 0.13055555555555556
4 0.7645833333333333 0.649074074074074 0.10729166666666666 0.2064814814814815
3 0.5765625 0.41944444444444445 0.090625 0.14351851851851852
3 0.6927083333333334 0.6990740740740741 0.07135416666666666 0.13703703703703704
2 0.471875 0.5981481481481481 0.07708333333333334 0.11574074074074074
3 0.43125 0.14907407407407408 0.0578125 0.1037037037037037
2 0.2828125 0.7453703703703703 0.11354166666666667 0.24537037037037038
4 0.6588541666666666 0.612037037037037 0.07239583333333334 0.21388888888888888
5 0.9479166666666666 0.6759259259259259 0.1109375 0.34074074074074073
7 0.9666666666666667 0.9361111111111111 0.07708333333333334 0.17777777777777778
1 0.4635416666666667 0.5268518518518519 0.11614583333333334 0.23055555555555557
