3 0.659375 0.4398148148148148 0.05572916666666667 0.1388888888888889
1 0.6963541666666667 0.5361111111111111 0.065625 0.1259259259259259
1 0.8364583333333333 0.43425925925925923 0.115625 0.2851851851851852
1 0.48541666666666666 0.48055555555555557 0.058854166666666666 0.12037037037037036
0 0.0484375 0.26296296296296295 0.21302083333333333 0.49722222222222223
4 0.36041666666666666 0.5851851851851851 0.10625 0.18611111111111112
2 0.5177083333333333 0.8268518518518518 0.11510416666666666 0.1962962962962963
4 0.8786458333333333 0.8157407407407408 0.07447916666666667 0.18981481481481483
6 0.6229166666666667 0.6935185185185185 0.07447916666666667 0.125
1 0.5458333333333333 0.47685185185185186 0.06875 0.15185185185185185
1 0.5380208333333333 0.6416666666666667 0.08697916666666666 0.17962962962962964
