7 0.55 0.6462962962962963 0.10572916666666667 0.2361111111111111
6 0.6463541666666667 0.5842592592592593 0.13958333333333334 0.27314814814814814
3 0.7395833333333334 0.8101851851851852 0.07864583333333333 0.14074074074074075
6 0.7213541666666666 0.9824074074074074 0.1015625 0.1685185185185185
4 0.7151041666666667 0.5592592592592592 0.08645833333333333 0.13796296296296295
3 0.8307291666666666 0.8564814814814815 0.0609375 0.1648148148148148
6 0.9145833333333333 0.3851851851851852 0.09166666666666666 0.1537037037037037
6 0.7713541666666667 0.49444444444444446 0.06302083333333333 0.125
6 0.5645833333333333 0.6916666666666667 0.14166666666666666 0.29907407407407405
4 0.7427083333333333 0.3888888888888889 0.075 0.23425925925925925
