6 0.29739583333333336 0.21203703703703702 0.09427083333333333 0.15925925925925927
2 0.11302083333333333 0.7166666666666667 0.12395833333333334 0.22962962962962963
6 0.14270833333333333 0.3768518518518518 0.059895833333333336 0.12222222222222222
2 0.016145833333333335 0.13055555555555556 0.06666666666666667 0.09074074074074075
1 0.1765625 0.7138888888888889 0.1078125 0.225
6 0.178125 0.5703703703703704 0.09583333333333334 0.1574074074074074
1 0.1265625 0.29814814814814816 0.10416666666666667 0.23148148148148148
5 0.14895833333333333 0.5361111111111111 0.15729166666666666 0.4083333333333333
1 0.21614583333333334 0.2537037037037037 0.06354166666666666 0.14722222222222223
6 0.1140625 0.46296296296296297 0.06197916666666667 0.125
