1 0.7927083333333333 0.46296296296296297 0.10572916666666667 0.24166666666666667
1 0.8046875 0.22870370370370371 0.12291666666666666 0.25555555555555554
2 0.7067708333333333 0.662962962962963 0.0859375 0.18796296296296297
4 0.28020833333333334 0.4074074074074074 0.05677083333333333 0.1537037037037037
3 0.8859375 0.25555555555555554 0.059375 0.14074074074074075
1 0.6229166666666667 0.3685185185185185 0.04791666666666667 0.11944444444444445
6 0.7901041666666667 0.21388888888888888 0.10416666666666667 0.18055555555555555
5 0.8145833333333333 0.29907407407407405 0.12135416666666667 0.3287037037037037
6 0.778125 0.5222222222222223 0.10572916666666667 0.18055555555555555
6 0.8260416666666667 0.1685185185185185 0.09635416666666667 0.12407407407407407
4 0.3109375 0.39444444444444443 0.06666666666666667 0.2064814814814815
6 0.5755208333333334 0.31851851851851853 0.10989583333333333 0.17407407407407408
6 0.5807291666666666 0.362962962962963 0.07239583333333334 0.1111111111111111
