2 0.3807291666666667 0.737037037037037 0.075 0.13055555555555556
4 0.45416666666666666 0.7083333333333334 0.10364583333333334 0.23425925925925925
6 0.1703125 0.49444444444444446 0.12395833333333334 0.25277777777777777
6 0.33697916666666666 0.26296296296296295 0.11875 0.25092592592592594
2 0.27708333333333335 0.6481481481481481 0.10364583333333334 0.1648148148148148
3 0.31354166666666666 0.625 0.0484375 0.10555555555555556
1 0.1609375 0.39351851851851855 0.0703125 0.1388888888888889
2 0.22135416666666666 0.8268518518518518 0.07552083333333333 0.13703703703703704
2 0.321875 0.5305555555555556 0.078125 0.11203703703703703
2 0.10364583333333334 0.35185185185185186 0.13072916666666667 0.21574074074074073
