3 0.7557291666666667 0.8 0.07239583333333334 0.14722222222222223
4 0.3645833333333333 0.7657407407407407 0.065625 0.17777777777777778
6 0.6651041666666667 0.39351851851851855 0.13177083333333334 0.24259259259259258
7 0.3067708333333333 0.9518518518518518 0.10052083333333334 0.23981481481481481
5 0.8348958333333333 0.8916666666666667 0.12135416666666667 0.36203703703703705
1 0.8307291666666666 0.9638888888888889 0.08125 0.1648148148148148
1 0.8734375 0.6527777777777778 0.1015625 0.2222222222222222
2 0.8104166666666667 0.5509259259259259 0.0796875 0.10092592592592593
4 0.8494791666666667 0.08611111111111111 0.06041666666666667 0.17222222222222222
1 0.9421875 0.3712962962962963 0.14010416666666667 0.24351851851851852
