6 0.5442708333333334 0.5388888888888889 0.17447916666666666 0.2814814814814815
4 0.528125 0.42407407407407405 0.07760416666666667 0.18888888888888888
3 0.3640625 0.6101851851851852 0.06614583333333333 0.09722222222222222
1 0.496875 0.7731481481481481 0.11041666666666666 0.19074074074074074
2 0.39010416666666664 0.5712962962962963 0.1140625 0.19166666666666668
6 0.55625 0.262037037037037 0.09895833333333333 0.19722222222222222
0 0.3229166666666667 0.6296296296296297 0.18385416666666668 0.45185185185185184
1 0.5682291666666667 0.6231481481481481 0.06145833333333333 0.1259259259259259
2 0.55625 0.2712962962962963 0.07760416666666667 0.13703703703703704
6 0.5359375 0.44166666666666665 0.0921875 0.17962962962962964
6 0.45 0.012037037037037037 0.1015625 0.2
