2 0.3203125 0.9101851851851852 0.0625 0.08611111111111111
3 0.36770833333333336 0.4537037037037037 0.10104166666666667 0.1425925925925926
6 0.3255208333333333 0.7222222222222222 0.12604166666666666 0.1685185185185185
3 0.3140625 0.7731481481481481 0.07552083333333333 0.125
7 0.7260416666666667 0.7824074074074074 0.06979166666666667 0.17037037037037037
4 0.5583333333333333 0.3907407407407407 0.06354166666666666 0.19814814814814816
3 0.23177083333333334 0.7546296296296297 0.09114583333333333 0.18703703703703703
4 0.030208333333333334 0.22685185185185186 0.04895833333333333 0.15
1 0.315625 0.8064814814814815 0.0953125 0.16574074074074074
3 0.36875 0.6731481481481482 0.09270833333333334 0.21944444444444444
2 0.2682291666666667 0.33796296296296297 0.10052083333333334 0.1537037037037037
3 0.43333333333333335 0.44814814814814813 0.08541666666666667 0.21481481481481482
7 0.34322916666666664 0.8472222222222222 0.0453125 0.2
6 0.534375 0.5916666666666667 0.14270833333333333 0.2175925925925926
