2 0.7895833333333333 0.3527777777777778 0.08645833333333333 0.14166666666666666
5 0.7447916666666666 0.1175925925925926 0.13541666666666666 0.39444444444444443
2 0.6802083333333333 0.700925925925926 0.08020833333333334 0.11944444444444445
6 0.8348958333333333 0.4222222222222222 0.10729166666666666 0.14444444444444443
6 0.8598958333333333 0.1287037037037037 0.15260416666666668 0.24166666666666667
6 0.7880208333333333 0.23981481481481481 0.08229166666666667 0.14907407407407408
3 0.6614583333333334 0.5675925925925925 0.08385416666666666 0.1648148148148148
1 0.49583333333333335 0.6222222222222222 0.10625 0.2101851851851852
6 0.8390625 0.14629629629629629 0.18489583333333334 0.26944444444444443
1 0.796875 0.3787037037037037 0.09583333333333334 0.21296296296296297
