0 0.9744791666666667 0.9416666666666667 0.2484375 0.5398148148148149
2 0.31666666666666665 0.7898148148148149 0.128125 0.25092592592592594
1 0.05 0.37592592592592594 0.12760416666666666 0.2759259259259259
3 0.34322916666666664 0.18611111111111112 0.06614583333333333 0.1388888888888889
6 0.23177083333333334 0.6861111111111111 0.0828125 0.21388888888888888
1 0.3848958333333333 0.2851851851851852 0.08385416666666666 0.19074074074074074
2 0.296875 0.5944444444444444 0.096875 0.1648148148148148
3 0.1640625 0.5175925925925926 0.059375 0.08888888888888889
1 0.3390625 0.5879629629629629 0.0609375 0.12685185185185185
6 0.4744791666666667 0.37962962962962965 0.10416666666666667 0.13240740740740742
