6 0.19947916666666668 0.6694444444444444 0.121875 0.21203703703703702
7 0.5651041666666666 0.7703703703703704 0.10572916666666667 0.18055555555555555
4 0.15989583333333332 0.6962962962962963 0.08020833333333334 0.21388888888888888
2 0.1640625 0.44722222222222224 0.0640625 0.08981481481481482
2 0.4546875 0.4 0.11770833333333333 0.21481481481481482
3 0.153125 0.7620370370370371 0.084375 0.18888888888888888
4 0.8177083333333334 0.003703703703703704 0.06875 0.17685185185185184
1 0.265625 0.6240740740740741 0.06458333333333334 0.16296296296296298
7 0.18854166666666666 0.4046296296296296 0.10260416666666666 0.1814814814814815
3 0.2109375 0.6944444444444444 0.0625 0.09814814814814815
