6 0.7640625 0.7138888888888889 0.1265625 0.24351851851851852
6 0.32916666666666666 0.4305555555555556 0.15260416666666668 0.2740740740740741
6 0.5270833333333333 0.6583333333333333 0.11875 0.22870370370370371
1 0.6161458333333333 0.46111111111111114 0.0921875 0.18425925925925926
6 0.628125 0.5472222222222223 0.11979166666666667 0.19444444444444445
6 0.446875 0.41388888888888886 0.07239583333333334 0.13148148148148148
1 0.7479166666666667 0.5555555555555556 0.0984375 0.21574074074074073
1 0.43854166666666666 0.45092592592592595 0.1375 0.26296296296296295
4 0.7494791666666667 0.16018518518518518 0.09010416666666667 0.17222222222222222
6 0.446875 0.5972222222222222 0.0796875 0.1527777777777778
4 0.1265625 0.15462962962962962 0.0578125 0.18981481481481483
6 0.5682291666666667 0.6277777777777778 0.09895833333333333 0.14537037037037037
