7 0.050520833333333334 0.16018518518518518 0.1125 0.28703703703703703
6 0.5317708333333333 0.5157407407407407 0.12760416666666666 0.2490740740740741
3 0.5645833333333333 0.5472222222222223 0.06979166666666667 0.1685185185185185
6 0.5817708333333333 0.38796296296296295 0.08072916666666667 0.1259259259259259
6 0.5 0.6342592592592593 0.14322916666666666 0.26666666666666666
6 0.5380208333333333 0.7333333333333333 0.1 0.1675925925925926
2 0.6260416666666667 0.6666666666666666 0.11458333333333333 0.1962962962962963
4 0.30833333333333335 0.37962962962962965 0.07916666666666666 0.1814814814814815
3 0.4979166666666667 0.6194444444444445 0.06145833333333333 0.12407407407407407
7 0.9442708333333333 0.0 0.08229166666666667 0.14444444444444443
6 0.5859375 0.5305555555555556 0.08125 0.22685185185185186
3 0.4666666666666667 0.5546296296296296 0.07708333333333334 0.1787037037037037
4 0.4583333333333333 0.17222222222222222 0.10364583333333334 0.20185185185185187
0 0.35572916666666665 0.4185185185185185 0.10677083333333333 0.24814814814814815
