6 0.8130208333333333 0.4759259259259259 0.07239583333333334 0.10648148148148148
6 0.7984375 0.7083333333333334 0.09739583333333333 0.22592592592592592
2 0.7463541666666667 0.9907407407407407 0.08645833333333333 0.19814814814814816
2 0.6942708333333333 0.5592592592592592 0.10416666666666667 0.21851851851851853
0 0.20572916666666666 0.8407407407407408 0.078125 0.21574074074074073
4 0.5927083333333333 0.07685185185185185 0.0734375 0.2
2 0.8359375 0.3398148148148148 0.09010416666666667 0.1537037037037037
6 0.8411458333333334 0.5157407407407407 0.0859375 0.16111111111111112
7 0.8286458333333333 0.3527777777777778 0.07604166666666666 0.15648148148148147
2 0.7651041666666667 0.44907407407407407 0.0875 0.15833333333333333
4 0.5265625 0.937037037037037 0.10833333333333334 0.23981481481481481
2 0.8505208333333333 0.18981481481481483 0.0921875 0.21574074074074073
