1 0.8270833333333333 0.8240740740740741 0.06510416666666667 0.1388888888888889
6 0.6119791666666666 0.45555555555555555 0.08645833333333333 0.1537037037037037
2 0.78125 0.512962962962963 0.06614583333333333 0.13240740740740742
4 0.030729166666666665 0.4777777777777778 0.06875 0.16574074074074074
3 0.675 0.6944444444444444 0.0578125 0.07685185185185185
3 0.8661458333333333 0.43796296296296294 0.10677083333333333 0.17777777777777778
1 0.6572916666666667 0.3287037037037037 0.09427083333333333 0.17407407407407408
3 0.7708333333333334 0.7296296296296296 0.06302083333333333 0.075
2 0.9505208333333334 0.7064814814814815 0.1046875 0.16296296296296298
3 0.8036458333333333 0.5453703703703704 0.06197916666666667 0.10092592592592593
