2 0.31354166666666666 0.26296296296296295 0.06510416666666667 0.11296296296296296
1 0.2375 0.022222222222222223 0.08333333333333333 0.15833333333333333
4 0.9328125 0.7277777777777777 0.0875 0.15462962962962962
5 0.22239583333333332 0.7527777777777778 0.1734375 0.44537037037037036
3 0.5046875 0.8546296296296296 0.07552083333333333 0.1259259259259259
2 0.4421875 0.058333333333333334 0.07760416666666667 0.16018518518518518
2 0.45625 0.41574074074074074 0.049479166666666664 0.08425925925925926
2 0.4005208333333333 0.32407407407407407 0.11770833333333333 0.18055555555555555
6 0.425 0.38796296296296295 0.1140625 0.21851851851851853
6 0.459375 0.17037037037037037 0.06145833333333333 0.13518518518518519
3 0.44427083333333334 0.4074074074074074 0.11666666666666667 0.23981481481481481
4 0.1828125 0.6555555555555556 0.08072916666666667 0.2222222222222222
