4 0.9421875 0.47129629629629627 0.08645833333333333 0.1675925925925926
4 0.8588541666666667 0.625 0.0796875 0.18888888888888888
2 0.5822916666666667 0.6861111111111111 0.08645833333333333 0.13425925925925927
1 0.6182291666666667 0.6212962962962963 0.09583333333333334 0.17222222222222222
2 0.6447916666666667 0.1361111111111111 0.11666666666666667 0.21296296296296297
6 0.58125 0.8027777777777778 0.09791666666666667 0.13240740740740742
1 0.7421875 0.7157407407407408 0.0640625 0.125
3 0.7401041666666667 0.3972222222222222 0.09166666666666666 0.23333333333333334
7 0.8229166666666666 0.6722222222222223 0.10052083333333334 0.20925925925925926
6 0.6630208333333333 0.5425925925925926 0.11197916666666667 0.1925925925925926
