3 0.3098958333333333 0.4722222222222222 0.0578125 0.06851851851851852
2 0.5973958333333333 0.725925925925926 0.13541666666666666 0.1787037037037037
4 0.07395833333333333 0.008333333333333333 0.1046875 0.14444444444444443
7 0.13802083333333334 0.003703703703703704 0.07395833333333333 0.17685185185185184
1 0.621875 0.6240740740740741 0.1375 0.25555555555555554
6 0.5536458333333333 0.674074074074074 0.08125 0.1287037037037037
1 0.365625 0.8842592592592593 0.1046875 0.18055555555555555
7 0.45 0.38425925925925924 0.08802083333333334 0.14166666666666666
1 0.39375 0.7129629629629629 0.05416666666666667 0.11666666666666667
1 0.3541666666666667 0.5944444444444444 0.090625 0.17592592592592593
6 0.4 0.6537037037037037 0.12864583333333332 0.21296296296296297
4 0.6203125 0.6194444444444445 0.0828125 0.15833333333333333
