6 0.6765625 0.5277777777777778 0.10729166666666666 0.23055555555555557
0 0.44947916666666665 0.1685185185185185 0.10572916666666667 0.3888888888888889
1 0.5729166666666666 0.20555555555555555 0.12239583333333333 0.2064814814814815
1 0.796875 0.3731481481481482 0.11354166666666667 0.2916666666666667
7 0.13489583333333333 0.7759259259259259 0.07708333333333334 0.15833333333333333
2 0.6703125 0.375 0.075 0.10833333333333334
6 0.6369791666666667 0.41759259259259257 0.15208333333333332 0.2361111111111111
6 0.7192708333333333 0.674074074074074 0.06927083333333334 0.12129629629629629
2 0.7177083333333333 0.5777777777777777 0.07135416666666666 0.11296296296296296
4 0.08697916666666666 0.5212962962962963 0.109375 0.14444444444444443
6 0.6760416666666667 0.3435185185185185 0.12291666666666666 0.21296296296296297
6 0.6348958333333333 0.21851851851851853 0.153125 0.2675925925925926
1 0.8489583333333334 0.3453703703703704 0.06354166666666666 0.12314814814814815
4 0.6901041666666666 0.8601851851851852 0.096875 0.1824074074074074
