1 0.7036458333333333 0.20092592592592592 0.0515625 0.13055555555555556
5 0.521875 0.06481481481481481 0.1265625 0.38796296296296295
7 0.6223958333333334 0.3527777777777778 0.06666666666666667 0.17222222222222222
6 0.6989583333333333 0.3277777777777778 0.0984375 0.17222222222222222
6 0.7505208333333333 0.09166666666666666 0.1578125 0.3111111111111111
4 0.4375 0.3990740740740741 0.11822916666666666 0.17037037037037037
3 0.5421875 0.24351851851851852 0.11145833333333334 0.19444444444444445
7 0.5145833333333333 0.21388888888888888 0.10416666666666667 0.20555555555555555
1 0.815625 0.6111111111111112 0.06979166666666667 0.13148148148148148
4 0.12604166666666666 0.43333333333333335 0.10625 0.1685185185185185
6 0.6484375 0.5194444444444445 0.06458333333333334 0.11944444444444445
6 0.6713541666666667 0.07685185185185185 0.07916666666666666 0.16944444444444445
