4 0.45416666666666666 0.6555555555555556 0.07760416666666667 0.19074074074074074
4 0.007291666666666667 0.3962962962962963 0.05260416666666667 0.15925925925925927
6 0.09791666666666667 0.5861111111111111 0.10208333333333333 0.2675925925925926
0 0.5973958333333333 0.25925925925925924 0.11354166666666667 0.3907407407407407
3 0.058333333333333334 0.6324074074074074 0.06927083333333334 0.15925925925925927
7 0.9026041666666667 0.27870370370370373 0.07864583333333333 0.16111111111111112
6 0.3333333333333333 0.5574074074074075 0.13020833333333334 0.22314814814814815
6 0.1078125 0.45092592592592595 0.075 0.1361111111111111
2 0.26666666666666666 0.5092592592592593 0.0640625 0.10092592592592593
1 0.08333333333333333 0.38796296296296295 0.0734375 0.22685185185185186
3 0.353125 0.5888888888888889 0.13229166666666667 0.18888888888888888
2 0.23125 0.7314814814814815 0.059895833333333336 0.1259259259259259
1 0.1734375 0.6083333333333333 0.12447916666666667 0.25833333333333336
