6 0.378125 0.6861111111111111 0.14114583333333333 0.24074074074074073
6 0.5052083333333334 0.8435185185185186 0.04114583333333333 0.13333333333333333
2 0.6255208333333333 0.3296296296296296 0.0921875 0.17314814814814813
0 0.03958333333333333 0.8555555555555555 0.09270833333333334 0.2361111111111111
6 0.2875 0.6 0.11145833333333334 0.24537037037037038
4 0.771875 0.8564814814814815 0.071875 0.1675925925925926
3 0.615625 0.7129629629629629 0.0546875 0.14444444444444443
7 0.8859375 0.45555555555555555 0.0625 0.17407407407407408
4 0.7619791666666667 0.5203703703703704 0.10677083333333333 0.20555555555555555
1 0.64375 0.3287037037037037 0.05625 0.12037037037037036
1 0.4786458333333333 0.6666666666666666 0.07916666666666666 0.1814814814814815
6 0.37447916666666664 0.5388888888888889 0.1078125 0.1648148148148148
6 0.2328125 0.6638888888888889 0.09739583333333333 0.16574074074074074
