7 0.8776041666666666 0.9324074074074075 0.06666666666666667 0.1527777777777778
6 0.6869791666666667 0.8194444444444444 0.109375 0.18055555555555555
7 0.30833333333333335 0.6583333333333333 0.05364583333333333 0.14629629629629629
6 0.5958333333333333 0.5435185185185185 0.153125 0.24259259259259258
6 0.64375 0.5888888888888889 0.15520833333333334 0.2851851851851852
3 0.7088541666666667 0.6472222222222223 0.06614583333333333 0.08611111111111111
6 0.5291666666666667 0.41203703703703703 0.09270833333333334 0.1388888888888889
4 0.9057291666666667 0.7 0.08854166666666667 0.25277777777777777
2 0.5578125 0.5916666666666667 0.078125 0.13703703703703704
4 0.9109375 0.8342592592592593 0.10833333333333334 0.20925925925925926
