6 0.25677083333333334 0.39351851851851855 0.12395833333333334 0.22592592592592592
6 0.3640625 0.5981481481481481 0.059895833333333336 0.17222222222222222
4 0.9161458333333333 0.7064814814814815 0.08177083333333333 0.16944444444444445
2 0.38385416666666666 0.5351851851851852 0.13229166666666667 0.15925925925925927
6 0.540625 0.5916666666666667 0.15729166666666666 0.2222222222222222
4 0.7661458333333333 0.7703703703703704 0.075 0.20277777777777778
6 0.44583333333333336 0.5694444444444444 0.06614583333333333 0.11388888888888889
6 0.265625 0.4898148148148148 0.18854166666666666 0.27037037037037037
1 0.5010416666666667 0.32685185185185184 0.06510416666666667 0.11203703703703703
3 0.4395833333333333 0.32407407407407407 0.06458333333333334 0.12129629629629629
6 0.24791666666666667 0.5407407407407407 0.14322916666666666 0.2361111111111111
7 0.828125 0.45555555555555555 0.08020833333333334 0.16574074074074074
7 0.1859375 0.5268518518518519 0.0625 0.1527777777777778
