6 0.503125 0.5879629629629629 0.14375 0.25277777777777777
2 0.3802083333333333 0.8555555555555555 0.07135416666666666 0.11481481481481481
2 0.3671875 0.537962962962963 0.0546875 0.11296296296296296
6 0.3489583333333333 0.812962962962963 0.109375 0.18981481481481483
1 0.396875 0.9 0.096875 0.19907407407407407
1 0.13854166666666667 0.5277777777777778 0.09114583333333333 0.23981481481481481
0 0.4953125 0.27870370370370373 0.221875 0.47314814814814815
6 0.2791666666666667 0.5944444444444444 0.1359375 0.24166666666666667
6 0.28229166666666666 0.5287037037037037 0.14375 0.2657407407407407
3 0.7005208333333334 0.475 0.0515625 0.11574074074074074
