6 0.6255208333333333 0.5796296296296296 0.06979166666666667 0.17407407407407408
1 0.703125 0.32407407407407407 0.07552083333333333 0.14351851851851852
1 0.9401041666666666 0.17037037037037037 0.0625 0.1398148148148148
3 0.6630208333333333 0.3472222222222222 0.0703125 0.15833333333333333
6 0.8807291666666667 0.5685185185185185 0.14739583333333334 0.24444444444444444
1 0.6958333333333333 0.4351851851851852 0.1078125 0.19166666666666668
3 0.6833333333333333 0.5601851851851852 0.1125 0.16666666666666666
4 0.059375 0.20462962962962963 0.1046875 0.2074074074074074
2 0.8317708333333333 0.5092592592592593 0.08385416666666666 0.14351851851851852
2 0.8052083333333333 0.32407407407407407 0.04739583333333333 0.10833333333333334
