1 0.4942708333333333 0.7638888888888888 0.14635416666666667 0.2796296296296296
3 0.7395833333333334 0.46944444444444444 0.08072916666666667 0.13703703703703704
1 0.7494791666666667 0.587037037037037 0.07552083333333333 0.1388888888888889
1 0.46458333333333335 0.5842592592592593 0.09270833333333334 0.17685185185185184
3 0.271875 0.38796296296296295 0.12291666666666666 0.14444444444444443
6 0.540625 0.4009259259259259 0.078125 0.15092592592592594
7 0.08125 0.1685185185185185 0.08020833333333334 0.1935185185185185
4 0.9786458333333333 0.6361111111111111 0.058333333333333334 0.18981481481481483
6 0.6125 0.8138888888888889 0.0859375 0.1638888888888889
4 0.4348958333333333 0.002777777777777778 0.0875 0.17685185185185184
7 0.340625 0.462037037037037 0.1015625 0.16203703703703703
