2 0.7395833333333334 0.7703703703703704 0.0609375 0.08703703703703704
6 0.7947916666666667 0.44074074074074077 0.1265625 0.24351851851851852
1 0.8395833333333333 0.937962962962963 0.10260416666666666 0.21203703703703702
3 0.7859375 0.8074074074074075 0.08802083333333334 0.12314814814814815
6 0.6859375 0.3425925925925926 0.04895833333333333 0.11203703703703703
1 0.815625 0.5694444444444444 0.0953125 0.17407407407407408
6 0.6088541666666667 0.5509259259259259 0.0703125 0.14907407407407408
6 0.7708333333333334 0.5962962962962963 0.07552083333333333 0.13240740740740742
6 0.8130208333333333 0.6842592592592592 0.0796875 0.16944444444444445
2 0.9697916666666667 0.6287037037037037 0.09270833333333334 0.1675925925925926
