2 0.46875 0.31666666666666665 0.08333333333333333 0.15092592592592594
3 0.28958333333333336 0.85 0.07552083333333333 0.1685185185185185
3 0.45625 0.8907407407407407 0.03802083333333333 0.08888888888888889
4 0.7265625 0.950925925925926 0.0828125 0.19537037037037036
1 0.5942708333333333 0.4351851851851852 0.050520833333333334 0.15185185185185185
2 0.40208333333333335 0.7 0.06302083333333333 0.1111111111111111
6 0.375 0.5685185185185185 0.08177083333333333 0.10185185185185185
7 0.14322916666666666 0.5407407407407407 0.07552083333333333 0.16296296296296298
6 0.34322916666666664 0.6824074074074075 0.07864583333333333 0.1574074074074074
2 0.5109375 0.25092592592592594 0.0578125 0.10648148148148148
2 0.44166666666666665 0.8083333333333333 0.0890625 0.16666666666666666
4 0.3333333333333333 0.9935185185185185 0.065625 0.17037037037037037
