1 0.7494791666666667 0.5296296296296297 0.09583333333333334 0.2037037037037037
2 0.3572916666666667 0.36018518518518516 0.13802083333333334 0.22870370370370371
1 0.5739583333333333 0.4666666666666667 0.0546875 0.12777777777777777
4 0.6380208333333334 0.4351851851851852 0.09895833333333333 0.2
7 0.9098958333333333 0.3037037037037037 0.05416666666666667 0.18796296296296297
7 0.44895833333333335 0.6962962962962963 0.08385416666666666 0.1935185185185185
3 0.5692708333333333 0.975 0.058854166666666666 0.0712962962962963
1 0.6046875 0.29259259259259257 0.08541666666666667 0.17037037037037037
6 0.75625 0.899074074074074 0.1234375 0.19074074074074074
5 0.8864583333333333 0.20833333333333334 0.11614583333333334 0.3398148148148148
4 0.5546875 0.5888888888888889 0.11041666666666666 0.22870370370370371
1 0.59375 0.35185185185185186 0.0765625 0.1648148148148148
3 0.6447916666666667 0.8703703703703703 0.10208333333333333 0.1638888888888889
2 0.5765625 0.37962962962962965 0.08541666666666667 0.13518518518518519
6 0.7541666666666667 0.4083333333333333 0.153125 0.2611111111111111
