6 0.31979166666666664 0.43703703703703706 0.09635416666666667 0.15
3 0.40572916666666664 0.47129629629629627 0.06197916666666667 0.12407407407407407
5 0.4046875 0.5064814814814815 0.1265625 0.37962962962962965
1 0.18125 0.5574074074074075 0.15989583333333332 0.3453703703703704
1 0.559375 0.9398148148148148 0.07760416666666667 0.1537037037037037
1 0.3958333333333333 0.34444444444444444 0.0546875 0.15
1 0.4708333333333333 0.8046296296296296 0.06354166666666666 0.16574074074074074
2 0.3958333333333333 0.5916666666666667 0.10104166666666667 0.21388888888888888
3 0.28072916666666664 0.6129629629629629 0.07864583333333333 0.16574074074074074
6 0.5578125 0.6351851851851852 0.18125 0.27685185185185185
