4 0.9854166666666667 0.5740740740740741 0.04739583333333333 0.1787037037037037
6 0.8645833333333334 0.24722222222222223 0.1359375 0.24259259259259258
3 0.625 0.38425925925925924 0.08489583333333334 0.15833333333333333
6 0.5151041666666667 0.2851851851851852 0.121875 0.2564814814814815
2 0.7369791666666666 0.6481481481481481 0.13854166666666667 0.2175925925925926
1 0.6807291666666667 0.36018518518518516 0.07916666666666666 0.18518518518518517
6 0.7015625 0.46944444444444444 0.1 0.18425925925925926
6 0.5630208333333333 0.49907407407407406 0.10572916666666667 0.1425925925925926
6 0.39166666666666666 0.27037037037037037 0.09739583333333333 0.1574074074074074
6 0.6375 0.5453703703703704 0.11458333333333333 0.2
5 0.7552083333333334 0.6305555555555555 0.11145833333333334 0.30277777777777776
