6 0.09791666666666667 0.4981481481481482 0.06614583333333333 0.1537037037037037
6 0.11354166666666667 0.4787037037037037 0.15 0.30277777777777776
7 0.38125 0.25092592592592594 0.08697916666666666 0.19074074074074074
0 0.43125 0.06944444444444445 0.22083333333333333 0.5120370370370371
2 0.13645833333333332 0.7398148148148148 0.1046875 0.15462962962962962
1 0.25833333333333336 0.1361111111111111 0.0609375 0.13333333333333333
3 0.21770833333333334 0.11666666666666667 0.05572916666666667 0.10555555555555556
4 0.23333333333333334 0.0962962962962963 0.10364583333333334 0.16574074074074074
1 0.03958333333333333 0.4074074074074074 0.09895833333333333 0.2064814814814815
2 0.03229166666666667 0.48703703703703705 0.0578125 0.09907407407407408
4 0.013020833333333334 0.8768518518518519 0.0609375 0.1935185185185185
6 0.0026041666666666665 0.2111111111111111 0.08072916666666667 0.14814814814814814
7 0.2953125 0.6222222222222222 0.06666666666666667 0.175
6 0.2989583333333333 0.4675925925925926 0.11875 0.20462962962962963
2 0.18385416666666668 0.7898148148148149 0.10364583333333334 0.22314814814814815
