6 0.4588541666666667 0.4212962962962963 0.06822916666666666 0.12129629629629629
3 0.746875 0.26481481481481484 0.05520833333333333 0.08148148148148149
6 0.6510416666666666 0.28703703703703703 0.06875 0.1527777777777778
6 0.6453125 0.07407407407407407 0.10052083333333334 0.1787037037037037
4 0.0625 0.5740740740740741 0.075 0.2064814814814815
1 0.6421875 0.4861111111111111 0.058333333333333334 0.09722222222222222
4 0.6932291666666667 0.45555555555555555 0.10729166666666666 0.11481481481481481
3 0.471875 0.2490740740740741 0.058854166666666666 0.14074074074074075
2 0.6151041666666667 0.3212962962962963 0.0703125 0.12314814814814815
0 0.8104166666666667 0.49444444444444446 0.1421875 0.37222222222222223
1 0.44166666666666665 0.6481481481481481 0.14270833333333333 0.25092592592592594
6 0.7630208333333334 0.08703703703703704 0.1203125 0.22407407407407406
