1 0.47239583333333335 0.5157407407407407 0.06510416666666667 0.15555555555555556
3 0.5744791666666667 0.6388888888888888 0.071875 0.14907407407407408
7 0.07760416666666667 0.7824074074074074 0.078125 0.18796296296296297
2 0.6546875 0.7555555555555555 0.052083333333333336 0.09259259259259259
7 0.027083333333333334 0.8287037037037037 0.08854166666666667 0.15555555555555556
6 0.5671875 0.549074074074074 0.06510416666666667 0.1398148148148148
1 0.7317708333333334 0.262037037037037 0.13125 0.24259259259259258
6 0.47239583333333335 0.5305555555555556 0.1640625 0.2675925925925926
6 0.5036458333333333 0.49537037037037035 0.078125 0.1361111111111111
6 0.45208333333333334 0.7648148148148148 0.10208333333333333 0.19074074074074074
6 0.7109375 0.5101851851851852 0.1359375 0.225
4 0.6401041666666667 0.8175925925925925 0.11614583333333334 0.1648148148148148
4 0.2875 0.1 0.0765625 0.2111111111111111
