3 0.4666666666666667 0.5388888888888889 0.06197916666666667 0.10740740740740741
6 0.5036458333333333 0.9768518518518519 0.16927083333333334 0.3314814814814815
2 0.578125 0.44907407407407407 0.109375 0.2324074074074074
7 0.5666666666666667 0.5398148148148149 0.0765625 0.19537037037037036
1 0.4088541666666667 0.3592592592592593 0.0921875 0.16666666666666666
3 0.471875 0.45092592592592595 0.11145833333333334 0.17314814814814813
4 0.07239583333333334 0.04351851851851852 0.11145833333333334 0.25092592592592594
6 0.4666666666666667 0.12129629629629629 0.134375 0.20462962962962963
3 0.43802083333333336 0.26296296296296295 0.09635416666666667 0.21666666666666667
6 0.45208333333333334 0.4305555555555556 0.11666666666666667 0.225
6 0.5864583333333333 0.46574074074074073 0.0859375 0.1287037037037037
6 0.5125 0.47685185185185186 0.14322916666666666 0.28055555555555556
0 0.008854166666666666 0.0824074074074074 0.17447916666666666 0.41574074074074074
7 0.22447916666666667 0.3212962962962963 0.08958333333333333 0.15185185185185185
4 0.8859375 0.14351851851851852 0.10520833333333333 0.18796296296296297
