1 0.5796875 0.17777777777777778 0.09375 0.23333333333333334
4 0.5713541666666667 0.8083333333333333 0.0859375 0.1824074074074074
3 0.3104166666666667 0.3425925925925926 0.06822916666666666 0.1287037037037037
1 0.5671875 0.23796296296296296 0.08489583333333334 0.15462962962962962
6 0.5677083333333334 0.24444444444444444 0.15572916666666667 0.24166666666666667
4 0.5401041666666667 0.4777777777777778 0.0875 0.20092592592592592
3 0.5296875 0.5481481481481482 0.0515625 0.13703703703703704
6 0.346875 0.5916666666666667 0.090625 0.14722222222222223
2 0.6197916666666666 0.6361111111111111 0.09166666666666666 0.2074074074074074
0 0.7427083333333333 0.06296296296296296 0.10989583333333333 0.3851851851851852
3 0.7651041666666667 0.6342592592592593 0.0578125 0.15092592592592594
3 0.6057291666666667 0.03981481481481482 0.09166666666666666 0.14907407407407408
