6 0.26145833333333335 0.6657407407407407 0.09479166666666666 0.23055555555555557
4 0.696875 0.462037037037037 0.07083333333333333 0.22037037037037038
4 0.6786458333333333 0.9925925925925926 0.075 0.13240740740740742
7 0.884375 0.42685185185185187 0.13385416666666666 0.30277777777777776
6 0.4234375 0.55 0.109375 0.14629629629629629
6 0.37604166666666666 0.4824074074074074 0.16302083333333334 0.28425925925925927
1 0.30572916666666666 0.45555555555555555 0.125 0.27870370370370373
7 0.45729166666666665 0.49444444444444446 0.07552083333333333 0.20462962962962963
6 0.39739583333333334 0.44907407407407407 0.08229166666666667 0.14629629629629629
2 0.25677083333333334 0.562037037037037 0.12552083333333333 0.18796296296296297
0 0.7572916666666667 0.6574074074074074 0.11875 0.30925925925925923
