1 0.7265625 0.16574074074074074 0.07395833333333333 0.14074074074074075
6 0.7125 0.5685185185185185 0.1453125 0.23703703703703705
1 0.9390625 0.32037037037037036 0.10885416666666667 0.2064814814814815
4 0.18541666666666667 0.9731481481481481 0.07708333333333334 0.23333333333333334
1 0.8197916666666667 0.32407407407407407 0.08645833333333333 0.16296296296296298
6 0.8359375 0.3333333333333333 0.11979166666666667 0.2064814814814815
2 0.7458333333333333 0.5583333333333333 0.12760416666666666 0.19537037037037036
2 0.703125 0.549074074074074 0.07447916666666667 0.1175925925925926
3 0.9088541666666666 0.2037037037037037 0.04635416666666667 0.09166666666666666
1 0.7677083333333333 0.6814814814814815 0.11822916666666666 0.22870370370370371
6 0.9489583333333333 0.26666666666666666 0.08541666666666667 0.13796296296296295
