1 0.36822916666666666 0.6092592592592593 0.057291666666666664 0.14629629629629629
6 0.7729166666666667 0.3851851851851852 0.10833333333333334 0.13796296296296295
4 0.5380208333333333 0.37407407407407406 0.07916666666666666 0.19814814814814816
6 0.25625 0.11574074074074074 0.09010416666666667 0.14166666666666666
2 0.5182291666666666 0.9814814814814815 0.04479166666666667 0.08518518518518518
2 0.2947916666666667 0.34629629629629627 0.08802083333333334 0.14907407407407408
3 0.4296875 0.6287037037037037 0.0984375 0.1361111111111111
1 0.30833333333333335 0.42592592592592593 0.0953125 0.24537037037037038
6 0.6421875 0.08425925925925926 0.115625 0.2518518518518518
3 0.4708333333333333 0.7814814814814814 0.0625 0.09537037037037037
6 0.5375 0.4601851851851852 0.17239583333333333 0.25555555555555554
