7 0.06979166666666667 0.2611111111111111 0.08020833333333334 0.19074074074074074
6 0.3796875 0.275 0.14791666666666667 0.1962962962962963
4 0.7817708333333333 0.9361111111111111 0.0765625 0.19444444444444445
3 0.4822916666666667 0.17777777777777778 0.09895833333333333 0.20277777777777778
6 0.8401041666666667 0.49444444444444446 0.075 0.1787037037037037
6 0.6416666666666667 0.2638888888888889 0.14270833333333333 0.2101851851851852
2 0.5505208333333333 0.21666666666666667 0.10052083333333334 0.15925925925925927
3 0.3421875 0.3 0.06041666666666667 0.13703703703703704
6 0.36875 0.49444444444444446 0.11197916666666667 0.18888888888888888
6 0.40208333333333335 0.5 0.13333333333333333 0.22592592592592592
6 0.6291666666666667 0.37592592592592594 0.07447916666666667 0.1787037037037037
4 0.34270833333333334 0.5222222222222223 0.09895833333333333 0.20277777777777778
