1 0.48541666666666666 0.6888888888888889 0.06927083333333334 0.1361111111111111
4 0.515625 0.12407407407407407 0.09322916666666667 0.1638888888888889
3 0.35833333333333334 0.649074074074074 0.078125 0.17407407407407408
2 0.4453125 0.45925925925925926 0.07708333333333334 0.13425925925925927
1 0.5739583333333333 0.7314814814814815 0.09270833333333334 0.16018518518518518
6 0.4583333333333333 0.6666666666666666 0.09010416666666667 0.15648148148148147
6 0.3802083333333333 0.6907407407407408 0.15260416666666668 0.2601851851851852
0 0.4796875 0.4527777777777778 0.18802083333333333 0.4648148148148148
6 0.4 0.3101851851851852 0.07760416666666667 0.12777777777777777
6 0.3984375 0.3212962962962963 0.17708333333333334 0.33240740740740743
6 0.3671875 0.5222222222222223 0.07916666666666666 0.18796296296296297
1 0.503125 0.6620370370370371 0.1421875 0.2574074074074074
4 0.2703125 0.4935185185185185 0.06927083333333334 0.18888888888888888
