6 0.4265625 0.7129629629629629 0.1515625 0.225
6 0.5276041666666667 0.8833333333333333 0.0796875 0.17407407407407408
4 0.8213541666666667 0.5657407407407408 0.08697916666666666 0.22592592592592592
6 0.4671875 0.8805555555555555 0.128125 0.2972222222222222
2 0.6807291666666667 0.8731481481481481 0.09947916666666666 0.175
6 0.6166666666666667 0.8759259259259259 0.09479166666666666 0.17777777777777778
2 0.5213541666666667 0.44351851851851853 0.06041666666666667 0.08703703703703704
1 0.37604166666666666 0.4148148148148148 0.1390625 0.24351851851851852
5 0.5276041666666667 0.9157407407407407 0.14166666666666666 0.42685185185185187
1 0.6796875 0.5268518518518519 0.10208333333333333 0.1935185185185185
6 0.4869791666666667 0.6666666666666666 0.14114583333333333 0.25092592592592594
4 0.6489583333333333 0.6824074074074075 0.09479166666666666 0.21666666666666667
