2 0.7973958333333333 0.22592592592592592 0.15104166666666666 0.20925925925925926
6 0.9776041666666667 0.29259259259259257 0.10989583333333333 0.19444444444444445
4 0.20833333333333334 0.49166666666666664 0.06041666666666667 0.20555555555555555
3 0.725 0.4148148148148148 0.0796875 0.15555555555555556
6 0.7822916666666667 0.6546296296296297 0.14583333333333334 0.2657407407407407
2 0.7640625 0.4222222222222222 0.06354166666666666 0.09166666666666666
2 0.6151041666666667 0.29444444444444445 0.05625 0.09722222222222222
2 0.8302083333333333 0.18611111111111112 0.09635416666666667 0.11851851851851852
3 0.6932291666666667 0.17222222222222222 0.05 0.10462962962962963
5 0.08125 0.4925925925925926 0.15052083333333333 0.39537037037037037
