7 0.5505208333333333 0.48703703703703705 0.12395833333333334 0.23425925925925925
6 0.5828125 0.55 0.0984375 0.14814814814814814
4 0.078125 0.5435185185185185 0.09322916666666667 0.18888888888888888
2 0.8338541666666667 0.5648148148148148 0.1171875 0.20555555555555555
7 0.6697916666666667 0.8870370370370371 0.06666666666666667 0.17962962962962964
2 0.8145833333333333 0.6907407407407408 0.14114583333333333 0.2064814814814815
6 0.7713541666666667 0.5185185185185185 0.11510416666666666 0.26851851851851855
2 0.6703125 0.9009259259259259 0.08125 0.14166666666666666
6 0.6010416666666667 0.7398148148148148 0.10416666666666667 0.1712962962962963
4 0.4005208333333333 0.8703703703703703 0.08229166666666667 0.13796296296296295
1 0.590625 0.887962962962963 0.09583333333333334 0.18981481481481483
1 0.4979166666666667 0.8583333333333333 0.1328125 0.2759259259259259
3 0.6677083333333333 0.7175925925925926 0.04739583333333333 0.17685185185185184
1 0.7442708333333333 0.5703703703703704 0.08333333333333333 0.16574074074074074
