1 0.37395833333333334 0.5453703703703704 0.10989583333333333 0.2324074074074074
2 0.25625 0.3277777777777778 0.10885416666666667 0.17685185185185184
4 0.07291666666666667 0.9527777777777777 0.08697916666666666 0.1527777777777778
1 0.4125 0.38796296296296295 0.08333333333333333 0.21851851851851853
6 0.33697916666666666 0.6240740740740741 0.18854166666666666 0.30092592592592593
7 0.33125 0.3712962962962963 0.06614583333333333 0.1925925925925926
4 0.29739583333333336 0.37037037037037035 0.10677083333333333 0.1787037037037037
6 0.1046875 0.37407407407407406 0.1390625 0.2101851851851852
3 0.2916666666666667 0.549074074074074 0.0890625 0.1574074074074074
6 0.3723958333333333 0.38333333333333336 0.05 0.10925925925925926
6 0.059895833333333336 0.37777777777777777 0.0859375 0.14907407407407408
1 0.3453125 0.5842592592592593 0.13385416666666666 0.25462962962962965
