6 0.428125 0.8759259259259259 0.06458333333333334 0.12222222222222222
6 0.6244791666666667 0.6675925925925926 0.09375 0.18333333333333332
6 0.5989583333333334 0.7944444444444444 0.06666666666666667 0.1259259259259259
3 0.6307291666666667 0.6398148148148148 0.05677083333333333 0.13333333333333333
6 0.6255208333333333 0.4675925925925926 0.08177083333333333 0.13425925925925927
6 0.7614583333333333 0.6944444444444444 0.1296875 0.1962962962962963
6 0.6114583333333333 0.39351851851851855 0.11927083333333334 0.22592592592592592
2 0.7145833333333333 0.7287037037037037 0.11666666666666667 0.18981481481481483
1 0.3385416666666667 0.8731481481481481 0.12760416666666666 0.21944444444444444
5 0.4401041666666667 0.17962962962962964 0.18177083333333333 0.38055555555555554
1 0.6864583333333333 0.2638888888888889 0.12083333333333333 0.22870370370370371
