2 0.5307291666666667 0.23333333333333334 0.06666666666666667 0.1398148148148148
1 0.42239583333333336 0.41944444444444445 0.08072916666666667 0.17685185185185184
4 0.47291666666666665 0.8074074074074075 0.07708333333333334 0.19814814814814816
6 0.5020833333333333 0.26851851851851855 0.09895833333333333 0.1648148148148148
6 0.5598958333333334 0.14907407407407408 0.08072916666666667 0.11666666666666667
6 0.25677083333333334 0.5990740740740741 0.14166666666666666 0.26481481481481484
7 0.3171875 0.8333333333333334 0.07552083333333333 0.1537037037037037
2 0.378125 0.07685185185185185 0.06041666666666667 0.17962962962962964
6 0.3458333333333333 0.2518518518518518 0.1 0.18333333333333332
1 0.3338541666666667 0.15 0.1359375 0.2712962962962963
4 0.3026041666666667 0.37592592592592594 0.09583333333333334 0.18055555555555555
6 0.3255208333333333 0.287962962962963 0.14270833333333333 0.25
