7 0.11197916666666667 0.2712962962962963 0.06927083333333334 0.20833333333333334
1 0.6958333333333333 0.6055555555555555 0.09583333333333334 0.19166666666666668
6 0.32916666666666666 0.7888888888888889 0.0921875 0.15092592592592594
2 0.5958333333333333 0.4925925925925926 0.0875 0.18611111111111112
1 0.4953125 0.7703703703703704 0.10677083333333333 0.1814814814814815
6 0.40989583333333335 0.5657407407407408 0.11041666666666666 0.24351851851851852
3 0.7463541666666667 0.33425925925925926 0.059895833333333336 0.07037037037037037
5 0.05260416666666667 0.8388888888888889 0.1546875 0.4148148148148148
6 0.6140625 0.39537037037037037 0.159375 0.25833333333333336
6 0.5765625 0.7777777777777778 0.159375 0.29259259259259257
4 0.08645833333333333 0.022222222222222223 0.057291666666666664 0.17685185185185184
4 0.5036458333333333 0.4388888888888889 0.06979166666666667 0.19537037037037036
6 0.728125 0.5203703703703704 0.07291666666666667 0.12685185185185185
7 0.8338541666666667 0.4962962962962963 0.07864583333333333 0.13518518518518519
