6 0.7145833333333333 0.7574074074074074 0.13489583333333333 0.23425925925925925
2 0.721875 0.37777777777777777 0.09583333333333334 0.15648148148148147
6 0.6973958333333333 0.34074074074074073 0.14479166666666668 0.262037037037037
1 0.853125 0.3212962962962963 0.10416666666666667 0.23703703703703705
2 0.6369791666666667 0.24814814814814815 0.053125 0.09166666666666666
6 0.6135416666666667 0.7935185185185185 0.10364583333333334 0.18611111111111112
2 0.721875 0.15648148148148147 0.07760416666666667 0.12222222222222222
6 0.8088541666666667 0.49444444444444446 0.090625 0.15
7 0.975 0.9037037037037037 0.08697916666666666 0.17962962962962964
6 0.5583333333333333 0.3472222222222222 0.1046875 0.15092592592592594
4 0.18072916666666666 0.5138888888888888 0.1015625 0.23148148148148148
6 0.6875 0.6703703703703704 0.07864583333333333 0.13148148148148148
4 0.915625 0.22685185185185186 0.08697916666666666 0.13518518518518519
