1 0.7182291666666667 0.24722222222222223 0.1375 0.26481481481481484
6 0.5078125 0.6509259259259259 0.15260416666666668 0.22592592592592592
3 0.28802083333333334 0.49722222222222223 0.06770833333333333 0.11944444444444445
2 0.540625 0.3509259259259259 0.09739583333333333 0.16574074074074074
0 0.5067708333333333 0.7583333333333333 0.18489583333333334 0.4898148148148148
6 0.5416666666666666 0.3537037037037037 0.090625 0.15185185185185185
6 0.2911458333333333 0.6111111111111112 0.14427083333333332 0.22685185185185186
2 0.6088541666666667 0.7018518518518518 0.13385416666666666 0.22592592592592592
6 0.19375 0.8398148148148148 0.09114583333333333 0.17685185185185184
1 0.4640625 0.6842592592592592 0.10052083333333334 0.20092592592592592
