4 0.696875 0.5092592592592593 0.06875 0.1685185185185185
2 0.6244791666666667 0.4064814814814815 0.07291666666666667 0.1111111111111111
6 0.4276041666666667 0.6324074074074074 0.0859375 0.16018518518518518
0 0.26458333333333334 0.3425925925925926 0.12135416666666667 0.4148148148148148
6 0.5921875 0.6222222222222222 0.12552083333333333 0.18796296296296297
4 0.42291666666666666 0.49722222222222223 0.08854166666666667 0.175
6 0.6828125 0.2490740740740741 0.11197916666666667 0.20462962962962963
3 0.5682291666666667 0.4842592592592593 0.06510416666666667 0.11481481481481481
6 0.47552083333333334 0.33425925925925926 0.13541666666666666 0.24351851851851852
6 0.565625 0.7583333333333333 0.09635416666666667 0.2101851851851852
2 0.5 0.6657407407407407 0.09791666666666667 0.15555555555555556
