1 0.16510416666666666 0.5268518518518519 0.11875 0.2712962962962963
6 0.0578125 0.6287037037037037 0.15104166666666666 0.2601851851851852
6 0.10520833333333333 0.21203703703703702 0.14895833333333333 0.2101851851851852
4 0.8536458333333333 0.4925925925925926 0.09479166666666666 0.1527777777777778
2 0.12447916666666667 0.22870370370370371 0.084375 0.16666666666666666
6 0.1046875 0.4861111111111111 0.19947916666666668 0.28888888888888886
2 0.12239583333333333 0.7444444444444445 0.08333333333333333 0.1259259259259259
6 0.0671875 0.562037037037037 0.10833333333333334 0.2
4 0.4010416666666667 0.15462962962962962 0.09791666666666667 0.22314814814814815
7 0.7453125 0.1648148148148148 0.07239583333333334 0.18981481481481483
7 0.15 0.30925925925925923 0.06145833333333333 0.1712962962962963
0 0.28072916666666664 0.45740740740740743 0.09270833333333334 0.23333333333333334
6 0.265625 0.275 0.12552083333333333 0.2101851851851852
