6 0.33229166666666665 0.5907407407407408 0.05416666666666667 0.09722222222222222
6 0.5166666666666667 0.44722222222222224 0.11197916666666667 0.20185185185185187
4 0.9953125 0.8675925925925926 0.08489583333333334 0.16296296296296298
2 0.5390625 0.5583333333333333 0.09791666666666667 0.17407407407407408
2 0.40989583333333335 0.7888888888888889 0.0875 0.12407407407407407
4 0.0953125 0.524074074074074 0.065625 0.1814814814814815
3 0.44166666666666665 0.7916666666666666 0.07760416666666667 0.18888888888888888
6 0.5692708333333333 0.5351851851851852 0.14114583333333333 0.22592592592592592
2 0.26666666666666666 0.4675925925925926 0.06041666666666667 0.1
2 0.3984375 0.387037037037037 0.06197916666666667 0.12685185185185185
3 0.4640625 0.2611111111111111 0.08385416666666666 0.15925925925925927
7 0.446875 0.45092592592592595 0.07239583333333334 0.14814814814814814
7 0.28541666666666665 0.028703703703703703 0.06145833333333333 0.18611111111111112
