6 0.48385416666666664 0.34074074074074073 0.16510416666666666 0.29259259259259257
7 0.33125 0.8796296296296297 0.07864583333333333 0.17407407407407408
4 0.5223958333333333 0.31666666666666665 0.07083333333333333 0.175
3 0.5317708333333333 0.43703703703703706 0.06510416666666667 0.13703703703703704
2 0.4786458333333333 0.35185185185185186 0.12135416666666667 0.20185185185185187
4 0.48333333333333334 0.6759259259259259 0.09166666666666666 0.15648148148148147
6 0.41302083333333334 0.6101851851851852 0.057291666666666664 0.18611111111111112
3 0.5390625 0.31666666666666665 0.0640625 0.19537037037037036
6 0.43385416666666665 0.5212962962962963 0.1390625 0.262037037037037
6 0.653125 0.4777777777777778 0.1328125 0.1962962962962963
7 0.6244791666666667 0.6111111111111112 0.05520833333333333 0.15185185185185185
2 0.6489583333333333 0.45555555555555555 0.08020833333333334 0.15555555555555556
3 0.6807291666666667 0.13333333333333333 0.06979166666666667 0.14074074074074075
