0 0.45364583333333336 0.47129629629629627 0.10520833333333333 0.2898148148148148
2 0.5604166666666667 0.3814814814814815 0.05625 0.07407407407407407
6 0.45989583333333334 0.8574074074074074 0.0390625 0.1175925925925926
6 0.45729166666666665 0.4685185185185185 0.08854166666666667 0.15
1 0.5817708333333333 0.7564814814814815 0.057291666666666664 0.11018518518518519
1 0.34739583333333335 0.6685185185185185 0.051041666666666666 0.13796296296296295
1 0.621875 0.425 0.084375 0.1638888888888889
3 0.5567708333333333 0.6814814814814815 0.0640625 0.1388888888888889
3 0.5515625 0.6425925925925926 0.11354166666666667 0.14166666666666666
6 0.7208333333333333 0.16666666666666666 0.0765625 0.11666666666666667
6 0.4765625 0.8064814814814815 0.08489583333333334 0.18425925925925926
