6 0.490625 0.6953703703703704 0.09322916666666667 0.11851851851851852
5 0.0171875 0.06388888888888888 0.20885416666666667 0.4824074074074074
4 0.6010416666666667 0.09907407407407408 0.08125 0.22685185185185186
6 0.9682291666666667 0.45185185185185184 0.1359375 0.262037037037037
6 0.4942708333333333 0.6351851851851852 0.10052083333333334 0.1574074074074074
7 0.09375 0.912962962962963 0.0890625 0.24537037037037038
6 0.5026041666666666 0.33611111111111114 0.08020833333333334 0.14351851851851852
3 0.6442708333333333 0.5166666666666667 0.06458333333333334 0.15555555555555556
7 0.6984375 0.3435185185185185 0.08541666666666667 0.1388888888888889
2 0.7072916666666667 0.6194444444444445 0.12291666666666666 0.21851851851851853
4 0.8479166666666667 0.9064814814814814 0.06927083333333334 0.21296296296296297
1 0.8072916666666666 0.32685185185185184 0.11770833333333333 0.21666666666666667
1 0.7171875 0.4759259259259259 0.10260416666666666 0.2490740740740741
6 0.41822916666666665 0.35462962962962963 0.0921875 0.19074074074074074
1 0.6385416666666667 0.6842592592592592 0.07552083333333333 0.14537037037037037
