4 0.784375 0.006481481481481481 0.10104166666666667 0.2324074074074074
7 0.5239583333333333 0.7916666666666666 0.0765625 0.19722222222222222
4 0.6390625 0.8416666666666667 0.08958333333333333 0.20092592592592592
7 0.22135416666666666 0.09444444444444444 0.0890625 0.12129629629629629
3 0.3302083333333333 0.5444444444444444 0.0515625 0.09166666666666666
5 0.45677083333333335 0.04814814814814815 0.13072916666666667 0.2972222222222222
1 0.0046875 0.6805555555555556 0.08854166666666667 0.17685185185185184
6 0.4505208333333333 0.6444444444444445 0.075 0.13333333333333333
3 0.32916666666666666 0.6027777777777777 0.0921875 0.18981481481481483
6 0.2875 0.8685185185185185 0.11458333333333333 0.20185185185185187
