6 0.7317708333333334 0.9740740740740741 0.0875 0.1787037037037037
4 0.6713541666666667 0.6435185185185185 0.0625 0.16296296296296298
2 0.8125 0.6509259259259259 0.08385416666666666 0.14814814814814814
3 0.878125 0.8685185185185185 0.071875 0.14722222222222223
1 0.5473958333333333 0.5638888888888889 0.057291666666666664 0.11574074074074074
2 0.8213541666666667 0.24814814814814815 0.08072916666666667 0.12777777777777777
5 0.8109375 0.5712962962962963 0.121875 0.3333333333333333
1 0.8869791666666667 0.3490740740740741 0.10104166666666667 0.20555555555555555
4 0.884375 0.053703703703703705 0.09270833333333334 0.12962962962962962
2 0.7380208333333333 0.725 0.09322916666666667 0.1287037037037037
1 0.9479166666666666 0.9981481481481481 0.10104166666666667 0.18796296296296297
6 0.8109375 0.6472222222222223 0.16770833333333332 0.3175925925925926
