2 0.6109375 0.16018518518518518 0.058854166666666666 0.13148148148148148
2 0.9291666666666667 0.3425925925925926 0.13072916666666667 0.1537037037037037
3 0.7739583333333333 0.412962962962963 0.03697916666666667 0.08981481481481482
1 0.5364583333333334 0.600925925925926 0.115625 0.25555555555555554
6 0.95625 0.6157407407407407 0.0546875 0.14444444444444443
4 0.7895833333333333 0.32222222222222224 0.0421875 0.17962962962962964
5 0.7135416666666666 0.7092592592592593 0.16666666666666666 0.4462962962962963
3 0.7817708333333333 0.008333333333333333 0.03697916666666667 0.09166666666666666
2 0.7265625 0.47685185185185186 0.07135416666666666 0.10555555555555556
4 0.21145833333333333 0.0 0.07604166666666666 0.10648148148148148
