2 0.47760416666666666 0.125 0.11041666666666666 0.18703703703703703
2 0.615625 0.5407407407407407 0.07447916666666667 0.14907407407407408
6 0.5348958333333333 0.6212962962962963 0.06770833333333333 0.10277777777777777
6 0.6229166666666667 0.7157407407407408 0.07708333333333334 0.15185185185185185
1 0.7838541666666666 0.7666666666666667 0.071875 0.18333333333333332
4 0.36666666666666664 0.8481481481481481 0.06510416666666667 0.2222222222222222
6 0.884375 0.5462962962962963 0.12864583333333332 0.16296296296296298
6 0.6755208333333333 0.45925925925925926 0.12760416666666666 0.19814814814814816
3 0.5333333333333333 0.24259259259259258 0.07447916666666667 0.14629629629629629
6 0.6229166666666667 0.37592592592592594 0.10833333333333334 0.18518518518518517
2 0.5505208333333333 0.7083333333333334 0.11302083333333333 0.1638888888888889
