4 0.009895833333333333 0.44537037037037036 0.10677083333333333 0.1962962962962963
3 0.065625 0.3814814814814815 0.0578125 0.11574074074074074
4 0.5286458333333334 0.737037037037037 0.08958333333333333 0.2222222222222222
0 0.2625 0.2361111111111111 0.08229166666666667 0.22592592592592592
3 0.05572916666666667 0.2972222222222222 0.06666666666666667 0.11388888888888889
3 0.278125 0.2824074074074074 0.08072916666666667 0.2611111111111111
2 0.184375 0.1675925925925926 0.1078125 0.18611111111111112
3 0.31614583333333335 0.6796296296296296 0.059375 0.1287037037037037
3 0.25729166666666664 0.3527777777777778 0.09791666666666667 0.15648148148148147
1 0.19791666666666666 0.12685185185185185 0.12395833333333334 0.24074074074074073
7 0.4171875 0.5111111111111111 0.0796875 0.1361111111111111
3 0.1390625 0.6018518518518519 0.0828125 0.1675925925925926
3 0.0203125 0.15092592592592594 0.07708333333333334 0.16666666666666666
2 0.40625 0.03518518518518519 0.06875 0.09351851851851851
