3 0.9052083333333333 0.7648148148148148 0.12552083333333333 0.19814814814814816
6 0.7671875 0.1685185185185185 0.109375 0.19074074074074074
2 0.76875 0.36944444444444446 0.06145833333333333 0.10277777777777777
4 0.2875 0.9861111111111112 0.065625 0.1675925925925926
4 0.7307291666666667 0.8898148148148148 0.08125 0.15185185185185185
0 0.796875 0.7583333333333333 0.19375 0.4759259259259259
3 0.6036458333333333 0.3787037037037037 0.115625 0.20925925925925926
6 0.9484375 0.41203703703703703 0.06614583333333333 0.11388888888888889
2 0.8015625 0.6805555555555556 0.07552083333333333 0.13055555555555556
6 0.8614583333333333 0.7407407407407407 0.121875 0.21574074074074073
7 0.7671875 0.6101851851851852 0.058333333333333334 0.18796296296296297
