3 0.246875 0.5685185185185185 0.07760416666666667 0.09259259259259259
1 0.01875 0.7472222222222222 0.096875 0.21944444444444444
6 0.033854166666666664 0.7351851851851852 0.16302083333333334 0.2064814814814815
6 0.3296875 0.7777777777777778 0.09479166666666666 0.15
2 0.3333333333333333 0.7055555555555556 0.06666666666666667 0.10833333333333334
4 0.940625 0.0 0.06614583333333333 0.19444444444444445
2 0.3020833333333333 0.5342592592592592 0.10208333333333333 0.17037037037037037
4 0.9192708333333334 0.49166666666666664 0.1046875 0.17407407407407408
3 0.04479166666666667 0.44351851851851853 0.0453125 0.09444444444444444
6 0.18177083333333333 0.5425925925925926 0.11822916666666666 0.24074074074074073
