1 0.28489583333333335 0.9148148148148149 0.07864583333333333 0.1527777777777778
6 0.31614583333333335 0.7101851851851851 0.12135416666666667 0.20092592592592592
6 0.4109375 0.35833333333333334 0.1140625 0.2064814814814815
4 0.903125 0.006481481481481481 0.0640625 0.16666666666666666
1 0.2453125 0.5787037037037037 0.10572916666666667 0.23148148148148148
2 0.4015625 0.75 0.090625 0.13796296296296295
2 0.018229166666666668 0.1824074074074074 0.050520833333333334 0.08518518518518518
4 0.4088541666666667 0.07037037037037037 0.08802083333333334 0.19907407407407407
1 0.153125 0.6435185185185185 0.11770833333333333 0.23055555555555557
2 0.3140625 0.662962962962963 0.09479166666666666 0.18703703703703703
1 0.5229166666666667 0.9648148148148148 0.07552083333333333 0.1537037037037037
7 0.22552083333333334 0.5296296296296297 0.07552083333333333 0.18703703703703703
6 0.2875 0.6416666666666667 0.09114583333333333 0.16111111111111112
7 0.978125 0.35833333333333334 0.07916666666666666 0.16203703703703703
