3 0.3645833333333333 0.41759259259259257 0.0546875 0.1259259259259259
3 0.47708333333333336 0.799074074074074 0.06510416666666667 0.1537037037037037
6 0.6442708333333333 0.5203703703703704 0.09166666666666666 0.16203703703703703
6 0.5234375 0.5037037037037037 0.14635416666666667 0.2564814814814815
6 0.4322916666666667 0.49722222222222223 0.0875 0.1175925925925926
6 0.4375 0.6925925925925925 0.06979166666666667 0.08796296296296297
6 0.28958333333333336 0.6268518518518519 0.1 0.14907407407407408
6 0.290625 0.18703703703703703 0.09479166666666666 0.17222222222222222
5 0.7625 0.6944444444444444 0.10989583333333333 0.3175925925925926
3 0.4869791666666667 0.13796296296296295 0.0828125 0.19537037037037036
6 0.409375 0.8518518518518519 0.06614583333333333 0.1388888888888889
