3 0.14270833333333333 0.47685185185185186 0.04895833333333333 0.10925925925925926
6 0.37864583333333335 0.46111111111111114 0.0921875 0.16296296296296298
7 0.89375 0.4101851851851852 0.10572916666666667 0.21851851851851853
6 0.2833333333333333 0.15555555555555556 0.051041666666666666 0.12407407407407407
2 0.4786458333333333 0.5324074074074074 0.10260416666666666 0.14907407407407408
4 0.0328125 0.6398148148148148 0.08854166666666667 0.21481481481481482
3 0.3645833333333333 0.6611111111111111 0.10885416666666667 0.21574074074074073
2 0.27708333333333335 0.20925925925925926 0.1453125 0.22407407407407406
6 0.47708333333333336 0.850925925925926 0.0640625 0.10462962962962963
4 0.6807291666666667 0.05740740740740741 0.05364583333333333 0.16203703703703703
6 0.4875 0.4027777777777778 0.17135416666666667 0.24722222222222223
2 0.37916666666666665 0.30092592592592593 0.07083333333333333 0.11574074074074074
2 0.18333333333333332 0.2574074074074074 0.1359375 0.17962962962962964
