3 0.47708333333333336 0.2953703703703704 0.0703125 0.14166666666666666
2 0.53125 0.6083333333333333 0.06770833333333333 0.12129629629629629
7 0.5338541666666666 0.05277777777777778 0.06927083333333334 0.15833333333333333
6 0.39427083333333335 0.41203703703703703 0.13697916666666668 0.23796296296296296
7 0.5869791666666667 0.2675925925925926 0.07864583333333333 0.1712962962962963
4 0.3182291666666667 0.7194444444444444 0.11197916666666667 0.22870370370370371
2 0.540625 0.8851851851851852 0.12708333333333333 0.20925925925925926
1 0.5958333333333333 0.3509259259259259 0.14947916666666666 0.2712962962962963
6 0.5270833333333333 0.4361111111111111 0.12552083333333333 0.22037037037037038
6 0.3671875 0.12314814814814815 0.1359375 0.1824074074074074
5 0.3463541666666667 0.020370370370370372 0.13645833333333332 0.42962962962962964
6 0.6302083333333334 0.44814814814814813 0.06822916666666666 0.17407407407407408
2 0.5661458333333333 0.7851851851851852 0.07083333333333333 0.1638888888888889
4 0.48489583333333336 0.9972222222222222 0.09479166666666666 0.18333333333333332
2 0.4822916666666667 0.5537037037037037 0.0796875 0.11666666666666667
