3 0.5197916666666667 0.5972222222222222 0.1296875 0.19074074074074074
2 0.27239583333333334 0.8935185185185185 0.04895833333333333 0.1175925925925926
3 0.21822916666666667 0.26851851851851855 0.044270833333333336 0.0787037037037037
2 0.3182291666666667 0.15833333333333333 0.103125 0.21296296296296297
6 0.25052083333333336 0.38981481481481484 0.08645833333333333 0.14537037037037037
1 0.3046875 0.1935185185185185 0.10416666666666667 0.2388888888888889
6 0.321875 0.48148148148148145 0.08958333333333333 0.13240740740740742
4 0.8442708333333333 0.6666666666666666 0.1046875 0.18796296296296297
6 0.42916666666666664 0.5685185185185185 0.17447916666666666 0.3138888888888889
3 0.3958333333333333 0.3925925925925926 0.11354166666666667 0.13425925925925927
4 0.5140625 0.1787037037037037 0.06614583333333333 0.16944444444444445
7 0.6484375 0.9555555555555556 0.146875 0.2675925925925926
6 0.23177083333333334 0.2740740740740741 0.1484375 0.18425925925925926
