3 0.7302083333333333 0.4527777777777778 0.07916666666666666 0.13703703703703704
2 0.8572916666666667 0.575925925925926 0.12291666666666666 0.20092592592592592
6 0.8557291666666667 0.4842592592592593 0.1171875 0.16574074074074074
0 0.40625 0.35555555555555557 0.11145833333333334 0.45555555555555555
4 0.15260416666666668 0.9537037037037037 0.09583333333333334 0.19907407407407407
6 0.584375 0.6648148148148149 0.11145833333333334 0.15092592592592594
3 0.7005208333333334 0.21666666666666667 0.09895833333333333 0.15925925925925927
4 0.8552083333333333 0.1824074074074074 0.08541666666666667 0.1962962962962963
6 0.7875 0.42962962962962964 0.1 0.19444444444444445
7 0.7067708333333333 0.43333333333333335 0.06666666666666667 0.16018518518518518
