1 0.14375 0.6092592592592593 0.1171875 0.23425925925925925
0 0.7953125 0.6342592592592593 0.08072916666666667 0.36574074074074076
3 0.34427083333333336 0.3194444444444444 0.05364583333333333 0.08055555555555556
6 0.20104166666666667 0.6388888888888888 0.13333333333333333 0.2861111111111111
6 0.3078125 0.8287037037037037 0.15572916666666667 0.2824074074074074
1 0.1890625 0.5064814814814815 0.0859375 0.20462962962962963
2 0.065625 0.4046296296296296 0.10260416666666666 0.19074074074074074
1 0.39166666666666666 0.5814814814814815 0.07083333333333333 0.1388888888888889
2 0.196875 0.799074074074074 0.10364583333333334 0.18518518518518517
2 0.34739583333333335 0.4444444444444444 0.13489583333333333 0.2777777777777778
