7 0.64375 0.6407407407407407 0.071875 0.16944444444444445
6 0.3140625 0.4425925925925926 0.08125 0.1574074074074074
7 0.21041666666666667 0.7796296296296297 0.0859375 0.14444444444444443
2 0.4125 0.6324074074074074 0.06979166666666667 0.11574074074074074
6 0.47239583333333335 0.30925925925925923 0.1875 0.2611111111111111
6 0.41510416666666666 0.33611111111111114 0.13020833333333334 0.19907407407407407
4 0.5104166666666666 0.7509259259259259 0.09947916666666666 0.22037037037037038
1 0.2833333333333333 0.3675925925925926 0.1078125 0.2074074074074074
6 0.4609375 0.6601851851851852 0.06770833333333333 0.13796296296296295
4 0.503125 0.7620370370370371 0.08177083333333333 0.18796296296296297
3 0.4583333333333333 0.23148148148148148 0.07864583333333333 0.14907407407407408
3 0.3151041666666667 0.43425925925925923 0.0625 0.10462962962962963
6 0.39114583333333336 0.20833333333333334 0.1546875 0.27037037037037037
