6 0.65 0.5768518518518518 0.08645833333333333 0.17037037037037037
3 0.7151041666666667 0.6935185185185185 0.05572916666666667 0.07685185185185185
1 0.7984375 0.3787037037037037 0.13854166666666667 0.28888888888888886
6 0.5255208333333333 0.4064814814814815 0.15572916666666667 0.24537037037037038
6 0.8151041666666666 0.39537037037037037 0.14427083333333332 0.19074074074074074
6 0.8572916666666667 0.7018518518518518 0.12083333333333333 0.17407407407407408
4 0.2015625 0.5972222222222222 0.07395833333333333 0.21296296296296297
7 0.0140625 0.5314814814814814 0.07604166666666666 0.12314814814814815
7 0.8359375 0.3101851851851852 0.0890625 0.18796296296296297
4 0.5130208333333334 0.862037037037037 0.09635416666666667 0.24074074074074073
6 0.6546875 0.25555555555555554 0.12916666666666668 0.21666666666666667
6 0.8078125 0.44351851851851853 0.0859375 0.10740740740740741
1 0.7645833333333333 0.5166666666666667 0.06302083333333333 0.13518518518518519
