3 0.2833333333333333 0.46574074074074073 0.08333333333333333 0.14166666666666666
6 0.29791666666666666 0.47129629629629627 0.1109375 0.21851851851851853
6 0.3104166666666667 0.5 0.07239583333333334 0.1175925925925926
4 0.19270833333333334 0.23055555555555557 0.09270833333333334 0.21481481481481482
2 0.05416666666666667 0.2759259259259259 0.0703125 0.11944444444444445
1 0.15572916666666667 0.5120370370370371 0.06666666666666667 0.12407407407407407
4 0.004166666666666667 0.9824074074074074 0.0359375 0.15833333333333333
1 0.5333333333333333 0.6194444444444445 0.10989583333333333 0.2101851851851852
2 0.353125 0.30462962962962964 0.05 0.08333333333333333
0 0.4375 0.387037037037037 0.2171875 0.525
1 0.11145833333333334 0.7314814814814815 0.07395833333333333 0.1425925925925926
6 0.42135416666666664 0.32037037037037036 0.06666666666666667 0.11018518518518519
2 0.26197916666666665 0.37777777777777777 0.071875 0.11574074074074074
