3 0.5869791666666667 0.6824074074074075 0.10572916666666667 0.1685185185185185
6 0.44114583333333335 0.4101851851851852 0.18072916666666666 0.275
3 0.5046875 0.7731481481481481 0.06041666666666667 0.20925925925925926
1 0.4515625 0.5388888888888889 0.1421875 0.2388888888888889
2 0.19322916666666667 0.5953703703703703 0.10416666666666667 0.16574074074074074
4 0.19270833333333334 0.02962962962962963 0.0796875 0.18888888888888888
6 0.3541666666666667 0.15 0.0859375 0.15092592592592594
4 0.6078125 0.2361111111111111 0.10104166666666667 0.23703703703703705
6 0.5234375 0.662962962962963 0.07864583333333333 0.11481481481481481
1 0.5911458333333334 0.6018518518518519 0.13125 0.25
2 0.5765625 0.262037037037037 0.084375 0.13055555555555556
