6 0.8880208333333334 0.35462962962962963 0.12083333333333333 0.22962962962962963
7 0.12864583333333332 0.35555555555555557 0.06822916666666666 0.15833333333333333
7 0.39166666666666666 0.9101851851851852 0.08541666666666667 0.14351851851851852
2 0.8083333333333333 0.13240740740740742 0.0671875 0.08703703703703704
1 0.6671875 0.20925925925925926 0.07916666666666666 0.13518518518518519
1 0.6890625 0.45092592592592595 0.10416666666666667 0.21944444444444444
4 0.5744791666666667 0.662962962962963 0.07135416666666666 0.1824074074074074
4 0.9619791666666667 0.9824074074074074 0.07447916666666667 0.1638888888888889
2 0.7177083333333333 0.30833333333333335 0.13177083333333334 0.16666666666666666
5 0.18645833333333334 0.4777777777777778 0.14010416666666667 0.37222222222222223
3 0.7791666666666667 0.0824074074074074 0.1296875 0.20185185185185187
6 0.8010416666666667 0.387037037037037 0.15208333333333332 0.26481481481481484
2 0.6484375 0.7453703703703703 0.075 0.12129629629629629
2 0.6838541666666667 0.3990740740740741 0.057291666666666664 0.1
