7 0.3416666666666667 0.021296296296296296 0.09635416666666667 0.16111111111111112
6 0.5890625 0.8629629629629629 0.090625 0.15
6 0.44427083333333334 0.037037037037037035 0.071875 0.11851851851851852
6 0.6203125 0.6240740740740741 0.07239583333333334 0.07314814814814814
3 0.46927083333333336 0.625 0.07291666666666667 0.12129629629629629
3 0.5260416666666666 0.48333333333333334 0.06302083333333333 0.14074074074074075
5 0.4552083333333333 0.075 0.121875 0.37407407407407406
4 0.8255208333333334 0.6722222222222223 0.08385416666666666 0.2037037037037037
3 0.5786458333333333 0.5157407407407407 0.05520833333333333 0.11666666666666667
1 0.95 0.8768518518518519 0.0796875 0.19166666666666668
4 0.03125 0.11666666666666667 0.08177083333333333 0.19166666666666668
1 0.4895833333333333 0.34629629629629627 0.043229166666666666 0.1175925925925926
3 0.5520833333333334 0.4898148148148148 0.08020833333333334 0.1361111111111111
