2 0.29583333333333334 0.6074074074074074 0.07135416666666666 0.15648148148148147
2 0.3 0.5453703703703704 0.08645833333333333 0.13796296296296295
2 0.28854166666666664 0.9388888888888889 0.06927083333333334 0.1527777777777778
6 0.12395833333333334 0.6157407407407407 0.11770833333333333 0.16203703703703703
6 0.1015625 0.5462962962962963 0.08177083333333333 0.1287037037037037
2 0.18854166666666666 0.6185185185185185 0.10260416666666666 0.1962962962962963
6 0.16458333333333333 0.562037037037037 0.10364583333333334 0.1685185185185185
6 0.16822916666666668 0.46111111111111114 0.08697916666666666 0.1648148148148148
6 0.3302083333333333 0.6703703703703704 0.08697916666666666 0.2564814814814815
5 0.7552083333333334 0.38055555555555554 0.13958333333333334 0.4
1 0.2598958333333333 0.5861111111111111 0.06041666666666667 0.12222222222222222
