6 0.11666666666666667 0.5722222222222222 0.0890625 0.21296296296296297
4 0.6083333333333333 0.9768518518518519 0.065625 0.18333333333333332
5 0.07395833333333333 0.4787037037037037 0.13333333333333333 0.35648148148148145
3 0.15625 0.4361111111111111 0.035416666666666666 0.1259259259259259
2 0.04739583333333333 0.26296296296296295 0.11458333333333333 0.16944444444444445
4 0.546875 0.5185185185185185 0.0703125 0.17407407407407408
6 0.47604166666666664 0.8324074074074074 0.10520833333333333 0.21574074074074073
3 0.22708333333333333 0.33796296296296297 0.04635416666666667 0.09814814814814815
2 0.125 0.8481481481481481 0.11197916666666667 0.1925925925925926
3 0.31927083333333334 0.6064814814814815 0.05677083333333333 0.09351851851851851
1 0.13229166666666667 0.5740740740740741 0.07552083333333333 0.15555555555555556
7 0.346875 0.24722222222222223 0.08229166666666667 0.18425925925925926
3 0.3625 0.3314814814814815 0.10677083333333333 0.2537037037037037
