2 0.925 0.4074074074074074 0.0546875 0.11944444444444445
6 0.7973958333333333 0.5212962962962963 0.13541666666666666 0.23981481481481481
6 0.8348958333333333 0.24074074074074073 0.078125 0.14166666666666666
1 0.446875 0.13148148148148148 0.0953125 0.26851851851851855
4 0.4270833333333333 0.07222222222222222 0.11197916666666667 0.2324074074074074
6 0.8260416666666667 0.21944444444444444 0.0625 0.11018518518518519
4 0.34010416666666665 0.7083333333333334 0.07760416666666667 0.2175925925925926
7 0.9385416666666667 0.9 0.06822916666666666 0.17407407407407408
7 0.4421875 0.687962962962963 0.058854166666666666 0.13796296296296295
3 0.8380208333333333 0.48055555555555557 0.0890625 0.1824074074074074
2 0.6713541666666667 0.19907407407407407 0.06979166666666667 0.12314814814814815
2 0.7526041666666666 0.6666666666666666 0.1078125 0.16203703703703703
