7 0.7385416666666667 0.5361111111111111 0.084375 0.21296296296296297
6 0.20052083333333334 0.6620370370370371 0.07135416666666666 0.10740740740740741
5 0.23854166666666668 0.675 0.16302083333333334 0.4148148148148148
3 0.4796875 0.4 0.08072916666666667 0.09907407407407408
4 0.0421875 0.8703703703703703 0.08177083333333333 0.21481481481481482
3 0.08020833333333334 0.6129629629629629 0.078125 0.17222222222222222
1 0.109375 0.825 0.12708333333333333 0.24166666666666667
3 0.24114583333333334 0.3527777777777778 0.05260416666666667 0.13148148148148148
1 0.22604166666666667 0.39166666666666666 0.10572916666666667 0.22592592592592592
4 0.6057291666666667 0.4564814814814815 0.09947916666666666 0.20185185185185187
6 0.005208333333333333 0.7944444444444444 0.1203125 0.21574074074074073
2 0.23802083333333332 0.5861111111111111 0.08802083333333334 0.12777777777777777
1 0.33489583333333334 0.7694444444444445 0.109375 0.23055555555555557
3 0.17447916666666666 0.25092592592592594 0.06614583333333333 0.14074074074074075
