3 0.6817708333333333 0.6166666666666667 0.06302083333333333 0.14166666666666666
6 0.6197916666666666 0.45740740740740743 0.103125 0.17685185185185184
2 0.47552083333333334 0.19722222222222222 0.07916666666666666 0.11481481481481481
3 0.5046875 0.6953703703703704 0.05520833333333333 0.12962962962962962
3 0.20572916666666666 0.18888888888888888 0.0734375 0.1388888888888889
1 0.6390625 0.5333333333333333 0.09322916666666667 0.1648148148148148
1 0.4109375 0.5009259259259259 0.06979166666666667 0.13518518518518519
2 0.2875 0.2722222222222222 0.13125 0.20462962962962963
3 0.43697916666666664 0.8138888888888889 0.052083333333333336 0.18703703703703703
3 0.42552083333333335 0.27870370370370373 0.0859375 0.17592592592592593
