3 0.7484375 0.4981481481481482 0.05416666666666667 0.08518518518518518
6 0.7463541666666667 0.5046296296296297 0.0890625 0.13148148148148148
7 0.06354166666666666 0.26944444444444443 0.08958333333333333 0.23425925925925925
6 0.7791666666666667 0.3194444444444444 0.09583333333333334 0.13703703703703704
2 0.6921875 0.2351851851851852 0.07395833333333333 0.08518518518518518
3 0.6260416666666667 0.3851851851851852 0.0734375 0.13333333333333333
3 0.5302083333333333 0.9138888888888889 0.13020833333333334 0.2111111111111111
4 0.7770833333333333 0.6481481481481481 0.09739583333333333 0.1935185185185185
7 0.8307291666666666 0.4222222222222222 0.07708333333333334 0.16296296296296298
5 0.15520833333333334 0.6592592592592592 0.10989583333333333 0.3453703703703704
4 0.421875 0.9953703703703703 0.06666666666666667 0.17407407407407408
