4 0.8421875 0.8592592592592593 0.0625 0.2175925925925926
4 0.728125 0.14166666666666666 0.10364583333333334 0.19814814814814816
6 0.28229166666666666 0.5453703703703704 0.07604166666666666 0.13240740740740742
2 0.4432291666666667 0.34629629629629627 0.13854166666666667 0.2101851851851852
5 0.1859375 0.3472222222222222 0.11666666666666667 0.34074074074074073
3 0.14739583333333334 0.21388888888888888 0.046875 0.09722222222222222
1 0.27760416666666665 0.5444444444444444 0.10989583333333333 0.2324074074074074
1 0.34375 0.5537037037037037 0.1203125 0.225
1 0.2557291666666667 0.5935185185185186 0.09375 0.20185185185185187
7 0.5911458333333334 0.700925925925926 0.12395833333333334 0.2212962962962963
6 0.06041666666666667 0.5175925925925926 0.13385416666666666 0.17222222222222222
