3 0.6817708333333333 0.5462962962962963 0.090625 0.15
4 0.1421875 0.2361111111111111 0.07083333333333333 0.1787037037037037
0 0.7395833333333334 0.20925925925925926 0.19583333333333333 0.44907407407407407
2 0.7010416666666667 0.34074074074074073 0.0703125 0.11203703703703703
2 0.6296875 0.3472222222222222 0.10833333333333334 0.14444444444444443
6 0.8145833333333333 0.9046296296296297 0.10520833333333333 0.1648148148148148
2 0.8401041666666667 0.31574074074074077 0.09166666666666666 0.15092592592592594
6 0.9145833333333333 0.6638888888888889 0.175 0.25277777777777777
7 0.7973958333333333 0.7296296296296296 0.078125 0.15555555555555556
4 0.815625 0.29074074074074074 0.0796875 0.20092592592592592
1 0.9307291666666667 0.007407407407407408 0.0875 0.1712962962962963
1 0.778125 0.2916666666666667 0.08385416666666666 0.1675925925925926
