6 0.434375 0.7601851851851852 0.0640625 0.09907407407407408
3 0.2140625 0.7416666666666667 0.06875 0.10277777777777777
4 0.7473958333333334 0.16018518518518518 0.07291666666666667 0.1388888888888889
4 0.915625 0.37222222222222223 0.07552083333333333 0.21388888888888888
6 0.41822916666666665 0.6157407407407407 0.09947916666666666 0.2212962962962963
3 0.1703125 0.26296296296296295 0.052083333333333336 0.11018518518518519
6 0.33958333333333335 0.7435185185185185 0.07916666666666666 0.14166666666666666
1 0.3927083333333333 0.7027777777777777 0.12135416666666667 0.2796296296296296
0 0.7520833333333333 0.37592592592592594 0.08333333333333333 0.24351851851851852
3 0.49166666666666664 0.6555555555555556 0.10989583333333333 0.24074074074074073
6 0.3484375 0.6648148148148149 0.0453125 0.1287037037037037
7 0.5072916666666667 0.8953703703703704 0.103125 0.16666666666666666
3 0.21458333333333332 0.7435185185185185 0.0625 0.1259259259259259
7 0.41458333333333336 0.8314814814814815 0.10416666666666667 0.17592592592592593
