4 0.9192708333333334 0.5046296296296297 0.06927083333333334 0.19907407407407407
1 0.44114583333333335 0.5481481481481482 0.08385416666666666 0.18055555555555555
2 0.3098958333333333 0.5787037037037037 0.1125 0.175
4 0.19739583333333333 0.7333333333333333 0.11614583333333334 0.21481481481481482
1 0.20520833333333333 0.48148148148148145 0.071875 0.16574074074074074
6 0.1921875 0.3768518518518518 0.12135416666666667 0.2111111111111111
0 0.13229166666666667 0.8722222222222222 0.12708333333333333 0.30185185185185187
6 0.3734375 0.38333333333333336 0.14947916666666666 0.25925925925925924
1 0.271875 0.6055555555555555 0.0921875 0.2074074074074074
3 0.4119791666666667 0.6129629629629629 0.07447916666666667 0.1574074074074074
6 0.225 0.3824074074074074 0.1203125 0.16203703703703703
2 0.309375 0.1425925925925926 0.06145833333333333 0.10092592592592593
