3 0.1921875 0.6898148148148148 0.0453125 0.08611111111111111
6 0.0984375 0.4009259259259259 0.06770833333333333 0.10092592592592593
6 0.1203125 0.799074074074074 0.06979166666666667 0.10092592592592593
2 0.12916666666666668 0.662962962962963 0.11041666666666666 0.14814814814814814
3 0.36770833333333336 0.5212962962962963 0.05625 0.12777777777777777
3 0.30625 0.6657407407407407 0.046875 0.12685185185185185
6 0.19270833333333334 0.475 0.06979166666666667 0.12222222222222222
0 0.25833333333333336 0.45925925925925926 0.24270833333333333 0.5712962962962963
6 0.20364583333333333 0.09259259259259259 0.16510416666666666 0.27037037037037037
6 0.4505208333333333 0.4 0.10520833333333333 0.18333333333333332
1 0.3572916666666667 0.43796296296296294 0.10833333333333334 0.23796296296296296
