2 0.43854166666666666 0.7324074074074074 0.09375 0.1537037037037037
4 0.5447916666666667 0.7055555555555556 0.0828125 0.20277777777777778
1 0.45 0.7444444444444445 0.1375 0.2759259259259259
1 0.4453125 0.412962962962963 0.0796875 0.1398148148148148
4 0.9348958333333334 0.075 0.0921875 0.18518518518518517
6 0.40260416666666665 0.5935185185185186 0.13072916666666667 0.225
6 0.4359375 0.837037037037037 0.0875 0.14537037037037037
1 0.3229166666666667 0.3472222222222222 0.07447916666666667 0.1574074074074074
2 0.3776041666666667 0.35555555555555557 0.13072916666666667 0.2712962962962963
3 0.37864583333333335 0.5537037037037037 0.08854166666666667 0.1962962962962963
5 0.3703125 0.425 0.115625 0.3101851851851852
6 0.3765625 0.9101851851851852 0.14635416666666667 0.2611111111111111
1 0.29375 0.612037037037037 0.07604166666666666 0.14814814814814814
