3 0.9682291666666667 0.537962962962963 0.09947916666666666 0.1574074074074074
4 0.5598958333333334 0.9833333333333333 0.06927083333333334 0.16574074074074074
6 0.7692708333333333 0.36203703703703705 0.078125 0.13055555555555556
4 0.6442708333333333 0.5888888888888889 0.0625 0.16666666666666666
6 0.9760416666666667 0.5768518518518518 0.08645833333333333 0.175
7 0.7796875 0.24444444444444444 0.0703125 0.1574074074074074
7 0.0875 0.21851851851851853 0.05572916666666667 0.21388888888888888
6 0.7135416666666666 0.4 0.15677083333333333 0.26851851851851855
6 0.8770833333333333 0.5712962962962963 0.08072916666666667 0.11944444444444445
1 0.7182291666666667 0.24814814814814815 0.08541666666666667 0.1537037037037037
2 0.5317708333333333 0.562962962962963 0.1453125 0.20462962962962963
