2 0.6588541666666666 0.8824074074074074 0.13020833333333334 0.18518518518518517
4 0.4557291666666667 0.2657407407407407 0.04791666666666667 0.1685185185185185
3 0.7125 0.6129629629629629 0.1015625 0.18703703703703703
3 0.4661458333333333 0.9018518518518519 0.052083333333333336 0.11481481481481481
6 0.5557291666666667 0.8851851851851852 0.08072916666666667 0.13425925925925927
4 0.86875 0.1259259259259259 0.0890625 0.22592592592592592
2 0.5541666666666667 0.6148148148148148 0.0796875 0.14074074074074075
6 0.6875 0.3731481481481482 0.15677083333333333 0.28425925925925927
3 0.478125 0.7055555555555556 0.10572916666666667 0.1935185185185185
7 0.27395833333333336 0.6101851851851852 0.07291666666666667 0.1287037037037037
7 0.5984375 0.4842592592592593 0.07760416666666667 0.24074074074074073
