3 0.27760416666666665 0.23703703703703705 0.05364583333333333 0.10648148148148148
2 0.32916666666666666 0.4046296296296296 0.10989583333333333 0.1787037037037037
1 0.359375 0.5138888888888888 0.07708333333333334 0.13148148148148148
2 0.3776041666666667 0.2537037037037037 0.11354166666666667 0.18981481481481483
6 0.31197916666666664 0.29074074074074074 0.13854166666666667 0.21203703703703702
4 0.30520833333333336 0.6509259259259259 0.0859375 0.17685185185185184
6 0.3625 0.29814814814814816 0.13385416666666666 0.225
6 0.21822916666666667 0.38981481481481484 0.1234375 0.22592592592592592
6 0.3255208333333333 0.6796296296296296 0.09479166666666666 0.1648148148148148
4 0.04010416666666667 0.6805555555555556 0.09427083333333333 0.13703703703703704
7 0.6494791666666667 0.5509259259259259 0.07447916666666667 0.2037037037037037
3 0.36875 0.19074074074074074 0.034895833333333334 0.10185185185185185
6 0.3 0.24166666666666667 0.08958333333333333 0.1712962962962963
7 0.7151041666666667 0.3814814814814815 0.07604166666666666 0.2212962962962963
