3 0.07708333333333334 0.5231481481481481 0.051041666666666666 0.09166666666666666
6 0.1796875 0.4222222222222222 0.11041666666666666 0.18333333333333332
4 0.033854166666666664 0.2759259259259259 0.05416666666666667 0.18703703703703703
5 0.4479166666666667 0.2564814814814815 0.1234375 0.3148148148148148
3 0.075 0.7685185185185185 0.044270833333333336 0.11296296296296296
6 0.43802083333333336 0.3296296296296296 0.11197916666666667 0.19537037037037036
2 0.2838541666666667 0.5537037037037037 0.058333333333333334 0.09166666666666666
3 0.3494791666666667 0.2898148148148148 0.07447916666666667 0.24814814814814815
2 0.39895833333333336 0.9425925925925925 0.0796875 0.14814814814814814
6 0.4088541666666667 0.8416666666666667 0.11197916666666667 0.16203703703703703
6 0.35885416666666664 0.14629629629629629 0.09166666666666666 0.19722222222222222
3 0.434375 0.5555555555555556 0.0421875 0.07037037037037037
