7 0.5661458333333333 0.975925925925926 0.10260416666666666 0.2074074074074074
6 0.6776041666666667 0.5611111111111111 0.14270833333333333 0.26944444444444443
1 0.578125 0.700925925925926 0.057291666666666664 0.16111111111111112
7 0.7177083333333333 0.937962962962963 0.09375 0.1398148148148148
6 0.7385416666666667 0.4444444444444444 0.11510416666666666 0.1962962962962963
4 0.44427083333333334 0.43703703703703706 0.06666666666666667 0.17962962962962964
6 0.6567708333333333 0.512962962962963 0.13854166666666667 0.20925925925925926
6 0.7276041666666667 0.6388888888888888 0.11510416666666666 0.19166666666666668
4 0.8875 0.9287037037037037 0.08385416666666666 0.20925925925925926
6 0.5833333333333334 0.5666666666666667 0.15052083333333333 0.24537037037037038
