3 0.3609375 0.9629629629629629 0.0875 0.19166666666666668
6 0.14583333333333334 0.7 0.1265625 0.21388888888888888
3 0.2046875 0.4212962962962963 0.06354166666666666 0.11574074074074074
1 0.26614583333333336 0.7546296296296297 0.1234375 0.20555555555555555
2 0.31197916666666664 0.8925925925925926 0.06197916666666667 0.13240740740740742
6 0.16927083333333334 0.512962962962963 0.084375 0.16111111111111112
6 0.5380208333333333 0.4111111111111111 0.08125 0.15185185185185185
2 0.15 0.6925925925925925 0.09270833333333334 0.16203703703703703
6 0.29270833333333335 0.5120370370370371 0.1171875 0.20185185185185187
6 0.3151041666666667 0.45555555555555555 0.10052083333333334 0.1638888888888889
