1 0.7645833333333333 0.46296296296296297 0.12604166666666666 0.23981481481481481
4 0.7 0.9416666666666667 0.04635416666666667 0.16944444444444445
4 0.646875 0.9481481481481482 0.0609375 0.1712962962962963
6 0.6557291666666667 0.6703703703703704 0.08645833333333333 0.2537037037037037
6 0.6822916666666666 0.5064814814814815 0.08229166666666667 0.22407407407407406
1 0.5765625 0.3685185185185185 0.07604166666666666 0.12962962962962962
1 0.696875 0.4185185185185185 0.078125 0.2361111111111111
0 0.7333333333333333 0.3212962962962963 0.203125 0.5342592592592592
2 0.47552083333333334 0.4888888888888889 0.13125 0.17685185185185184
3 0.7421875 0.275 0.07552083333333333 0.16111111111111112
7 0.190625 0.11574074074074074 0.053125 0.15185185185185185
