0 0.653125 0.4425925925925926 0.11302083333333333 0.2657407407407407
3 0.5869791666666667 0.6222222222222222 0.046875 0.10555555555555556
4 0.8723958333333334 0.05185185185185185 0.06041666666666667 0.18796296296296297
2 0.7036458333333333 0.24166666666666667 0.0703125 0.1259259259259259
6 0.6067708333333334 0.46944444444444444 0.053125 0.11296296296296296
2 0.7598958333333333 0.32407407407407407 0.0625 0.10555555555555556
6 0.525 0.5425925925925926 0.12291666666666666 0.21296296296296297
1 0.6786458333333333 0.26851851851851855 0.065625 0.17962962962962964
1 0.5765625 0.6981481481481482 0.13489583333333333 0.23148148148148148
6 0.7703125 0.9333333333333333 0.08802083333333334 0.1685185185185185
3 0.6552083333333333 0.6166666666666667 0.07708333333333334 0.09444444444444444
2 0.5286458333333334 0.8759259259259259 0.08125 0.17222222222222222
