4 0.21458333333333332 0.5277777777777778 0.065625 0.17037037037037037
1 0.4578125 0.5879629629629629 0.090625 0.1962962962962963
3 0.41770833333333335 0.5814814814814815 0.06510416666666667 0.15092592592592594
2 0.32864583333333336 0.562037037037037 0.08697916666666666 0.1388888888888889
6 0.3880208333333333 0.5120370370370371 0.1390625 0.21481481481481482
6 0.2677083333333333 0.7083333333333334 0.13958333333333334 0.2759259259259259
4 0.834375 0.5509259259259259 0.053125 0.15925925925925927
2 0.3385416666666667 0.4398148148148148 0.1109375 0.19074074074074074
7 0.9916666666666667 0.1361111111111111 0.05520833333333333 0.17962962962962964
2 0.33229166666666665 0.7601851851851852 0.05677083333333333 0.10740740740740741
3 0.3984375 0.600925925925926 0.0828125 0.18703703703703703
2 0.2791666666666667 0.7638888888888888 0.11197916666666667 0.23425925925925925
6 0.2864583333333333 0.4787037037037037 0.1375 0.2564814814814815
