7 0.7989583333333333 0.9611111111111111 0.09270833333333334 0.18888888888888888
2 0.11666666666666667 0.5666666666666667 0.10416666666666667 0.1787037037037037
2 0.31614583333333335 0.44166666666666665 0.07447916666666667 0.11388888888888889
6 0.016666666666666666 0.625 0.15104166666666666 0.2712962962962963
7 0.3307291666666667 0.825925925925926 0.13020833333333334 0.3296296296296296
0 0.8984375 0.5138888888888888 0.12916666666666668 0.524074074074074
1 0.1734375 0.6972222222222222 0.09479166666666666 0.1712962962962963
2 0.2890625 0.4861111111111111 0.07864583333333333 0.15648148148148147
6 0.140625 0.6546296296296297 0.15260416666666668 0.2388888888888889
4 0.28177083333333336 0.5777777777777777 0.08489583333333334 0.14907407407407408
1 0.365625 0.43148148148148147 0.09739583333333333 0.22870370370370371
1 0.2552083333333333 0.7398148148148148 0.103125 0.22407407407407406
3 0.24166666666666667 0.000925925925925926 0.06354166666666666 0.08148148148148149
4 0.4390625 0.29907407407407405 0.08125 0.19722222222222222
