4 0.3765625 0.8944444444444445 0.08489583333333334 0.16296296296296298
7 0.025520833333333333 0.11481481481481481 0.05364583333333333 0.17037037037037037
1 0.33645833333333336 0.2759259259259259 0.13541666666666666 0.29074074074074074
6 0.4578125 0.15462962962962962 0.11302083333333333 0.16018518518518518
2 0.13802083333333334 0.5351851851851852 0.06041666666666667 0.08796296296296297
2 0.209375 0.5907407407407408 0.13802083333333334 0.17962962962962964
6 0.38229166666666664 0.4546296296296296 0.1015625 0.14907407407407408
4 0.85 0.9324074074074075 0.06302083333333333 0.15925925925925927
5 0.940625 0.9092592592592592 0.09895833333333333 0.2759259259259259
1 0.14739583333333334 0.575 0.0953125 0.25092592592592594
6 0.25677083333333334 0.23055555555555557 0.10364583333333334 0.20277777777777778
2 0.265625 0.28425925925925927 0.1140625 0.14629629629629629
3 0.28020833333333334 0.26296296296296295 0.06875 0.1287037037037037
6 0.31666666666666665 0.2814814814814815 0.15677083333333333 0.2777777777777778
