1 0.4328125 0.45555555555555555 0.14375 0.2712962962962963
1 0.4515625 0.19907407407407407 0.10052083333333334 0.20925925925925926
2 0.42552083333333335 0.6046296296296296 0.0953125 0.14722222222222223
1 0.3411458333333333 0.15555555555555556 0.06197916666666667 0.14629629629629629
4 0.015625 0.6101851851851852 0.11822916666666666 0.21574074074074073
6 0.39010416666666664 0.5703703703703704 0.059375 0.09259259259259259
4 0.3859375 0.47962962962962963 0.06614583333333333 0.18611111111111112
2 0.2625 0.35185185185185186 0.06614583333333333 0.09907407407407408
3 0.31666666666666665 0.4444444444444444 0.11197916666666667 0.16666666666666666
6 0.4375 0.6712962962962963 0.13541666666666666 0.2361111111111111
1 0.6046875 0.17777777777777778 0.0921875 0.19537037037037036
