0 0.2328125 0.4935185185185185 0.18854166666666666 0.4185185185185185
3 0.2140625 0.5935185185185186 0.09270833333333334 0.14814814814814814
1 0.21145833333333333 0.3398148148148148 0.14322916666666666 0.26851851851851855
6 0.21666666666666667 0.8814814814814815 0.1046875 0.1712962962962963
1 0.30104166666666665 0.5824074074074074 0.10260416666666666 0.19444444444444445
2 0.43385416666666665 0.7416666666666667 0.11510416666666666 0.20462962962962963
6 0.3921875 0.9351851851851852 0.044270833333333336 0.08333333333333333
3 0.48020833333333335 0.5564814814814815 0.08489583333333334 0.2611111111111111
3 0.29322916666666665 0.5648148148148148 0.03802083333333333 0.08888888888888889
1 0.18489583333333334 0.6074074074074074 0.06458333333333334 0.1175925925925926
