4 0.05260416666666667 0.10462962962962963 0.08072916666666667 0.18055555555555555
2 0.41041666666666665 0.21296296296296297 0.090625 0.1388888888888889
2 0.6395833333333333 0.28888888888888886 0.09739583333333333 0.15185185185185185
6 0.5192708333333333 0.7555555555555555 0.1375 0.25833333333333336
6 0.5526041666666667 0.5925925925925926 0.075 0.10462962962962963
3 0.48125 0.48518518518518516 0.057291666666666664 0.12777777777777777
5 0.2171875 0.6898148148148148 0.15572916666666667 0.37962962962962965
4 0.1234375 0.5425925925925926 0.10572916666666667 0.19907407407407407
6 0.5411458333333333 0.24259259259259258 0.0953125 0.15185185185185185
1 0.5802083333333333 0.3731481481481482 0.115625 0.1935185185185185
3 0.5604166666666667 0.48055555555555557 0.12760416666666666 0.19722222222222222
