7 0.8119791666666667 0.027777777777777776 0.0734375 0.12685185185185185
3 0.20677083333333332 0.475 0.10885416666666667 0.13148148148148148
7 0.3614583333333333 0.4537037037037037 0.06614583333333333 0.18055555555555555
3 0.2604166666666667 0.7611111111111111 0.07135416666666666 0.12129629629629629
6 0.26458333333333334 0.937037037037037 0.16354166666666667 0.26944444444444443
4 0.19270833333333334 0.5361111111111111 0.07135416666666666 0.18796296296296297
4 0.5447916666666667 0.825925925925926 0.09895833333333333 0.21388888888888888
2 0.27760416666666665 0.425 0.0953125 0.17592592592592593
3 0.5427083333333333 0.45555555555555555 0.0375 0.07962962962962963
2 0.21354166666666666 0.700925925925926 0.109375 0.1814814814814815
1 0.37447916666666664 0.7490740740740741 0.07864583333333333 0.17592592592592593
