6 0.821875 0.5851851851851851 0.06822916666666666 0.12314814814814815
1 0.7494791666666667 0.5657407407407408 0.0859375 0.18333333333333332
0 0.7203125 0.16018518518518518 0.11041666666666666 0.25833333333333336
2 0.5260416666666666 0.13333333333333333 0.10052083333333334 0.15185185185185185
7 0.6895833333333333 0.7148148148148148 0.084375 0.13425925925925927
6 0.7911458333333333 0.6074074074074074 0.11302083333333333 0.2037037037037037
1 0.8114583333333333 0.7037037037037037 0.1234375 0.25925925925925924
4 0.15208333333333332 0.4101851851851852 0.07864583333333333 0.13148148148148148
3 0.83125 0.7898148148148149 0.07291666666666667 0.14722222222222223
2 0.8458333333333333 0.46944444444444444 0.09791666666666667 0.19444444444444445
6 0.6973958333333333 0.7870370370370371 0.1703125 0.2962962962962963
4 0.415625 0.026851851851851852 0.08958333333333333 0.22777777777777777
1 0.84375 0.46111111111111114 0.058333333333333334 0.12129629629629629
2 0.8348958333333333 0.40555555555555556 0.06666666666666667 0.11666666666666667
