1 0.42864583333333334 0.2675925925925926 0.090625 0.2074074074074074
2 0.29010416666666666 0.5194444444444445 0.09583333333333334 0.17777777777777778
6 0.4192708333333333 0.27037037037037037 0.09270833333333334 0.12685185185185185
1 0.40208333333333335 0.3675925925925926 0.1109375 0.22962962962962963
2 0.4796875 0.600925925925926 0.08541666666666667 0.14722222222222223
6 0.5098958333333333 0.7129629629629629 0.06145833333333333 0.09166666666666666
6 0.47760416666666666 0.5712962962962963 0.16770833333333332 0.30277777777777776
1 0.44114583333333335 0.7129629629629629 0.057291666666666664 0.12222222222222222
0 0.8 0.8425925925925926 0.17447916666666666 0.43425925925925923
6 0.7260416666666667 0.5879629629629629 0.10833333333333334 0.14537037037037037
