1 0.9583333333333334 0.08796296296296297 0.10885416666666667 0.2351851851851852
3 0.4979166666666667 0.5777777777777777 0.07916666666666666 0.16296296296296298
4 0.3265625 0.9574074074074074 0.0875 0.21851851851851853
5 0.07604166666666666 0.39537037037037037 0.09739583333333333 0.2712962962962963
3 0.7046875 0.5314814814814814 0.049479166666666664 0.11481481481481481
1 0.890625 0.4111111111111111 0.07395833333333333 0.14444444444444443
6 0.6885416666666667 0.6138888888888889 0.14270833333333333 0.2462962962962963
6 0.7536458333333333 0.4546296296296296 0.14166666666666666 0.30185185185185187
7 0.775 0.937962962962963 0.08645833333333333 0.1787037037037037
4 0.6947916666666667 0.5064814814814815 0.058333333333333334 0.18611111111111112
6 0.7208333333333333 0.16018518518518518 0.125 0.1638888888888889
7 0.034375 0.19722222222222222 0.04739583333333333 0.1537037037037037
3 0.9046875 0.6694444444444444 0.10520833333333333 0.1574074074074074
6 0.8385416666666666 0.6138888888888889 0.1484375 0.21666666666666667
