4 0.665625 0.14351851851851852 0.11302083333333333 0.21666666666666667
0 0.89375 0.6861111111111111 0.15260416666666668 0.5175925925925926
6 0.5364583333333334 0.1925925925925926 0.09270833333333334 0.16296296296296298
1 0.525 0.43425925925925923 0.04791666666666667 0.1175925925925926
6 0.6203125 0.45925925925925926 0.16510416666666666 0.23333333333333334
3 0.5640625 0.5268518518518519 0.078125 0.15185185185185185
3 0.6526041666666667 0.6194444444444445 0.10052083333333334 0.17037037037037037
6 0.7494791666666667 0.3425925925925926 0.1296875 0.17685185185185184
3 0.609375 0.3851851851851852 0.0921875 0.2388888888888889
4 0.8609375 0.06851851851851852 0.09375 0.13148148148148148
6 0.6338541666666667 0.37222222222222223 0.09166666666666666 0.19166666666666668
7 0.41302083333333334 0.28888888888888886 0.1015625 0.15648148148148147
