1 0.46145833333333336 0.3138888888888889 0.0984375 0.23425925925925925
6 0.28489583333333335 0.487962962962963 0.078125 0.1574074074074074
0 0.315625 0.11481481481481481 0.13333333333333333 0.44074074074074077
6 0.45 0.42592592592592593 0.12604166666666666 0.2101851851851852
6 0.2953125 0.37407407407407406 0.1 0.24351851851851852
1 0.18072916666666666 0.5537037037037037 0.090625 0.19814814814814816
2 0.3671875 0.37037037037037035 0.1078125 0.18611111111111112
3 0.44114583333333335 0.7851851851851852 0.0921875 0.20092592592592592
6 0.37552083333333336 0.9416666666666667 0.1671875 0.25
3 0.284375 0.4212962962962963 0.06666666666666667 0.11388888888888889
