7 0.475 0.13148148148148148 0.0796875 0.15092592592592594
2 0.28541666666666665 0.5787037037037037 0.0625 0.09722222222222222
2 0.18020833333333333 0.7962962962962963 0.12395833333333334 0.2074074074074074
1 0.46145833333333336 0.5611111111111111 0.07239583333333334 0.15833333333333333
6 0.2921875 0.47129629629629627 0.11458333333333333 0.12777777777777777
4 0.39427083333333335 0.8564814814814815 0.07760416666666667 0.1787037037037037
2 0.27447916666666666 0.25092592592592594 0.1140625 0.2101851851851852
4 0.990625 0.5342592592592592 0.1015625 0.21388888888888888
1 0.14270833333333333 0.2777777777777778 0.13697916666666668 0.27314814814814814
6 0.26979166666666665 0.600925925925926 0.11041666666666666 0.1962962962962963
