1 0.41354166666666664 0.7907407407407407 0.07135416666666666 0.15092592592592594
6 0.42239583333333336 0.7064814814814815 0.11145833333333334 0.19166666666666668
3 0.5703125 0.5509259259259259 0.103125 0.2222222222222222
4 0.91875 0.9666666666666667 0.08645833333333333 0.16296296296296298
3 0.6338541666666667 0.6185185185185185 0.0375 0.10555555555555556
3 0.43072916666666666 0.21666666666666667 0.08333333333333333 0.10092592592592593
6 0.5791666666666667 0.937037037037037 0.103125 0.17314814814814813
1 0.4953125 0.6546296296296297 0.09479166666666666 0.19166666666666668
6 0.625 0.8037037037037037 0.10885416666666667 0.16203703703703703
4 0.8734375 0.8157407407407408 0.1125 0.21481481481481482
0 0.053125 0.5138888888888888 0.13645833333333332 0.5370370370370371
