4 0.9328125 0.06481481481481481 0.1 0.19722222222222222
2 0.29010416666666666 0.5666666666666667 0.08177083333333333 0.12129629629629629
2 0.2833333333333333 0.562037037037037 0.10260416666666666 0.22037037037037038
6 0.16614583333333333 0.25277777777777777 0.12135416666666667 0.21388888888888888
5 0.171875 0.30185185185185187 0.12864583333333332 0.34814814814814815
2 0.4953125 0.3314814814814815 0.0703125 0.1
1 0.30625 0.2490740740740741 0.08177083333333333 0.18981481481481483
2 0.10989583333333333 0.6342592592592593 0.08697916666666666 0.1425925925925926
4 0.009895833333333333 0.8694444444444445 0.06979166666666667 0.17222222222222222
7 0.09166666666666666 0.7796296296296297 0.096875 0.2324074074074074
