7 0.4864583333333333 0.16111111111111112 0.08020833333333334 0.1675925925925926
3 0.7869791666666667 0.7037037037037037 0.04375 0.07777777777777778
4 0.3390625 0.6805555555555556 0.0859375 0.20185185185185187
0 0.9442708333333333 0.34444444444444444 0.09270833333333334 0.26296296296296295
7 0.74375 0.27037037037037037 0.07916666666666666 0.18055555555555555
4 0.15 0.020370370370370372 0.08541666666666667 0.19444444444444445
3 0.7828125 0.912962962962963 0.10416666666666667 0.2074074074074074
2 0.640625 0.4305555555555556 0.05416666666666667 0.1
2 0.634375 0.5777777777777777 0.09895833333333333 0.15833333333333333
6 0.4119791666666667 0.5907407407407408 0.07239583333333334 0.11203703703703703
6 0.6265625 0.3574074074074074 0.12083333333333333 0.2574074074074074
