3 0.675 0.18518518518518517 0.06979166666666667 0.14722222222222223
7 0.6020833333333333 0.8870370370370371 0.0953125 0.16296296296296298
6 0.5557291666666667 0.6101851851851852 0.04739583333333333 0.11851851851851852
0 0.22395833333333334 0.19166666666666668 0.09947916666666666 0.25833333333333336
4 0.6760416666666667 0.31296296296296294 0.0765625 0.19814814814814816
3 0.7260416666666667 0.38055555555555554 0.0734375 0.15648148148148147
3 0.7046875 0.03425925925925926 0.065625 0.18611111111111112
2 0.6369791666666667 0.7148148148148148 0.0953125 0.14907407407407408
1 0.6036458333333333 0.06018518518518518 0.0609375 0.12314814814814815
4 0.14270833333333333 0.2777777777777778 0.05364583333333333 0.14629629629629629
