0 0.25625 0.6990740740740741 0.1 0.2851851851851852
4 0.9630208333333333 0.5907407407407408 0.08489583333333334 0.19166666666666668
1 0.709375 0.07314814814814814 0.09947916666666666 0.19907407407407407
2 0.721875 0.5194444444444445 0.146875 0.17592592592592593
6 0.7390625 0.6398148148148148 0.11354166666666667 0.22407407407407406
4 0.7671875 0.1925925925925926 0.06354166666666666 0.16203703703703703
3 0.7598958333333333 0.7 0.07916666666666666 0.16203703703703703
6 0.7359375 0.12314814814814815 0.08125 0.13333333333333333
1 0.7239583333333334 0.662962962962963 0.1078125 0.24166666666666667
1 0.6557291666666667 0.3453703703703704 0.0859375 0.1712962962962963
6 0.7666666666666667 0.48703703703703705 0.11927083333333334 0.14907407407407408
3 0.5786458333333333 0.45740740740740743 0.03697916666666667 0.10185185185185185
