4 0.178125 0.4398148148148148 0.0953125 0.17407407407407408
2 0.5880208333333333 0.5296296296296297 0.13385416666666666 0.17685185185185184
1 0.5010416666666667 0.6027777777777777 0.10208333333333333 0.19814814814814816
7 0.16354166666666667 0.3416666666666667 0.0921875 0.15092592592592594
6 0.2552083333333333 0.6425925925925926 0.14479166666666668 0.2675925925925926
0 0.6739583333333333 0.40185185185185185 0.103125 0.3851851851851852
2 0.5213541666666667 0.7046296296296296 0.09947916666666666 0.14537037037037037
7 0.6963541666666667 0.08981481481481482 0.06041666666666667 0.14444444444444443
3 0.2296875 0.649074074074074 0.0578125 0.17037037037037037
4 0.2171875 0.7018518518518518 0.08489583333333334 0.18518518518518517
2 0.5010416666666667 0.5388888888888889 0.04583333333333333 0.07037037037037037
3 0.3416666666666667 0.7814814814814814 0.08489583333333334 0.2212962962962963
