1 0.7302083333333333 0.5194444444444445 0.0734375 0.15925925925925927
6 0.6598958333333333 0.19537037037037036 0.11302083333333333 0.21203703703703702
2 0.6421875 0.5638888888888889 0.12291666666666666 0.1935185185185185
6 0.5463541666666667 0.37222222222222223 0.1171875 0.19074074074074074
2 0.59375 0.20185185185185187 0.053125 0.08518518518518518
6 0.5635416666666667 0.5046296296296297 0.140625 0.2518518518518518
3 0.5463541666666667 0.5648148148148148 0.1109375 0.19537037037037036
2 0.6114583333333333 0.5 0.08333333333333333 0.11018518518518519
5 0.09322916666666667 0.15462962962962962 0.10729166666666666 0.3398148148148148
4 0.27447916666666666 0.10740740740740741 0.08072916666666667 0.1814814814814815
1 0.5828125 0.3175925925925926 0.06666666666666667 0.14537037037037037
3 0.8421875 0.24814814814814815 0.0703125 0.15648148148148147
