3 0.14479166666666668 0.9685185185185186 0.041666666666666664 0.08518518518518518
1 0.09479166666666666 0.48703703703703705 0.07395833333333333 0.14351851851851852
4 0.7296875 0.9 0.10416666666666667 0.1648148148148148
1 0.359375 0.8518518518518519 0.11875 0.2759259259259259
6 0.40729166666666666 0.7777777777777778 0.06354166666666666 0.14722222222222223
5 0.6645833333333333 0.1175925925925926 0.15989583333333332 0.45092592592592595
6 0.2140625 0.7796296296296297 0.12760416666666666 0.2101851851851852
4 0.5598958333333334 0.8722222222222222 0.0671875 0.1574074074074074
2 0.30625 0.5953703703703703 0.11927083333333334 0.15555555555555556
6 0.17395833333333333 0.7777777777777778 0.15260416666666668 0.3055555555555556
