7 0.4421875 0.687962962962963 0.058854166666666666 0.18888888888888888
7 0.19791666666666666 0.22870370370370371 0.07135416666666666 0.12407407407407407
1 0.2640625 0.5453703703703704 0.06302083333333333 0.12037037037037036
6 0.3390625 0.20092592592592592 0.15416666666666667 0.225
3 0.49583333333333335 0.42407407407407405 0.06458333333333334 0.14814814814814814
1 0.20572916666666666 0.5925925925925926 0.07291666666666667 0.1537037037037037
1 0.29583333333333334 0.25833333333333336 0.07916666666666666 0.15092592592592594
1 0.20833333333333334 0.4185185185185185 0.12135416666666667 0.25925925925925924
4 0.9020833333333333 0.9722222222222222 0.109375 0.1925925925925926
4 0.8864583333333333 0.44351851851851853 0.08125 0.18425925925925926
1 0.13697916666666668 0.65 0.10625 0.1925925925925926
3 0.2947916666666667 0.30462962962962964 0.04635416666666667 0.10277777777777777
2 0.3229166666666667 0.5453703703703704 0.13333333333333333 0.2361111111111111
2 0.35052083333333334 0.7657407407407407 0.0890625 0.1675925925925926
