6 0.3067708333333333 0.3907407407407407 0.13541666666666666 0.19166666666666668
2 0.2911458333333333 0.2898148148148148 0.0796875 0.1574074074074074
4 0.8703125 0.7731481481481481 0.07291666666666667 0.17685185185185184
6 0.2140625 0.3490740740740741 0.09739583333333333 0.20925925925925926
6 0.11875 0.07407407407407407 0.08489583333333334 0.12222222222222222
5 0.7890625 0.4842592592592593 0.09739583333333333 0.2851851851851852
3 0.11041666666666666 0.3398148148148148 0.0484375 0.0824074074074074
4 0.8244791666666667 0.21666666666666667 0.08020833333333334 0.19537037037037036
6 0.4078125 0.38425925925925924 0.13697916666666668 0.24537037037037038
6 0.28072916666666664 0.3509259259259259 0.1609375 0.22314814814814815
