6 0.7489583333333333 0.45555555555555555 0.10520833333333333 0.24537037037037038
1 0.7645833333333333 0.6166666666666667 0.14635416666666667 0.2851851851851852
4 0.6958333333333333 0.9916666666666667 0.0640625 0.17037037037037037
7 0.7416666666666667 0.5527777777777778 0.0453125 0.15833333333333333
4 0.8614583333333333 0.9555555555555556 0.06614583333333333 0.17592592592592593
6 0.5927083333333333 0.2 0.14375 0.24166666666666667
2 0.8432291666666667 0.4601851851851852 0.046875 0.07592592592592592
6 0.6854166666666667 0.8675925925925926 0.16354166666666667 0.20833333333333334
2 0.5984375 0.3675925925925926 0.07708333333333334 0.1527777777777778
6 0.3984375 0.5435185185185185 0.11510416666666666 0.18703703703703703
1 0.8640625 0.9212962962962963 0.09479166666666666 0.1675925925925926
7 0.528125 0.10555555555555556 0.071875 0.28703703703703703
2 0.8776041666666666 0.5435185185185185 0.1265625 0.21203703703703702
