1 0.07447916666666667 0.7620370370370371 0.08802083333333334 0.17685185185185184
6 0.35104166666666664 0.625 0.1125 0.14722222222222223
6 0.075 0.4759259259259259 0.09166666666666666 0.10277777777777777
1 0.21666666666666667 0.5972222222222222 0.10885416666666667 0.21666666666666667
7 0.4947916666666667 0.5740740740740741 0.09791666666666667 0.19814814814814816
4 0.70625 0.37037037037037035 0.09375 0.21481481481481482
3 0.24270833333333333 0.5768518518518518 0.041666666666666664 0.09444444444444444
6 0.22135416666666666 0.5148148148148148 0.11822916666666666 0.20462962962962963
3 0.2682291666666667 0.425 0.09427083333333333 0.15925925925925927
2 0.05625 0.41574074074074074 0.071875 0.10740740740740741
4 0.9864583333333333 0.1111111111111111 0.06458333333333334 0.17685185185185184
1 0.2828125 0.6101851851851852 0.1140625 0.21944444444444444
6 0.15677083333333333 0.7129629629629629 0.1234375 0.1787037037037037
