3 0.415625 0.4444444444444444 0.08177083333333333 0.09444444444444444
4 0.8890625 0.9638888888888889 0.09114583333333333 0.2324074074074074
3 0.471875 0.44722222222222224 0.06666666666666667 0.21574074074074073
1 0.4822916666666667 0.6138888888888889 0.06614583333333333 0.11666666666666667
4 0.39427083333333335 0.9768518518518519 0.071875 0.18888888888888888
3 0.5385416666666667 0.7731481481481481 0.10833333333333334 0.2111111111111111
7 0.35052083333333334 0.8074074074074075 0.103125 0.21203703703703702
7 0.5838541666666667 0.8083333333333333 0.103125 0.1712962962962963
3 0.44166666666666665 0.7064814814814815 0.07604166666666666 0.17037037037037037
6 0.44895833333333335 0.575925925925926 0.10416666666666667 0.16296296296296298
