6 0.48333333333333334 0.6527777777777778 0.07447916666666667 0.12314814814814815
1 0.2984375 0.7546296296296297 0.121875 0.2324074074074074
3 0.41354166666666664 0.9305555555555556 0.0890625 0.13148148148148148
4 0.37604166666666666 0.18703703703703703 0.09010416666666667 0.1398148148148148
1 0.5942708333333333 0.6972222222222222 0.11822916666666666 0.275
7 0.9807291666666667 0.2101851851851852 0.0671875 0.1814814814814815
3 0.35625 0.8287037037037037 0.0625 0.16296296296296298
7 0.03697916666666667 0.48518518518518516 0.08072916666666667 0.32314814814814813
5 0.8854166666666666 0.2351851851851852 0.12708333333333333 0.3925925925925926
6 0.4140625 0.3648148148148148 0.09895833333333333 0.1787037037037037
4 0.7713541666666667 0.8675925925925926 0.13125 0.2111111111111111
2 0.42604166666666665 0.3861111111111111 0.11770833333333333 0.19907407407407407
1 0.2328125 0.8064814814814815 0.06302083333333333 0.10648148148148148
