1 0.05 0.48518518518518516 0.07395833333333333 0.14351851851851852
6 0.1328125 0.24351851851851852 0.11197916666666667 0.18518518518518517
0 0.5041666666666667 0.9638888888888889 0.1328125 0.412962962962963
6 0.321875 0.21944444444444444 0.16927083333333334 0.23148148148148148
3 0.2609375 0.4685185185185185 0.0984375 0.21666666666666667
6 0.2671875 0.14074074074074075 0.13333333333333333 0.2361111111111111
2 0.3067708333333333 0.1388888888888889 0.08229166666666667 0.14629629629629629
4 0.8682291666666667 0.9425925925925925 0.06979166666666667 0.1712962962962963
6 0.396875 0.22962962962962963 0.13854166666666667 0.28425925925925927
2 0.16770833333333332 0.425 0.08489583333333334 0.20462962962962963
6 0.2828125 0.462037037037037 0.13541666666666666 0.22407407407407406
6 0.14479166666666668 0.3537037037037037 0.08958333333333333 0.19537037037037036
