6 0.5020833333333333 0.45555555555555555 0.046875 0.10185185185185185
2 0.6598958333333333 0.08611111111111111 0.14739583333333334 0.16111111111111112
3 0.546875 0.6064814814814815 0.0640625 0.1361111111111111
1 0.4609375 0.6268518518518519 0.0828125 0.18055555555555555
4 0.05572916666666667 0.9342592592592592 0.09114583333333333 0.20462962962962963
2 0.5677083333333334 0.5351851851851852 0.11927083333333334 0.19166666666666668
3 0.46145833333333336 0.7638888888888888 0.05572916666666667 0.12222222222222222
1 0.603125 0.7537037037037037 0.1328125 0.2611111111111111
3 0.5973958333333333 0.5648148148148148 0.10208333333333333 0.15833333333333333
3 0.8453125 0.9064814814814814 0.0625 0.15462962962962962
