2 0.6088541666666667 0.5194444444444445 0.06822916666666666 0.10462962962962963
1 0.709375 0.5361111111111111 0.1265625 0.25
6 0.6864583333333333 0.387037037037037 0.0921875 0.15555555555555556
1 0.8484375 0.30648148148148147 0.06354166666666666 0.11944444444444445
2 0.7614583333333333 0.5305555555555556 0.10208333333333333 0.18425925925925926
2 0.8260416666666667 0.775 0.06302083333333333 0.09444444444444444
4 0.6796875 0.12685185185185185 0.10833333333333334 0.12777777777777777
6 0.5322916666666667 0.49166666666666664 0.15364583333333334 0.25925925925925924
4 0.4427083333333333 0.006481481481481481 0.08333333333333333 0.17037037037037037
7 0.721875 0.8379629629629629 0.10208333333333333 0.18333333333333332
5 0.7963541666666667 0.24351851851851852 0.16354166666666667 0.42962962962962964
1 0.8729166666666667 0.5777777777777777 0.12604166666666666 0.262037037037037
6 0.7427083333333333 0.9731481481481481 0.11927083333333334 0.16574074074074074
