6 0.7442708333333333 0.9324074074074075 0.0671875 0.125
6 0.6604166666666667 0.40185185185185185 0.10625 0.23425925925925925
6 0.6244791666666667 0.48055555555555557 0.0984375 0.18888888888888888
6 0.7203125 0.2972222222222222 0.13854166666666667 0.22314814814814815
4 0.8833333333333333 0.46296296296296297 0.0703125 0.18425925925925926
6 0.6677083333333333 0.562037037037037 0.06979166666666667 0.1175925925925926
6 0.8239583333333333 0.3731481481481482 0.0890625 0.14074074074074075
1 0.7270833333333333 0.5833333333333334 0.09479166666666666 0.20925925925925926
1 0.5572916666666666 0.5185185185185185 0.1359375 0.2601851851851852
6 0.6505208333333333 0.2796296296296296 0.13072916666666667 0.20925925925925926
2 0.6010416666666667 0.5574074074074075 0.07604166666666666 0.16018518518518518
