2 0.03125 0.7583333333333333 0.06822916666666666 0.09722222222222222
2 0.30416666666666664 0.3490740740740741 0.1140625 0.13518518518518519
2 0.29635416666666664 0.7055555555555556 0.10364583333333334 0.16944444444444445
3 0.16145833333333334 0.46574074074074073 0.059375 0.11944444444444445
0 0.06666666666666667 0.5287037037037037 0.17395833333333333 0.562037037037037
3 0.25625 0.45092592592592595 0.05416666666666667 0.09814814814814815
4 0.6161458333333333 0.4861111111111111 0.0734375 0.17037037037037037
3 0.196875 0.42777777777777776 0.1203125 0.14629629629629629
1 0.22083333333333333 0.4666666666666667 0.08333333333333333 0.16203703703703703
3 0.37083333333333335 0.49537037037037035 0.04895833333333333 0.1
6 0.07604166666666666 0.4546296296296296 0.1015625 0.1527777777777778
4 0.9505208333333334 0.3296296296296296 0.05677083333333333 0.15833333333333333
6 0.146875 0.5972222222222222 0.12760416666666666 0.23055555555555557
