7 0.4796875 0.9861111111111112 0.059375 0.20092592592592592
3 0.2520833333333333 0.6546296296296297 0.0328125 0.09537037037037037
4 0.5661458333333333 0.8972222222222223 0.06979166666666667 0.20092592592592592
6 0.15885416666666666 0.7342592592592593 0.1453125 0.24074074074074073
7 0.621875 0.21388888888888888 0.059375 0.2037037037037037
4 0.0140625 0.125 0.06614583333333333 0.16666666666666666
2 0.12447916666666667 0.8379629629629629 0.10364583333333334 0.16574074074074074
3 0.2609375 0.8722222222222222 0.08541666666666667 0.13425925925925927
1 0.1546875 0.37777777777777777 0.08958333333333333 0.24537037037037038
6 0.3098958333333333 0.9879629629629629 0.07239583333333334 0.10648148148148148
