3 0.36666666666666664 0.23148148148148148 0.06770833333333333 0.14166666666666666
1 0.30052083333333335 0.7907407407407407 0.08489583333333334 0.16296296296296298
7 0.8609375 0.3509259259259259 0.09427083333333333 0.16111111111111112
1 0.3958333333333333 0.36203703703703705 0.07604166666666666 0.16296296296296298
7 0.026041666666666668 0.9564814814814815 0.07604166666666666 0.2
3 0.32760416666666664 0.5287037037037037 0.07916666666666666 0.23425925925925925
1 0.1390625 0.525 0.07135416666666666 0.17314814814814813
0 0.31302083333333336 0.8018518518518518 0.14114583333333333 0.3712962962962963
4 0.5005208333333333 0.6972222222222222 0.07447916666666667 0.18425925925925926
6 0.19322916666666667 0.8888888888888888 0.12864583333333332 0.24351851851851852
1 0.18958333333333333 0.8046296296296296 0.11354166666666667 0.21481481481481482
4 0.46197916666666666 0.49074074074074076 0.07395833333333333 0.2
