3 0.7151041666666667 0.18611111111111112 0.10364583333333334 0.2111111111111111
3 0.6421875 0.3990740740740741 0.1234375 0.1814814814814815
4 0.3203125 0.37222222222222223 0.0703125 0.18425925925925926
0 0.04583333333333333 0.5277777777777778 0.2265625 0.5444444444444444
3 0.6755208333333333 0.3907407407407407 0.0640625 0.12685185185185185
1 0.5697916666666667 0.4305555555555556 0.1 0.20277777777777778
4 0.6635416666666667 0.1398148148148148 0.03854166666666667 0.16203703703703703
7 0.8713541666666667 0.6194444444444445 0.10989583333333333 0.2101851851851852
2 0.628125 0.7481481481481481 0.1078125 0.16111111111111112
7 0.5442708333333334 0.8018518518518518 0.08333333333333333 0.17407407407407408
