1 0.26666666666666666 0.4027777777777778 0.05260416666666667 0.1175925925925926
6 0.5010416666666667 0.33425925925925926 0.06666666666666667 0.1111111111111111
3 0.3546875 0.4185185185185185 0.065625 0.14537037037037037
3 0.5265625 0.687962962962963 0.07447916666666667 0.18888888888888888
1 0.28020833333333334 0.42962962962962964 0.05677083333333333 0.10277777777777777
6 0.36041666666666666 0.5518518518518518 0.10104166666666667 0.1574074074074074
6 0.2625 0.28425925925925927 0.1046875 0.13240740740740742
0 0.325 0.9861111111111112 0.190625 0.4824074074074074
6 0.3338541666666667 0.6842592592592592 0.14739583333333334 0.23425925925925925
6 0.3359375 0.7703703703703704 0.0578125 0.07685185185185185
3 0.3067708333333333 0.7092592592592593 0.14010416666666667 0.20185185185185187
