1 0.19270833333333334 0.8203703703703704 0.10729166666666666 0.2074074074074074
2 0.4942708333333333 0.7833333333333333 0.0921875 0.14537037037037037
1 0.17604166666666668 0.6018518518518519 0.10520833333333333 0.23981481481481481
6 0.20520833333333333 0.7685185185185185 0.0984375 0.17037037037037037
2 0.37604166666666666 0.7435185185185185 0.0890625 0.15462962962962962
2 0.20625 0.39351851851851855 0.1015625 0.1814814814814815
2 0.30364583333333334 0.25555555555555554 0.09322916666666667 0.15092592592592594
6 0.23958333333333334 0.962037037037037 0.1140625 0.22037037037037038
4 0.20520833333333333 0.21574074074074073 0.10416666666666667 0.17592592592592593
0 0.7916666666666666 0.30092592592592593 0.07604166666666666 0.21851851851851853
6 0.20208333333333334 0.3101851851851852 0.0984375 0.1685185185185185
3 0.21510416666666668 0.2388888888888889 0.0484375 0.08796296296296297
