2 0.4270833333333333 0.6083333333333333 0.10416666666666667 0.15925925925925927
6 0.4671875 0.7814814814814814 0.16145833333333334 0.275
6 0.3229166666666667 0.4185185185185185 0.0953125 0.1425925925925926
2 0.4979166666666667 0.7231481481481481 0.065625 0.1
4 0.6276041666666666 0.9972222222222222 0.06770833333333333 0.19444444444444445
5 0.0265625 0.3388888888888889 0.10364583333333334 0.2916666666666667
6 0.3536458333333333 0.9712962962962963 0.06875 0.10833333333333334
2 0.38125 0.3990740740740741 0.08645833333333333 0.19444444444444445
6 0.08645833333333333 0.5212962962962963 0.10364583333333334 0.22037037037037038
7 0.5213541666666667 0.4898148148148148 0.08697916666666666 0.20833333333333334
4 0.7630208333333334 0.5425925925925926 0.08333333333333333 0.18518518518518517
2 0.36041666666666666 0.6259259259259259 0.10260416666666666 0.16666666666666666
1 0.2833333333333333 0.16018518518518518 0.08854166666666667 0.16296296296296298
6 0.20520833333333333 0.899074074074074 0.10572916666666667 0.2111111111111111
