7 0.7958333333333333 0.32222222222222224 0.11354166666666667 0.2222222222222222
6 0.5052083333333334 0.4777777777777778 0.109375 0.1935185185185185
4 0.33125 0.14537037037037037 0.08802083333333334 0.1925925925925926
1 0.4421875 0.7787037037037037 0.12135416666666667 0.2462962962962963
3 0.6328125 0.7574074074074074 0.0546875 0.14629629629629629
7 0.3098958333333333 0.4064814814814815 0.09583333333333334 0.19722222222222222
3 0.6755208333333333 0.3416666666666667 0.09895833333333333 0.2212962962962963
1 0.6333333333333333 0.09259259259259259 0.07708333333333334 0.21388888888888888
6 0.775 0.5777777777777777 0.12447916666666667 0.22870370370370371
4 0.4354166666666667 0.9703703703703703 0.0875 0.22777777777777777
3 0.5734375 0.46944444444444444 0.044270833333333336 0.09537037037037037
