1 0.840625 0.5638888888888889 0.071875 0.12129629629629629
1 0.8161458333333333 0.4203703703703704 0.05677083333333333 0.14351851851851852
2 0.8619791666666666 0.1574074074074074 0.10729166666666666 0.1537037037037037
6 0.6854166666666667 0.5916666666666667 0.090625 0.1574074074074074
3 0.9302083333333333 0.5148148148148148 0.07291666666666667 0.19444444444444445
5 0.9723958333333333 0.7231481481481481 0.11822916666666666 0.3074074074074074
3 0.9015625 0.5555555555555556 0.057291666666666664 0.12222222222222222
2 0.8484375 0.8416666666666667 0.09114583333333333 0.20833333333333334
6 0.6046875 0.6333333333333333 0.10260416666666666 0.13055555555555556
3 0.7234375 0.687037037037037 0.0703125 0.11851851851851852
3 0.7369791666666666 0.15 0.04739583333333333 0.09351851851851851
