3 0.3229166666666667 0.9407407407407408 0.11458333333333333 0.23333333333333334
0 0.6921875 0.6768518518518518 0.16458333333333333 0.49722222222222223
4 0.7796875 0.3194444444444444 0.09166666666666666 0.20277777777777778
6 0.30520833333333336 0.4925925925925926 0.051041666666666666 0.08333333333333333
4 0.10520833333333333 0.06759259259259259 0.09947916666666666 0.20925925925925926
1 0.46979166666666666 0.6148148148148148 0.12552083333333333 0.25555555555555554
2 0.19739583333333333 0.4324074074074074 0.0859375 0.12222222222222222
2 0.24479166666666666 0.7768518518518519 0.08229166666666667 0.175
2 0.34322916666666664 0.48518518518518516 0.0671875 0.0962962962962963
6 0.43854166666666666 0.9935185185185185 0.09739583333333333 0.17314814814814813
6 0.3885416666666667 0.5685185185185185 0.1 0.21203703703703702
6 0.31666666666666665 0.9898148148148148 0.11041666666666666 0.18518518518518517
