5 0.1296875 0.4324074074074074 0.10989583333333333 0.3490740740740741
3 0.6494791666666667 0.2064814814814815 0.11875 0.2064814814814815
2 0.6625 0.3351851851851852 0.052083333333333336 0.11574074074074074
4 0.07552083333333333 0.7074074074074074 0.09739583333333333 0.18796296296296297
3 0.6 0.6342592592592593 0.08802083333333334 0.19166666666666668
2 0.46770833333333334 0.7305555555555555 0.10104166666666667 0.15833333333333333
6 0.765625 0.3398148148148148 0.07604166666666666 0.14907407407407408
1 0.49114583333333334 0.7425925925925926 0.09895833333333333 0.20462962962962963
2 0.7135416666666666 0.7305555555555555 0.11354166666666667 0.2212962962962963
3 0.5916666666666667 0.6962962962962963 0.08802083333333334 0.19722222222222222
