6 0.9125 0.5888888888888889 0.140625 0.27685185185185185
1 0.9635416666666666 0.5018518518518519 0.06302083333333333 0.13425925925925927
6 0.7463541666666667 0.924074074074074 0.05677083333333333 0.0962962962962963
6 0.75625 0.41574074074074074 0.1203125 0.2111111111111111
4 0.15 0.6092592592592593 0.08072916666666667 0.15462962962962962
6 0.61875 0.44814814814814813 0.12760416666666666 0.2212962962962963
0 0.6151041666666667 0.9138888888888889 0.07916666666666666 0.23055555555555557
1 0.8322916666666667 0.5064814814814815 0.08802083333333334 0.20833333333333334
2 0.8234375 0.8444444444444444 0.11927083333333334 0.1814814814814815
1 0.5807291666666666 0.65 0.10989583333333333 0.2037037037037037
