2 0.22552083333333334 0.4601851851851852 0.09895833333333333 0.20555555555555555
2 0.17135416666666667 0.48055555555555557 0.059895833333333336 0.0824074074074074
3 0.1671875 0.7148148148148148 0.05520833333333333 0.07777777777777778
4 0.5072916666666667 0.475 0.08125 0.15555555555555556
2 0.4119791666666667 0.5518518518518518 0.07708333333333334 0.12314814814814815
1 0.16770833333333332 0.425 0.03854166666666667 0.1175925925925926
7 0.2552083333333333 0.15 0.11041666666666666 0.24351851851851852
3 0.12291666666666666 0.7018518518518518 0.0734375 0.1675925925925926
0 0.5927083333333333 0.22870370370370371 0.16302083333333334 0.5074074074074074
3 0.21197916666666666 0.8851851851851852 0.08489583333333334 0.1925925925925926
4 0.9786458333333333 0.17222222222222222 0.0734375 0.13148148148148148
7 0.24635416666666668 0.7768518518518519 0.07604166666666666 0.13148148148148148
