6 0.6447916666666667 0.22962962962962963 0.07604166666666666 0.1527777777777778
1 0.5307291666666667 0.5453703703703704 0.10677083333333333 0.20555555555555555
1 0.6598958333333333 0.12037037037037036 0.0546875 0.12129629629629629
5 0.4322916666666667 0.5046296296296297 0.12239583333333333 0.32222222222222224
4 0.5802083333333333 0.30277777777777776 0.057291666666666664 0.17407407407407408
3 0.6869791666666667 0.47962962962962963 0.05416666666666667 0.0962962962962963
3 0.521875 0.11388888888888889 0.0546875 0.11481481481481481
4 0.75625 0.49907407407407406 0.07395833333333333 0.14444444444444443
3 0.8213541666666667 0.21296296296296297 0.08385416666666666 0.1925925925925926
2 0.5677083333333334 0.4166666666666667 0.1421875 0.20185185185185187
1 0.6708333333333333 0.08055555555555556 0.09114583333333333 0.16574074074074074
1 0.609375 0.003703703703703704 0.10416666666666667 0.225
