3 0.8723958333333334 0.3574074074074074 0.084375 0.1574074074074074
3 0.6671875 0.6129629629629629 0.05677083333333333 0.125
0 0.0234375 0.03518518518518519 0.11666666666666667 0.275
7 0.3541666666666667 0.7777777777777778 0.04895833333333333 0.18055555555555555
1 0.6395833333333333 0.20833333333333334 0.09010416666666667 0.19814814814814816
1 0.7307291666666667 0.6092592592592593 0.134375 0.2638888888888889
4 0.85 0.7037037037037037 0.0671875 0.18425925925925926
6 0.6604166666666667 0.4527777777777778 0.1515625 0.30092592592592593
4 0.175 0.4064814814814815 0.09739583333333333 0.19074074074074074
1 0.44947916666666665 0.41574074074074074 0.06927083333333334 0.15
