4 0.9692708333333333 0.8287037037037037 0.0765625 0.18981481481481483
2 0.3880208333333333 0.575925925925926 0.04791666666666667 0.075
6 0.4427083333333333 0.7305555555555555 0.09947916666666666 0.19444444444444445
6 0.2484375 0.6583333333333333 0.16666666666666666 0.2611111111111111
3 0.35520833333333335 0.7638888888888888 0.065625 0.07685185185185185
4 0.2984375 0.2537037037037037 0.078125 0.20462962962962963
1 0.5765625 0.8361111111111111 0.12864583333333332 0.23981481481481481
2 0.25416666666666665 0.31666666666666665 0.11302083333333333 0.1425925925925926
6 0.5786458333333333 0.6296296296296297 0.11145833333333334 0.2796296296296296
6 0.5963541666666666 0.6592592592592592 0.16770833333333332 0.3111111111111111
