1 0.5119791666666667 0.24351851851851852 0.10572916666666667 0.21944444444444444
6 0.3958333333333333 0.5407407407407407 0.12760416666666666 0.18703703703703703
4 0.5692708333333333 0.27037037037037037 0.12760416666666666 0.16944444444444445
7 0.8270833333333333 0.662962962962963 0.12760416666666666 0.19722222222222222
1 0.4296875 0.8648148148148148 0.0890625 0.15925925925925927
4 0.2234375 0.8851851851851852 0.08489583333333334 0.11203703703703703
3 0.275 0.8759259259259259 0.08177083333333333 0.14722222222222223
7 0.9854166666666667 0.649074074074074 0.04479166666666667 0.24722222222222223
6 0.34791666666666665 0.675 0.07291666666666667 0.11851851851851852
5 0.9166666666666666 0.000925925925925926 0.14791666666666667 0.3388888888888889
2 0.41354166666666664 0.7444444444444445 0.07395833333333333 0.11574074074074074
6 0.3802083333333333 0.6277777777777778 0.1421875 0.2388888888888889
