6 0.5458333333333333 0.32037037037037036 0.06770833333333333 0.2101851851851852
1 0.4166666666666667 0.55 0.0921875 0.16018518518518518
4 0.840625 0.4638888888888889 0.08229166666666667 0.20462962962962963
6 0.465625 0.4398148148148148 0.140625 0.2361111111111111
1 0.4166666666666667 0.6462962962962963 0.0875 0.1675925925925926
3 0.3546875 0.7083333333333334 0.08177083333333333 0.18703703703703703
6 0.3651041666666667 0.39166666666666666 0.0703125 0.08611111111111111
5 0.0203125 0.1962962962962963 0.1171875 0.2962962962962963
4 0.5130208333333334 0.011111111111111112 0.06666666666666667 0.1527777777777778
6 0.3546875 0.7222222222222222 0.11041666666666666 0.14814814814814814
2 0.3692708333333333 0.6111111111111112 0.08072916666666667 0.13240740740740742
