4 0.3375 0.45555555555555555 0.078125 0.19444444444444445
1 0.6848958333333334 0.7092592592592593 0.0625 0.1425925925925926
1 0.7869791666666667 0.3972222222222222 0.1125 0.21203703703703702
7 0.21197916666666666 0.737037037037037 0.090625 0.1685185185185185
6 0.546875 0.6472222222222223 0.121875 0.19074074074074074
3 0.7375 0.7166666666666667 0.09791666666666667 0.14351851851851852
6 0.7984375 0.4564814814814815 0.08385416666666666 0.14537037037037037
6 0.8572916666666667 0.4787037037037037 0.13645833333333332 0.23981481481481481
4 0.9692708333333333 0.8916666666666667 0.07395833333333333 0.1712962962962963
5 0.9307291666666667 0.003703703703703704 0.13229166666666667 0.362962962962963
