6 0.28854166666666664 0.15648148148148147 0.12395833333333334 0.21574074074074073
3 0.24583333333333332 0.16666666666666666 0.07447916666666667 0.26666666666666666
2 0.16354166666666667 0.06296296296296296 0.15364583333333334 0.2574074074074074
5 0.5229166666666667 0.7666666666666667 0.128125 0.36944444444444446
6 0.3890625 0.24351851851851852 0.15729166666666666 0.2638888888888889
6 0.5197916666666667 0.5814814814814815 0.11354166666666667 0.20185185185185187
6 0.32135416666666666 0.6222222222222222 0.13385416666666666 0.2324074074074074
3 0.4354166666666667 0.30277777777777776 0.0859375 0.17685185185185184
4 0.30625 0.3388888888888889 0.08854166666666667 0.1388888888888889
3 0.30052083333333335 0.4212962962962963 0.10104166666666667 0.26851851851851855
1 0.603125 0.7814814814814814 0.11302083333333333 0.2462962962962963
3 0.2791666666666667 0.262037037037037 0.10885416666666667 0.1648148148148148
4 0.21302083333333333 0.7231481481481481 0.06041666666666667 0.2064814814814815
7 0.5895833333333333 0.6092592592592593 0.06979166666666667 0.18333333333333332
