2 0.6661458333333333 0.39537037037037037 0.10677083333333333 0.15648148148148147
2 0.35052083333333334 0.0712962962962963 0.1 0.1425925925925926
1 0.428125 0.5907407407407408 0.12135416666666667 0.2064814814814815
3 0.378125 0.4898148148148148 0.07552083333333333 0.13240740740740742
4 0.3182291666666667 0.8333333333333334 0.1109375 0.21666666666666667
6 0.5494791666666666 0.13333333333333333 0.09791666666666667 0.16018518518518518
1 0.5354166666666667 0.7333333333333333 0.11041666666666666 0.21296296296296297
3 0.49166666666666664 0.10185185185185185 0.04479166666666667 0.11018518518518519
5 0.010416666666666666 0.08333333333333333 0.11927083333333334 0.34074074074074073
2 0.6036458333333333 0.4527777777777778 0.103125 0.18888888888888888
1 0.5427083333333333 0.32592592592592595 0.11145833333333334 0.2212962962962963
3 0.5010416666666667 0.5657407407407408 0.040625 0.07314814814814814
