1 0.5973958333333333 0.3425925925925926 0.08385416666666666 0.15648148148148147
2 0.45677083333333335 0.39166666666666666 0.07447916666666667 0.1685185185185185
7 0.5901041666666667 0.5055555555555555 0.1125 0.18981481481481483
3 0.46041666666666664 0.9824074074074074 0.05520833333333333 0.13055555555555556
1 0.7447916666666666 0.6166666666666667 0.08125 0.15462962962962962
7 0.34739583333333335 0.27685185185185185 0.0890625 0.18796296296296297
2 0.6895833333333333 0.5 0.12239583333333333 0.20925925925925926
4 0.36614583333333334 0.45555555555555555 0.0984375 0.18333333333333332
4 0.9291666666666667 0.48518518518518516 0.08541666666666667 0.16111111111111112
6 0.7703125 0.6138888888888889 0.1046875 0.15092592592592594
2 0.5333333333333333 0.6953703703703704 0.0703125 0.11018518518518519
