1 0.7125 0.2074074074074074 0.08697916666666666 0.17962962962962964
4 0.45364583333333336 0.2462962962962963 0.07291666666666667 0.20185185185185187
1 0.5958333333333333 0.5453703703703704 0.15052083333333333 0.30462962962962964
3 0.3854166666666667 0.6083333333333333 0.05677083333333333 0.08148148148148149
1 0.809375 0.4101851851851852 0.1390625 0.262037037037037
2 0.5619791666666667 0.8703703703703703 0.05 0.10925925925925926
0 0.029166666666666667 0.7777777777777778 0.19895833333333332 0.4685185185185185
6 0.6276041666666666 0.4462962962962963 0.09583333333333334 0.14537037037037037
3 0.5645833333333333 0.2324074074074074 0.10364583333333334 0.17592592592592593
6 0.4192708333333333 0.337037037037037 0.0953125 0.16296296296296298
3 0.38385416666666666 0.7333333333333333 0.1078125 0.15092592592592594
4 0.016145833333333335 0.5990740740740741 0.05625 0.16944444444444445
