4 0.6526041666666667 0.5046296296296297 0.0875 0.2
3 0.65625 0.1638888888888889 0.06458333333333334 0.14629629629629629
1 0.5463541666666667 0.37592592592592594 0.07395833333333333 0.17777777777777778
2 0.8901041666666667 0.16111111111111112 0.07135416666666666 0.1388888888888889
2 0.55 0.20833333333333334 0.10625 0.23703703703703705
2 0.46458333333333335 0.35648148148148145 0.11770833333333333 0.21574074074074073
1 0.6666666666666666 0.19722222222222222 0.1234375 0.2351851851851852
3 0.4578125 0.3101851851851852 0.05520833333333333 0.08796296296296297
3 0.6203125 0.5527777777777778 0.06927083333333334 0.1287037037037037
1 0.9328125 0.712037037037037 0.08333333333333333 0.1962962962962963
