6 0.3541666666666667 0.42407407407407405 0.1515625 0.2657407407407407
3 0.35 0.42685185185185187 0.051041666666666666 0.10740740740740741
2 0.5708333333333333 0.5537037037037037 0.1296875 0.275
5 0.17760416666666667 0.04722222222222222 0.1234375 0.3490740740740741
6 0.2713541666666667 0.8046296296296296 0.14739583333333334 0.26851851851851855
6 0.2453125 0.4351851851851852 0.15052083333333333 0.26666666666666666
1 0.35208333333333336 0.4398148148148148 0.12552083333333333 0.22962962962962963
6 0.5041666666666667 0.5537037037037037 0.04739583333333333 0.10740740740740741
6 0.5541666666666667 0.6314814814814815 0.10572916666666667 0.2074074074074074
6 0.5645833333333333 0.6638888888888889 0.16302083333333334 0.262037037037037
