3 0.246875 0.7888888888888889 0.03333333333333333 0.07592592592592592
6 0.30833333333333335 0.674074074074074 0.11666666666666667 0.14814814814814814
0 0.17916666666666667 0.600925925925926 0.11145833333333334 0.5074074074074074
3 0.6348958333333333 0.30925925925925923 0.057291666666666664 0.16018518518518518
6 0.34270833333333334 0.3037037037037037 0.1265625 0.29074074074074074
2 0.3203125 0.7592592592592593 0.057291666666666664 0.125
1 0.5708333333333333 0.6333333333333333 0.13072916666666667 0.22037037037037038
4 0.5723958333333333 0.8185185185185185 0.10572916666666667 0.23333333333333334
3 0.4859375 0.8361111111111111 0.041666666666666664 0.125
3 0.4765625 0.7324074074074074 0.042708333333333334 0.08981481481481482
3 0.5244791666666667 0.487962962962963 0.07760416666666667 0.19537037037037036
7 0.6755208333333333 0.1175925925925926 0.06197916666666667 0.26481481481481484
1 0.35104166666666664 0.7814814814814814 0.08072916666666667 0.16018518518518518
4 0.7479166666666667 0.1675925925925926 0.12864583333333332 0.18981481481481483
