7 0.6020833333333333 0.9527777777777777 0.07864583333333333 0.15
6 0.43125 0.1962962962962963 0.03854166666666667 0.12037037037037036
3 0.26927083333333335 0.15092592592592594 0.0390625 0.13333333333333333
2 0.4973958333333333 0.06574074074074074 0.11354166666666667 0.16296296296296298
5 0.024479166666666666 0.39537037037037037 0.14427083333333332 0.3851851851851852
4 0.7104166666666667 0.5990740740740741 0.10364583333333334 0.21666666666666667
4 0.7708333333333334 0.17777777777777778 0.06927083333333334 0.1962962962962963
7 0.5026041666666666 0.7675925925925926 0.07447916666666667 0.125
6 0.453125 0.17314814814814813 0.08958333333333333 0.14351851851851852
1 0.4046875 0.1787037037037037 0.10729166666666666 0.24074074074074073
3 0.5354166666666667 0.16666666666666666 0.065625 0.15092592592592594
3 0.3578125 0.5277777777777778 0.0390625 0.09444444444444444
