7 0.5614583333333333 0.7314814814814815 0.10052083333333334 0.2037037037037037
6 0.365625 0.5981481481481481 0.0578125 0.13148148148148148
4 0.9895833333333334 0.14722222222222223 0.06614583333333333 0.16944444444444445
4 0.9151041666666667 0.687037037037037 0.08177083333333333 0.14166666666666666
1 0.5598958333333334 0.5120370370370371 0.11770833333333333 0.262037037037037
0 0.32083333333333336 0.3907407407407407 0.20208333333333334 0.5305555555555556
1 0.5161458333333333 0.04537037037037037 0.1296875 0.25092592592592594
2 0.4713541666666667 0.3675925925925926 0.13072916666666667 0.24259259259259258
2 0.4895833333333333 0.4046296296296296 0.1109375 0.18611111111111112
7 0.5682291666666667 0.30833333333333335 0.08020833333333334 0.21481481481481482
