6 0.6130208333333333 0.1388888888888889 0.13385416666666666 0.2175925925925926
1 0.6098958333333333 0.49444444444444446 0.15364583333333334 0.27870370370370373
4 0.5078125 0.21574074074074073 0.10520833333333333 0.18055555555555555
3 0.31302083333333336 0.5212962962962963 0.04635416666666667 0.1111111111111111
6 0.59375 0.65 0.06354166666666666 0.12314814814814815
1 0.6661458333333333 0.2851851851851852 0.0984375 0.18518518518518517
1 0.5630208333333333 0.41388888888888886 0.0484375 0.12685185185185185
7 0.51875 0.16111111111111112 0.075 0.17592592592592593
6 0.803125 0.6666666666666666 0.11666666666666667 0.20092592592592592
7 0.6515625 0.5462962962962963 0.05572916666666667 0.13703703703703704
0 0.46197916666666666 0.44166666666666665 0.19010416666666666 0.43148148148148147
2 0.7833333333333333 0.2898148148148148 0.0640625 0.10555555555555556
4 0.3729166666666667 0.2675925925925926 0.0640625 0.1638888888888889
