7 0.7333333333333333 0.7425925925925926 0.07604166666666666 0.1398148148148148
7 0.22239583333333332 0.45185185185185184 0.1171875 0.17222222222222222
6 0.6822916666666666 0.2824074074074074 0.0859375 0.13425925925925927
6 0.6703125 0.4888888888888889 0.1609375 0.2212962962962963
6 0.8598958333333333 0.20925925925925926 0.146875 0.22407407407407406
6 0.8364583333333333 0.41944444444444445 0.09947916666666666 0.27314814814814814
3 0.8041666666666667 0.575925925925926 0.075 0.13796296296296295
6 0.7432291666666667 0.5435185185185185 0.15052083333333333 0.23796296296296296
6 0.7197916666666667 0.5277777777777778 0.09791666666666667 0.15
4 0.60625 0.9287037037037037 0.10520833333333333 0.18425925925925926
3 0.8729166666666667 0.3611111111111111 0.0796875 0.13240740740740742
5 0.25104166666666666 0.9203703703703704 0.13020833333333334 0.3851851851851852
4 0.8677083333333333 0.7657407407407407 0.115625 0.20185185185185187
