3 0.5416666666666666 0.27314814814814814 0.103125 0.19166666666666668
6 0.7463541666666667 0.6555555555555556 0.06927083333333334 0.14537037037037037
1 0.6994791666666667 0.2898148148148148 0.09635416666666667 0.19814814814814816
3 0.5427083333333333 0.6185185185185185 0.05520833333333333 0.0962962962962963
2 0.6822916666666666 0.22592592592592592 0.07083333333333333 0.11481481481481481
6 0.5828125 0.3712962962962963 0.11354166666666667 0.18333333333333332
2 0.5005208333333333 0.39814814814814814 0.08072916666666667 0.11574074074074074
6 0.75625 0.5009259259259259 0.103125 0.18703703703703703
1 0.4197916666666667 0.20833333333333334 0.10885416666666667 0.2037037037037037
3 0.5885416666666666 0.3490740740740741 0.06354166666666666 0.14814814814814814
