2 0.26458333333333334 0.7518518518518519 0.06614583333333333 0.13055555555555556
1 0.16822916666666668 0.6435185185185185 0.10416666666666667 0.2111111111111111
4 0.8880208333333334 0.8175925925925925 0.084375 0.20185185185185187
1 0.09010416666666667 0.5064814814814815 0.0921875 0.18611111111111112
3 0.27395833333333336 0.42962962962962964 0.07604166666666666 0.13240740740740742
2 0.46145833333333336 0.1935185185185185 0.14791666666666667 0.18055555555555555
6 0.3104166666666667 0.6166666666666667 0.071875 0.12777777777777777
3 0.5057291666666667 0.7296296296296296 0.10416666666666667 0.1925925925925926
3 0.225 0.38333333333333336 0.075 0.14629629629629629
6 0.19270833333333334 0.3055555555555556 0.071875 0.12222222222222222
7 0.515625 0.3490740740740741 0.06197916666666667 0.18333333333333332
4 0.2453125 0.8555555555555555 0.0578125 0.20925925925925926
