0 0.030729166666666665 0.14444444444444443 0.190625 0.4324074074074074
6 0.9072916666666667 0.687037037037037 0.12552083333333333 0.19537037037037036
3 0.9223958333333333 0.5990740740740741 0.08489583333333334 0.19537037037037036
3 0.7416666666666667 0.7611111111111111 0.050520833333333334 0.1111111111111111
4 0.571875 0.39351851851851855 0.08541666666666667 0.15092592592592594
6 0.6416666666666667 0.40925925925925927 0.06666666666666667 0.14629629629629629
7 0.5291666666666667 0.3509259259259259 0.08385416666666666 0.2351851851851852
4 0.7494791666666667 0.35833333333333334 0.07760416666666667 0.19814814814814816
2 0.6541666666666667 0.8527777777777777 0.07135416666666666 0.10833333333333334
6 0.6807291666666667 0.6092592592592593 0.10416666666666667 0.2796296296296296
6 0.728125 0.22870370370370371 0.09947916666666666 0.21851851851851853
