4 0.2994791666666667 0.33796296296296297 0.06458333333333334 0.15833333333333333
6 0.6630208333333333 0.5055555555555555 0.1296875 0.2324074074074074
4 0.9869791666666666 0.19166666666666668 0.08020833333333334 0.225
7 0.04114583333333333 0.21388888888888888 0.08802083333333334 0.16296296296296298
7 0.41354166666666664 0.34444444444444444 0.11354166666666667 0.2759259259259259
3 0.7557291666666667 0.6537037037037037 0.06822916666666666 0.10277777777777777
3 0.7859375 0.5824074074074074 0.09166666666666666 0.14166666666666666
6 0.6890625 0.47962962962962963 0.19166666666666668 0.31574074074074077
3 0.5260416666666666 0.35833333333333334 0.04739583333333333 0.10462962962962963
3 0.8145833333333333 0.4564814814814815 0.058854166666666666 0.1388888888888889
1 0.5723958333333333 0.4111111111111111 0.08958333333333333 0.20833333333333334
1 0.6942708333333333 0.3416666666666667 0.0734375 0.1675925925925926
