0 0.10260416666666666 0.7870370370370371 0.17916666666666667 0.5342592592592592
1 0.71875 0.22407407407407406 0.090625 0.18981481481481483
1 0.7677083333333333 0.42777777777777776 0.078125 0.15
6 0.6859375 0.512962962962963 0.11145833333333334 0.18518518518518517
6 0.8135416666666667 0.44814814814814813 0.1015625 0.2074074074074074
1 0.6744791666666666 0.6824074074074075 0.10885416666666667 0.23703703703703705
6 0.7411458333333333 0.44166666666666665 0.14427083333333332 0.2537037037037037
3 0.5479166666666667 0.6555555555555556 0.0875 0.1675925925925926
1 0.740625 0.7296296296296296 0.1125 0.2462962962962963
6 0.7708333333333334 0.6685185185185185 0.14895833333333333 0.21203703703703702
6 0.7729166666666667 0.5833333333333334 0.13385416666666666 0.23703703703703705
