1 0.484375 0.837037037037037 0.12760416666666666 0.2361111111111111
4 0.346875 0.9703703703703703 0.09375 0.18333333333333332
2 0.4703125 0.7833333333333333 0.08229166666666667 0.14907407407407408
3 0.42552083333333335 0.5787037037037037 0.0421875 0.09166666666666666
2 0.41510416666666666 0.387037037037037 0.07604166666666666 0.11666666666666667
3 0.5145833333333333 0.8222222222222222 0.065625 0.11574074074074074
1 0.340625 0.41759259259259257 0.09010416666666667 0.21574074074074073
6 0.534375 0.8101851851851852 0.1359375 0.22777777777777777
6 0.2682291666666667 0.8 0.06145833333333333 0.125
6 0.34322916666666664 0.5194444444444445 0.0875 0.1259259259259259
6 0.346875 0.5268518518518519 0.10052083333333334 0.14629629629629629
