6 0.027083333333333334 0.14074074074074075 0.1546875 0.19814814814814816
3 0.215625 0.32314814814814813 0.11614583333333334 0.1925925925925926
6 0.146875 0.22777777777777777 0.078125 0.11666666666666667
2 0.10729166666666666 0.35833333333333334 0.1015625 0.17592592592592593
1 0.27447916666666666 0.14907407407407408 0.0734375 0.14907407407407408
6 0.2828125 0.2574074074074074 0.06875 0.12962962962962962
6 0.19583333333333333 0.18611111111111112 0.07135416666666666 0.11851851851851852
7 0.33229166666666665 0.9564814814814815 0.075 0.1685185185185185
2 0.03177083333333333 0.3972222222222222 0.06458333333333334 0.1
2 0.22291666666666668 0.30092592592592593 0.09583333333333334 0.15555555555555556
4 0.4828125 0.8148148148148148 0.11979166666666667 0.2111111111111111
4 0.035416666666666666 0.9490740740740741 0.0859375 0.21203703703703702
1 0.20625 0.18611111111111112 0.08125 0.17407407407407408
