6 0.4166666666666667 0.14814814814814814 0.06614583333333333 0.09537037037037037
2 0.471875 0.6787037037037037 0.06041666666666667 0.13425925925925927
3 0.2953125 0.28703703703703703 0.05520833333333333 0.1388888888888889
6 0.2869791666666667 0.7694444444444445 0.1171875 0.1925925925925926
6 0.46770833333333334 0.5574074074074075 0.14635416666666667 0.24722222222222223
6 0.37083333333333335 0.4064814814814815 0.10989583333333333 0.18333333333333332
6 0.4015625 0.5407407407407407 0.11354166666666667 0.20555555555555555
3 0.3385416666666667 0.40370370370370373 0.0671875 0.14444444444444443
4 0.6416666666666667 0.5462962962962963 0.07604166666666666 0.20185185185185187
3 0.6041666666666666 0.7925925925925926 0.08072916666666667 0.14907407407407408
6 0.5958333333333333 0.562037037037037 0.08958333333333333 0.1527777777777778
