4 0.8083333333333333 0.2 0.084375 0.20462962962962963
2 0.8385416666666666 0.29814814814814816 0.08802083333333334 0.13703703703703704
1 0.4828125 0.3592592592592593 0.0796875 0.17407407407407408
6 0.8567708333333334 0.20185185185185187 0.125 0.21851851851851853
6 0.5416666666666666 0.5953703703703703 0.08802083333333334 0.13333333333333333
6 0.6276041666666666 0.044444444444444446 0.096875 0.13425925925925927
4 0.309375 0.34814814814814815 0.05520833333333333 0.16018518518518518
1 0.6375 0.05185185185185185 0.12708333333333333 0.25925925925925924
2 0.5729166666666666 0.2916666666666667 0.1 0.14814814814814814
7 0.4078125 0.3148148148148148 0.057291666666666664 0.19444444444444445
5 0.8375 0.8740740740740741 0.12760416666666666 0.3712962962962963
