2 0.38385416666666666 0.7592592592592593 0.1046875 0.19074074074074074
1 0.37864583333333335 0.3416666666666667 0.1015625 0.22870370370370371
6 0.484375 0.6620370370370371 0.07760416666666667 0.13055555555555556
1 0.28541666666666665 0.8574074074074074 0.08020833333333334 0.1814814814814815
7 0.0734375 0.4787037037037037 0.0859375 0.20092592592592592
6 0.35833333333333334 0.8638888888888889 0.0890625 0.0962962962962963
4 0.8932291666666666 0.625 0.04583333333333333 0.14814814814814814
5 0.9166666666666666 0.3425925925925926 0.1453125 0.39444444444444443
2 0.37864583333333335 0.5120370370370371 0.09166666666666666 0.2
6 0.4901041666666667 0.2537037037037037 0.07083333333333333 0.13240740740740742
4 0.984375 0.25 0.09322916666666667 0.14907407407407408
6 0.34739583333333335 0.5564814814814815 0.1640625 0.2212962962962963
6 0.4479166666666667 0.85 0.09322916666666667 0.15
3 0.3958333333333333 0.5046296296296297 0.08072916666666667 0.10092592592592593
