6 0.5390625 0.4324074074074074 0.09114583333333333 0.1648148148148148
6 0.5041666666666667 0.6425925925925926 0.11510416666666666 0.21666666666666667
1 0.41354166666666664 0.9037037037037037 0.09427083333333333 0.2222222222222222
1 0.515625 0.5481481481481482 0.11822916666666666 0.24814814814814815
3 0.36666666666666664 0.6231481481481481 0.128125 0.18425925925925926
7 0.6848958333333334 0.3148148148148148 0.0828125 0.1814814814814815
6 0.3927083333333333 0.5898148148148148 0.06927083333333334 0.12407407407407407
7 0.7390625 0.21574074074074073 0.09635416666666667 0.1648148148148148
4 0.6953125 0.575 0.10416666666666667 0.21666666666666667
4 0.4 0.9231481481481482 0.11041666666666666 0.2
2 0.4114583333333333 0.4222222222222222 0.10416666666666667 0.18055555555555555
1 0.43125 0.812037037037037 0.06145833333333333 0.13240740740740742
6 0.5859375 0.2916666666666667 0.13802083333333334 0.22685185185185186
6 0.4125 0.7490740740740741 0.12708333333333333 0.2712962962962963
