4 0.5229166666666667 0.9916666666666667 0.09166666666666666 0.2074074074074074
0 0.5979166666666667 0.32222222222222224 0.11979166666666667 0.5185185185185185
2 0.5901041666666667 0.42685185185185187 0.10416666666666667 0.2324074074074074
3 0.38333333333333336 0.6296296296296297 0.11822916666666666 0.15925925925925927
6 0.44635416666666666 0.18333333333333332 0.13802083333333334 0.23425925925925925
2 0.43385416666666665 0.7842592592592592 0.059375 0.1
7 0.25833333333333336 0.8203703703703704 0.050520833333333334 0.22962962962962963
6 0.6494791666666667 0.6203703703703703 0.09322916666666667 0.15092592592592594
2 0.8057291666666667 0.5657407407407408 0.0890625 0.19444444444444445
6 0.5364583333333334 0.8268518518518518 0.10364583333333334 0.14537037037037037
2 0.5552083333333333 0.774074074074074 0.065625 0.10740740740740741
6 0.8208333333333333 0.7935185185185185 0.07239583333333334 0.17222222222222222
4 0.9494791666666667 0.46111111111111114 0.08177083333333333 0.1537037037037037
