4 0.06822916666666666 0.2611111111111111 0.07708333333333334 0.20925925925925926
6 0.11770833333333333 0.3527777777777778 0.08697916666666666 0.14166666666666666
1 0.39947916666666666 0.16296296296296298 0.12239583333333333 0.25925925925925924
1 0.15833333333333333 0.5935185185185186 0.1296875 0.26851851851851855
4 0.015104166666666667 0.11203703703703703 0.09427083333333333 0.15185185185185185
6 0.15 0.43796296296296294 0.08697916666666666 0.1712962962962963
7 0.5552083333333333 0.26296296296296295 0.096875 0.17777777777777778
6 0.3958333333333333 0.2740740740740741 0.13177083333333334 0.21388888888888888
2 0.19322916666666667 0.6157407407407407 0.10260416666666666 0.17962962962962964
3 0.159375 0.007407407407407408 0.09375 0.18703703703703703
3 0.3515625 0.27685185185185185 0.0515625 0.1648148148148148
1 0.3697916666666667 0.4388888888888889 0.09583333333333334 0.18333333333333332
6 0.4765625 0.6324074074074074 0.10885416666666667 0.25555555555555554
