4 0.7234375 0.44351851851851853 0.07604166666666666 0.18888888888888888
5 0.9848958333333333 0.799074074074074 0.13489583333333333 0.4064814814814815
2 0.7875 0.46111111111111114 0.05 0.07222222222222222
6 0.9296875 0.3194444444444444 0.0578125 0.1574074074074074
3 0.81875 0.9027777777777778 0.09427083333333333 0.17685185185185184
1 0.6958333333333333 0.4981481481481482 0.08385416666666666 0.18055555555555555
6 0.8208333333333333 0.48518518518518516 0.15 0.23148148148148148
1 0.6598958333333333 0.8027777777777778 0.0671875 0.11018518518518519
2 0.9583333333333334 0.7333333333333333 0.06822916666666666 0.13425925925925927
1 0.9921875 0.924074074074074 0.1109375 0.21666666666666667
