6 0.6088541666666667 0.5888888888888889 0.12552083333333333 0.18333333333333332
6 0.6229166666666667 0.21944444444444444 0.14635416666666667 0.17777777777777778
2 0.5213541666666667 0.7194444444444444 0.0796875 0.12407407407407407
5 0.7036458333333333 0.8398148148148148 0.16145833333333334 0.4009259259259259
2 0.5875 0.5657407407407408 0.057291666666666664 0.12962962962962962
6 0.6880208333333333 0.2851851851851852 0.0765625 0.13796296296296295
3 0.4666666666666667 0.6462962962962963 0.05 0.10277777777777777
3 0.50625 0.5101851851851852 0.109375 0.12777777777777777
6 0.409375 0.41759259259259257 0.1453125 0.22592592592592592
6 0.528125 0.40370370370370373 0.08229166666666667 0.12037037037037036
