6 0.6135416666666667 0.9027777777777778 0.1359375 0.24814814814814815
3 0.54375 0.6555555555555556 0.0984375 0.2111111111111111
6 0.3859375 0.2490740740740741 0.10208333333333333 0.2175925925925926
1 0.6734375 0.4564814814814815 0.13645833333333332 0.2722222222222222
2 0.4427083333333333 0.4648148148148148 0.06666666666666667 0.10925925925925926
3 0.6859375 0.8712962962962963 0.0421875 0.09166666666666666
6 0.7057291666666666 0.7 0.09791666666666667 0.13425925925925927
2 0.7875 0.9638888888888889 0.07708333333333334 0.2074074074074074
3 0.7927083333333333 0.9074074074074074 0.125 0.1712962962962963
3 0.7583333333333333 0.7972222222222223 0.051041666666666666 0.11574074074074074
