6 0.7375 0.5685185185185185 0.14479166666666668 0.2601851851851852
2 0.6973958333333333 0.9712962962962963 0.0546875 0.09074074074074075
2 0.9947916666666666 0.5388888888888889 0.06614583333333333 0.09074074074074075
4 0.96875 0.3814814814814815 0.052083333333333336 0.15092592592592594
6 0.925 0.7851851851851852 0.06458333333333334 0.10648148148148148
6 0.8619791666666666 0.1814814814814815 0.11666666666666667 0.1925925925925926
6 0.7067708333333333 0.6240740740740741 0.103125 0.2490740740740741
2 0.7427083333333333 0.44907407407407407 0.08177083333333333 0.12777777777777777
5 0.3723958333333333 0.5342592592592592 0.165625 0.3574074074074074
4 0.0109375 0.3148148148148148 0.0578125 0.13055555555555556
2 0.6015625 0.2712962962962963 0.059375 0.1037037037037037
1 0.6505208333333333 0.4564814814814815 0.06979166666666667 0.16296296296296298
1 0.6822916666666666 0.47129629629629627 0.09270833333333334 0.17407407407407408
