1 0.7307291666666667 0.6129629629629629 0.10260416666666666 0.26296296296296295
1 0.6494791666666667 0.9 0.08333333333333333 0.21203703703703702
2 0.5838541666666667 0.5148148148148148 0.0828125 0.14444444444444443
5 0.5453125 0.674074074074074 0.13333333333333333 0.3351851851851852
6 0.7322916666666667 0.8759259259259259 0.08489583333333334 0.2064814814814815
2 0.7375 0.7333333333333333 0.121875 0.15833333333333333
2 0.5078125 0.6842592592592592 0.12916666666666668 0.2175925925925926
3 0.6213541666666667 0.9611111111111111 0.10677083333333333 0.1824074074074074
6 0.7265625 0.6962962962962963 0.07395833333333333 0.11944444444444445
3 0.5614583333333333 0.7157407407407408 0.0828125 0.19907407407407407
6 0.4395833333333333 0.30925925925925923 0.1109375 0.17037037037037037
