3 0.8161458333333333 0.912962962962963 0.0734375 0.14814814814814814
4 0.24166666666666667 0.5138888888888888 0.07760416666666667 0.20185185185185187
4 0.9734375 0.875 0.05260416666666667 0.15648148148148147
3 0.7265625 0.8694444444444445 0.0484375 0.11944444444444445
1 0.6020833333333333 0.4842592592592593 0.1125 0.23055555555555557
5 0.896875 0.11203703703703703 0.13020833333333334 0.3675925925925926
6 0.6328125 0.725925925925926 0.125 0.23425925925925925
1 0.48541666666666666 0.4351851851851852 0.11041666666666666 0.25
2 0.7947916666666667 0.5962962962962963 0.11458333333333333 0.18518518518518517
6 0.725 0.962037037037037 0.06510416666666667 0.16296296296296298
