1 0.2890625 0.6407407407407407 0.1109375 0.21481481481481482
6 0.4041666666666667 0.85 0.096875 0.14166666666666666
6 0.3692708333333333 0.5055555555555555 0.11614583333333334 0.2037037037037037
3 0.31145833333333334 0.6898148148148148 0.08489583333333334 0.1388888888888889
2 0.31666666666666665 0.36018518518518516 0.13333333333333333 0.1527777777777778
4 0.23541666666666666 0.08796296296296297 0.08958333333333333 0.22685185185185186
4 0.35052083333333334 0.6175925925925926 0.07239583333333334 0.1787037037037037
7 0.8677083333333333 0.26481481481481484 0.0859375 0.15185185185185185
2 0.39895833333333336 0.45555555555555555 0.06041666666666667 0.12962962962962962
6 0.32864583333333336 0.09722222222222222 0.10572916666666667 0.1787037037037037
0 0.11822916666666666 0.008333333333333333 0.1609375 0.5416666666666666
