1 0.41302083333333334 0.23796296296296296 0.10260416666666666 0.16944444444444445
4 0.6640625 0.8101851851851852 0.07708333333333334 0.125
3 0.4083333333333333 0.38796296296296295 0.0890625 0.1712962962962963
3 0.4328125 0.3425925925925926 0.058854166666666666 0.13240740740740742
2 0.471875 0.08981481481481482 0.06614583333333333 0.12037037037037036
3 0.49947916666666664 0.2861111111111111 0.06666666666666667 0.15462962962962962
3 0.428125 0.03333333333333333 0.071875 0.1398148148148148
2 0.6104166666666667 0.43425925925925923 0.06458333333333334 0.09537037037037037
3 0.475 0.22962962962962963 0.078125 0.10185185185185185
3 0.33229166666666665 0.6953703703703704 0.052083333333333336 0.11944444444444445
6 0.6442708333333333 0.4962962962962963 0.07291666666666667 0.1259259259259259
