3 0.028125 0.43148148148148147 0.10364583333333334 0.16574074074074074
4 0.31354166666666666 0.7777777777777778 0.0578125 0.17314814814814813
7 0.5744791666666667 0.5601851851851852 0.08489583333333334 0.1425925925925926
1 0.303125 0.4324074074074074 0.08177083333333333 0.18611111111111112
2 0.3 0.5805555555555556 0.09791666666666667 0.16018518518518518
1 0.39427083333333335 0.7231481481481481 0.11041666666666666 0.22407407407407406
2 0.22604166666666667 0.7722222222222223 0.11614583333333334 0.18888888888888888
2 0.16822916666666668 0.09444444444444444 0.09270833333333334 0.1574074074074074
1 0.15208333333333332 0.5953703703703703 0.06822916666666666 0.15925925925925927
2 0.30885416666666665 0.4111111111111111 0.09114583333333333 0.11388888888888889
7 0.78125 0.5222222222222223 0.04791666666666667 0.15925925925925927
3 0.33177083333333335 0.9083333333333333 0.06458333333333334 0.1425925925925926
4 0.0875 0.5814814814814815 0.10208333333333333 0.15092592592592594
6 0.3177083333333333 0.4666666666666667 0.134375 0.28888888888888886
