1 0.22395833333333334 0.29074074074074074 0.06302083333333333 0.1388888888888889
6 0.5796875 0.20277777777777778 0.06666666666666667 0.10740740740740741
6 0.31614583333333335 0.17037037037037037 0.109375 0.15092592592592594
4 0.023958333333333335 0.37777777777777777 0.11875 0.23796296296296296
6 0.29739583333333336 0.4287037037037037 0.13958333333333334 0.23425925925925925
3 0.6098958333333333 0.14351851851851852 0.0484375 0.10925925925925926
4 0.88125 0.1287037037037037 0.07239583333333334 0.1675925925925926
6 0.5322916666666667 0.3731481481481482 0.0828125 0.11851851851851852
0 0.0984375 0.8166666666666667 0.11666666666666667 0.31203703703703706
1 0.5182291666666666 0.4666666666666667 0.0765625 0.175
3 0.2375 0.3814814814814815 0.057291666666666664 0.1527777777777778
6 0.5041666666666667 0.4824074074074074 0.06770833333333333 0.11296296296296296
1 0.6 0.5879629629629629 0.11145833333333334 0.24814814814814815
