2 0.6203125 0.6712962962962963 0.0796875 0.14629629629629629
3 0.40208333333333335 0.24814814814814815 0.07447916666666667 0.10185185185185185
0 0.6421875 0.007407407407407408 0.090625 0.25
3 0.31979166666666664 0.6287037037037037 0.06822916666666666 0.12129629629629629
6 0.40729166666666666 0.1287037037037037 0.11614583333333334 0.2064814814814815
7 0.9427083333333334 0.9574074074074074 0.07395833333333333 0.1388888888888889
6 0.5536458333333333 0.575925925925926 0.11927083333333334 0.20185185185185187
4 0.9208333333333333 0.6694444444444444 0.0953125 0.1925925925925926
2 0.5322916666666667 0.42592592592592593 0.0734375 0.11481481481481481
4 0.5395833333333333 0.6962962962962963 0.06041666666666667 0.18888888888888888
2 0.5463541666666667 0.24166666666666667 0.1171875 0.21851851851851853
6 0.534375 0.5407407407407407 0.06979166666666667 0.11203703703703703
2 0.33125 0.45555555555555555 0.11458333333333333 0.21481481481481482
