7 0.030208333333333334 0.1111111111111111 0.07864583333333333 0.14629629629629629
6 0.18333333333333332 0.4444444444444444 0.1265625 0.21481481481481482
1 0.33177083333333335 0.6518518518518519 0.057291666666666664 0.11481481481481481
6 0.290625 0.24074074074074073 0.08802083333333334 0.13148148148148148
4 0.15833333333333333 0.3675925925925926 0.059375 0.1675925925925926
3 0.475 0.2212962962962963 0.0484375 0.09259259259259259
6 0.05364583333333333 0.2722222222222222 0.0828125 0.18888888888888888
7 0.9947916666666666 0.16574074074074074 0.09010416666666667 0.1537037037037037
3 0.2833333333333333 0.7444444444444445 0.0390625 0.11203703703703703
4 0.33177083333333335 0.12129629629629629 0.109375 0.13333333333333333
