2 0.2734375 0.4166666666666667 0.050520833333333334 0.09351851851851851
1 0.3880208333333333 0.37592592592592594 0.09791666666666667 0.21481481481481482
6 0.5765625 0.3509259259259259 0.11875 0.21388888888888888
3 0.5614583333333333 0.362962962962963 0.057291666666666664 0.09537037037037037
2 0.5578125 0.5509259259259259 0.0953125 0.1388888888888889
4 0.20625 0.9064814814814814 0.07760416666666667 0.20925925925925926
1 0.5286458333333334 0.16296296296296298 0.06041666666666667 0.1259259259259259
3 0.49583333333333335 0.4203703703703704 0.0625 0.14074074074074075
2 0.4588541666666667 0.3453703703703704 0.090625 0.19074074074074074
4 0.7828125 0.13425925925925927 0.09739583333333333 0.2111111111111111
