3 0.8265625 0.3416666666666667 0.05677083333333333 0.09351851851851851
6 0.8072916666666666 0.37592592592592594 0.07916666666666666 0.17222222222222222
7 0.3015625 0.7583333333333333 0.10833333333333334 0.17962962962962964
6 0.7046875 0.1675925925925926 0.08802083333333334 0.1925925925925926
6 0.8770833333333333 0.5611111111111111 0.12135416666666667 0.1925925925925926
6 0.978125 0.35462962962962963 0.08020833333333334 0.13240740740740742
0 0.5989583333333334 0.05462962962962963 0.1 0.26296296296296295
3 0.8786458333333333 0.6907407407407408 0.0828125 0.19444444444444445
1 0.6645833333333333 0.4305555555555556 0.11666666666666667 0.23333333333333334
3 0.55 0.26481481481481484 0.0859375 0.1824074074074074
4 0.9854166666666667 0.7953703703703704 0.08697916666666666 0.20925925925925926
4 0.8958333333333334 0.8555555555555555 0.103125 0.1935185185185185
6 0.7984375 0.25277777777777777 0.13333333333333333 0.2574074074074074
7 0.85 0.5851851851851851 0.096875 0.1675925925925926
