2 0.346875 0.33240740740740743 0.103125 0.17314814814814813
2 0.13802083333333334 0.33055555555555555 0.13489583333333333 0.19074074074074074
3 0.09791666666666667 0.21296296296296297 0.07916666666666666 0.10740740740740741
2 0.28072916666666664 0.7018518518518518 0.05260416666666667 0.07962962962962963
1 0.4078125 0.2851851851851852 0.0546875 0.11481481481481481
1 0.21510416666666668 0.35185185185185186 0.06197916666666667 0.12129629629629629
4 0.03958333333333333 0.5074074074074074 0.10364583333333334 0.21481481481481482
3 0.10364583333333334 0.12407407407407407 0.06927083333333334 0.13703703703703704
6 0.0515625 0.3990740740740741 0.12083333333333333 0.2212962962962963
4 0.33229166666666665 0.35185185185185186 0.103125 0.2
6 0.30052083333333335 0.3490740740740741 0.06927083333333334 0.18518518518518517
