0 0.0890625 0.412962962962963 0.10520833333333333 0.26944444444444443
1 0.5447916666666667 0.8111111111111111 0.15572916666666667 0.2722222222222222
1 0.4947916666666667 0.8314814814814815 0.14010416666666667 0.24722222222222223
2 0.43802083333333336 0.8555555555555555 0.11458333333333333 0.16018518518518518
2 0.41875 0.6731481481481482 0.09166666666666666 0.14814814814814814
2 0.40729166666666666 0.7703703703703704 0.10260416666666666 0.15
6 0.39114583333333336 0.32592592592592595 0.09166666666666666 0.19537037037037036
6 0.2859375 0.7537037037037037 0.10989583333333333 0.19537037037037036
6 0.21875 0.1527777777777778 0.08697916666666666 0.18333333333333332
1 0.44166666666666665 0.7731481481481481 0.08958333333333333 0.1685185185185185
