2 0.8510416666666667 0.799074074074074 0.06979166666666667 0.15648148148148147
1 0.8416666666666667 0.7342592592592593 0.08854166666666667 0.19444444444444445
4 0.4640625 0.8629629629629629 0.09739583333333333 0.17407407407407408
6 0.8578125 0.5009259259259259 0.06458333333333334 0.15648148148148147
0 0.9067708333333333 0.9120370370370371 0.159375 0.39444444444444443
4 0.0265625 0.5074074074074074 0.1015625 0.2175925925925926
7 0.37395833333333334 0.17592592592592593 0.06875 0.16574074074074074
6 0.6885416666666667 0.17222222222222222 0.08802083333333334 0.13240740740740742
7 0.48125 0.9101851851851852 0.0625 0.17037037037037037
6 0.6802083333333333 0.17777777777777778 0.08177083333333333 0.13425925925925927
6 0.590625 0.1712962962962963 0.09375 0.16296296296296298
