5 0.4010416666666667 0.5203703703703704 0.11197916666666667 0.2972222222222222
7 0.3151041666666667 0.22777777777777777 0.058333333333333334 0.1537037037037037
6 0.815625 0.3333333333333333 0.059895833333333336 0.1111111111111111
6 0.4375 0.6203703703703703 0.16822916666666668 0.23796296296296296
6 0.49166666666666664 0.47685185185185186 0.10677083333333333 0.15648148148148147
6 0.6619791666666667 0.9935185185185185 0.10104166666666667 0.17592592592592593
4 0.8385416666666666 0.49444444444444446 0.071875 0.1824074074074074
4 0.8536458333333333 0.18796296296296297 0.1109375 0.20925925925925926
1 0.703125 0.5888888888888889 0.078125 0.1824074074074074
2 0.4473958333333333 0.7037037037037037 0.1046875 0.15833333333333333
