4 0.5369791666666667 0.9231481481481482 0.096875 0.18425925925925926
6 0.7130208333333333 0.47685185185185186 0.1296875 0.1814814814814815
7 0.2578125 0.9935185185185185 0.0890625 0.15
6 0.6088541666666667 0.5324074074074074 0.10052083333333334 0.16944444444444445
6 0.7932291666666667 0.5342592592592592 0.0796875 0.13240740740740742
6 0.6046875 0.6398148148148148 0.1046875 0.20092592592592592
3 0.6072916666666667 0.8768518518518519 0.07239583333333334 0.12222222222222222
1 0.47604166666666664 0.8759259259259259 0.13385416666666666 0.24351851851851852
7 0.011458333333333333 0.4981481481481482 0.08645833333333333 0.21296296296296297
4 0.25729166666666664 0.6805555555555556 0.08854166666666667 0.16666666666666666
5 0.31927083333333334 0.23148148148148148 0.128125 0.35648148148148145
