7 0.45677083333333335 0.1962962962962963 0.09375 0.26296296296296295
4 0.134375 0.17685185185185184 0.08125 0.19537037037037036
6 0.29739583333333336 0.5666666666666667 0.115625 0.20277777777777778
1 0.26875 0.5 0.1140625 0.2601851851851852
5 0.13802083333333334 0.13796296296296295 0.13958333333333334 0.3907407407407407
6 0.23802083333333332 0.34814814814814815 0.12447916666666667 0.17407407407407408
1 0.0390625 0.27314814814814814 0.0734375 0.1675925925925926
6 0.15416666666666667 0.24537037037037038 0.05625 0.09351851851851851
4 0.7354166666666667 0.6509259259259259 0.065625 0.20092592592592592
1 0.18385416666666668 0.34074074074074073 0.125 0.2351851851851852
3 0.125 0.3768518518518518 0.07708333333333334 0.17777777777777778
