4 0.43385416666666665 0.9527777777777777 0.06979166666666667 0.2037037037037037
2 0.384375 0.5787037037037037 0.10572916666666667 0.17314814814814813
3 0.5083333333333333 0.29444444444444445 0.09895833333333333 0.1675925925925926
7 0.6958333333333333 0.8935185185185185 0.07916666666666666 0.16666666666666666
1 0.27760416666666665 0.9398148148148148 0.1375 0.26666666666666666
1 0.5708333333333333 0.5398148148148149 0.08489583333333334 0.19074074074074074
1 0.3255208333333333 0.8 0.06354166666666666 0.12037037037037036
4 0.8322916666666667 0.5546296296296296 0.10833333333333334 0.1935185185185185
7 0.06979166666666667 0.5527777777777778 0.08125 0.2953703703703704
6 0.28802083333333334 0.3490740740740741 0.0765625 0.13333333333333333
6 0.37447916666666664 0.4981481481481482 0.140625 0.20462962962962963
6 0.4401041666666667 0.4962962962962963 0.09947916666666666 0.14351851851851852
1 0.39010416666666664 0.3925925925925926 0.08541666666666667 0.17314814814814813
6 0.2546875 0.8101851851851852 0.11822916666666666 0.20277777777777778
0 0.3854166666666667 0.975 0.18697916666666667 0.47685185185185186
