4 0.71875 0.9064814814814814 0.109375 0.18518518518518517
3 0.25364583333333335 0.3277777777777778 0.09791666666666667 0.11851851851851852
6 0.6015625 0.49907407407407406 0.15729166666666666 0.2222222222222222
7 0.23229166666666667 0.5074074074074074 0.08229166666666667 0.18333333333333332
2 0.43854166666666666 0.20925925925925926 0.08854166666666667 0.19166666666666668
2 0.2786458333333333 0.6361111111111111 0.09739583333333333 0.14166666666666666
6 0.5979166666666667 0.7231481481481481 0.11979166666666667 0.175
2 0.21145833333333333 0.7731481481481481 0.06770833333333333 0.12129629629629629
4 0.128125 0.33055555555555555 0.06875 0.17314814814814813
3 0.25052083333333336 0.46111111111111114 0.05364583333333333 0.12129629629629629
2 0.5177083333333333 0.46944444444444444 0.08541666666666667 0.1111111111111111
7 0.428125 0.32685185185185184 0.04479166666666667 0.1425925925925926
3 0.2765625 0.5768518518518518 0.050520833333333334 0.08333333333333333
