6 0.5734375 0.42407407407407405 0.09427083333333333 0.1388888888888889
6 0.7135416666666666 0.5824074074074074 0.11145833333333334 0.14444444444444443
6 0.8083333333333333 0.42685185185185187 0.1328125 0.19074074074074074
5 0.3453125 0.9981481481481481 0.1375 0.3472222222222222
3 0.5895833333333333 0.6444444444444445 0.06614583333333333 0.10648148148148148
7 0.16458333333333333 0.053703703703703705 0.09375 0.1675925925925926
4 0.05364583333333333 0.4638888888888889 0.0890625 0.2222222222222222
2 0.5317708333333333 0.5768518518518518 0.06979166666666667 0.11851851851851852
1 0.89375 0.4824074074074074 0.1578125 0.26851851851851855
3 0.7572916666666667 0.6305555555555555 0.06666666666666667 0.1425925925925926
4 0.8598958333333333 0.32592592592592595 0.08697916666666666 0.15833333333333333
