2 0.7057291666666666 0.42592592592592593 0.11354166666666667 0.1925925925925926
3 0.753125 0.5453703703703704 0.09166666666666666 0.11851851851851852
0 0.5958333333333333 0.8185185185185185 0.11458333333333333 0.4648148148148148
6 0.7901041666666667 0.8555555555555555 0.11458333333333333 0.18518518518518517
4 0.7255208333333333 0.29259259259259257 0.0828125 0.15648148148148147
4 0.3223958333333333 0.3138888888888889 0.078125 0.18611111111111112
6 0.7270833333333333 0.8027777777777778 0.11614583333333334 0.2324074074074074
1 0.7380208333333333 0.49907407407407406 0.07708333333333334 0.175
6 0.7145833333333333 0.6574074074074074 0.05520833333333333 0.11388888888888889
6 0.95 0.7601851851851852 0.11510416666666666 0.21296296296296297
1 0.8723958333333334 0.5824074074074074 0.11458333333333333 0.24074074074074073
6 0.6875 0.9037037037037037 0.1421875 0.23796296296296296
