4 0.8901041666666667 0.7101851851851851 0.0546875 0.1962962962962963
6 0.6744791666666666 0.4583333333333333 0.07760416666666667 0.11944444444444445
0 0.621875 0.1648148148148148 0.11458333333333333 0.2722222222222222
2 0.2015625 0.6055555555555555 0.0859375 0.09907407407407408
1 0.47552083333333334 0.39537037037037037 0.10989583333333333 0.18703703703703703
3 0.40572916666666664 0.4777777777777778 0.08125 0.17314814814814813
6 0.3171875 0.5425925925925926 0.13385416666666666 0.24166666666666667
3 0.2265625 0.5583333333333333 0.09427083333333333 0.2212962962962963
4 0.5057291666666667 0.044444444444444446 0.0640625 0.18611111111111112
6 0.40572916666666664 0.6037037037037037 0.07760416666666667 0.15833333333333333
3 0.5447916666666667 0.16296296296296298 0.0484375 0.14814814814814814
6 0.4197916666666667 0.1814814814814815 0.1515625 0.25
