4 0.1609375 0.27314814814814814 0.07239583333333334 0.1685185185185185
6 0.3484375 0.837037037037037 0.0734375 0.15833333333333333
7 0.03697916666666667 0.8277777777777777 0.09322916666666667 0.2388888888888889
6 0.3338541666666667 0.8740740740740741 0.09635416666666667 0.15092592592592594
6 0.37135416666666665 0.5037037037037037 0.07447916666666667 0.11574074074074074
6 0.3104166666666667 0.9388888888888889 0.0875 0.15092592592592594
2 0.4484375 0.7333333333333333 0.05 0.10833333333333334
7 0.0421875 0.024074074074074074 0.058854166666666666 0.15833333333333333
5 0.3614583333333333 0.5296296296296297 0.128125 0.3685185185185185
2 0.4276041666666667 0.7388888888888889 0.07760416666666667 0.1361111111111111
4 0.44947916666666665 0.06018518518518518 0.11197916666666667 0.22407407407407406
6 0.42083333333333334 0.675 0.05416666666666667 0.08518518518518518
