2 0.5838541666666667 0.4638888888888889 0.06979166666666667 0.09166666666666666
2 0.7010416666666667 0.8361111111111111 0.06354166666666666 0.1398148148148148
3 0.5682291666666667 0.5185185185185185 0.058333333333333334 0.12407407407407407
6 0.6515625 0.55 0.10885416666666667 0.1925925925925926
3 0.29791666666666666 0.7953703703703704 0.06354166666666666 0.16111111111111112
7 0.9041666666666667 0.16296296296296298 0.078125 0.18611111111111112
1 0.6630208333333333 0.5037037037037037 0.08125 0.2388888888888889
1 0.6901041666666666 0.45925925925925926 0.07239583333333334 0.1259259259259259
4 0.6932291666666667 0.07314814814814814 0.08541666666666667 0.2064814814814815
3 0.6557291666666667 0.7611111111111111 0.08020833333333334 0.1824074074074074
2 0.5666666666666667 0.5555555555555556 0.09895833333333333 0.15
3 0.6046875 0.6324074074074074 0.103125 0.2064814814814815
4 0.5598958333333334 0.6453703703703704 0.08333333333333333 0.21851851851851853
