6 0.125 0.6027777777777777 0.1125 0.22962962962962963
3 0.1953125 0.4009259259259259 0.05364583333333333 0.15462962962962962
6 0.19583333333333333 0.7157407407407408 0.0734375 0.10462962962962963
5 0.3125 0.03333333333333333 0.19114583333333332 0.487962962962963
2 0.20416666666666666 0.6824074074074075 0.0890625 0.1361111111111111
3 0.1890625 0.8759259259259259 0.0890625 0.20185185185185187
6 0.38177083333333334 0.3527777777777778 0.13802083333333334 0.2611111111111111
4 0.8817708333333333 0.16203703703703703 0.0703125 0.1824074074074074
4 0.9421875 0.6 0.07291666666666667 0.2101851851851852
6 0.4005208333333333 0.13148148148148148 0.1296875 0.2175925925925926
7 0.11458333333333333 0.7027777777777777 0.09635416666666667 0.14444444444444443
2 0.26458333333333334 0.4083333333333333 0.08229166666666667 0.12407407407407407
6 0.30104166666666665 0.6398148148148148 0.125 0.21944444444444444
1 0.41354166666666664 0.4305555555555556 0.096875 0.16111111111111112
