3 0.315625 0.2953703703703704 0.0796875 0.18888888888888888
6 0.275 0.4527777777777778 0.06979166666666667 0.1
1 0.2552083333333333 0.42777777777777776 0.11510416666666666 0.2351851851851852
6 0.21614583333333334 0.45185185185185184 0.07760416666666667 0.13796296296296295
7 0.026041666666666668 0.23333333333333334 0.103125 0.1712962962962963
6 0.22604166666666667 0.5268518518518519 0.09479166666666666 0.21296296296296297
4 0.6359375 0.43333333333333335 0.0703125 0.17962962962962964
1 0.26666666666666666 0.30092592592592593 0.06041666666666667 0.1111111111111111
2 0.28020833333333334 0.46296296296296297 0.075 0.11666666666666667
4 0.378125 0.7305555555555555 0.08697916666666666 0.2
3 0.1546875 0.45740740740740743 0.0421875 0.09351851851851851
2 0.29270833333333335 0.1814814814814815 0.0890625 0.14444444444444443
1 0.21145833333333333 0.287962962962963 0.11614583333333334 0.24351851851851852
