1 0.0671875 0.4925925925925926 0.11770833333333333 0.24444444444444444
4 0.6291666666666667 0.8268518518518518 0.08489583333333334 0.175
3 0.19947916666666668 0.712037037037037 0.09010416666666667 0.13240740740740742
7 0.5369791666666667 0.2935185185185185 0.10572916666666667 0.21944444444444444
6 0.15885416666666666 0.6564814814814814 0.121875 0.2074074074074074
6 0.21145833333333333 0.5740740740740741 0.1109375 0.19814814814814816
3 0.23125 0.425 0.07395833333333333 0.15462962962962962
6 0.036458333333333336 0.05648148148148148 0.12760416666666666 0.20555555555555555
2 0.11354166666666667 0.3194444444444444 0.0640625 0.10092592592592593
4 0.8520833333333333 0.3453703703703704 0.08020833333333334 0.2111111111111111
6 0.2838541666666667 0.2518518518518518 0.06145833333333333 0.11388888888888889
