1 0.24739583333333334 0.6212962962962963 0.0984375 0.19722222222222222
6 0.1515625 0.28888888888888886 0.10208333333333333 0.17407407407407408
6 0.21614583333333334 0.6055555555555555 0.1703125 0.2777777777777778
6 0.2875 0.7185185185185186 0.09375 0.1574074074074074
6 0.55625 0.3990740740740741 0.1125 0.19537037037037036
4 0.09635416666666667 0.0824074074074074 0.1 0.19537037037037036
3 0.16510416666666666 0.5703703703703704 0.08697916666666666 0.1574074074074074
0 0.9578125 0.8388888888888889 0.19635416666666666 0.4842592592592593
1 0.13645833333333332 0.38333333333333336 0.0625 0.13703703703703704
1 0.14114583333333333 0.6805555555555556 0.10052083333333334 0.2212962962962963
2 0.23489583333333333 0.5120370370370371 0.043229166666666666 0.08425925925925926
6 0.021875 0.4962962962962963 0.10885416666666667 0.26851851851851855
4 0.2671875 0.799074074074074 0.0734375 0.15648148148148147
