1 0.5447916666666667 0.6361111111111111 0.13229166666666667 0.2777777777777778
6 0.4869791666666667 0.6101851851851852 0.125 0.22407407407407406
6 0.31979166666666664 0.6037037037037037 0.1328125 0.2074074074074074
6 0.30052083333333335 0.4722222222222222 0.09635416666666667 0.20925925925925926
2 0.42291666666666666 0.3111111111111111 0.0671875 0.1037037037037037
1 0.6255208333333333 0.7166666666666667 0.09947916666666666 0.2037037037037037
5 0.03229166666666667 0.049074074074074076 0.11302083333333333 0.3314814814814815
6 0.42083333333333334 0.6175925925925926 0.065625 0.08888888888888889
3 0.5390625 0.6231481481481481 0.08020833333333334 0.1648148148148148
6 0.478125 0.850925925925926 0.11927083333333334 0.13425925925925927
1 0.6348958333333333 0.612037037037037 0.1140625 0.23796296296296296
