4 0.2989583333333333 0.787962962962963 0.1125 0.22870370370370371
5 0.5536458333333333 0.3 0.16458333333333333 0.41574074074074074
7 0.09427083333333333 0.8166666666666667 0.0765625 0.1712962962962963
2 0.7026041666666667 0.9185185185185185 0.06979166666666667 0.15092592592592594
6 0.6598958333333333 0.7101851851851851 0.12916666666666668 0.29074074074074074
6 0.5817708333333333 0.6509259259259259 0.08541666666666667 0.15185185185185185
6 0.46770833333333334 0.47314814814814815 0.11197916666666667 0.15648148148148147
6 0.35885416666666664 0.6509259259259259 0.11197916666666667 0.2351851851851852
2 0.5505208333333333 0.9212962962962963 0.059375 0.1111111111111111
4 0.5328125 0.75 0.11041666666666666 0.2462962962962963
1 0.7026041666666667 0.5351851851851852 0.11666666666666667 0.19722222222222222
