6 0.7260416666666667 0.3425925925925926 0.15520833333333334 0.3037037037037037
3 0.7130208333333333 0.4222222222222222 0.06822916666666666 0.15833333333333333
6 0.8119791666666667 0.19074074074074074 0.09010416666666667 0.13425925925925927
7 0.4505208333333333 0.23425925925925925 0.12760416666666666 0.2324074074074074
4 0.6026041666666667 0.011111111111111112 0.09791666666666667 0.1962962962962963
4 0.39895833333333336 0.16018518518518518 0.08854166666666667 0.16574074074074074
3 0.6203125 0.562037037037037 0.09583333333333334 0.1685185185185185
1 0.9213541666666667 0.5703703703703704 0.075 0.14629629629629629
6 0.7005208333333334 0.3685185185185185 0.059895833333333336 0.10740740740740741
1 0.9354166666666667 0.31666666666666665 0.14739583333333334 0.2916666666666667
2 0.740625 0.47314814814814815 0.11458333333333333 0.1925925925925926
7 0.73125 0.10185185185185185 0.10052083333333334 0.14722222222222223
