2 0.37916666666666665 0.5185185185185185 0.11770833333333333 0.16203703703703703
3 0.30625 0.3537037037037037 0.1 0.1259259259259259
3 0.36041666666666666 0.8296296296296296 0.04791666666666667 0.07777777777777778
1 0.3651041666666667 0.8064814814814815 0.1421875 0.27037037037037037
6 0.171875 0.41203703703703703 0.0984375 0.14537037037037037
7 0.17604166666666668 0.3314814814814815 0.05677083333333333 0.15462962962962962
4 0.9026041666666667 0.6194444444444445 0.07239583333333334 0.1685185185185185
6 0.5208333333333334 0.4166666666666667 0.08229166666666667 0.10648148148148148
3 0.3567708333333333 0.1574074074074074 0.12083333333333333 0.15925925925925927
4 0.6348958333333333 0.8731481481481481 0.11145833333333334 0.24259259259259258
5 0.4203125 0.9287037037037037 0.13854166666666667 0.362962962962963
