6 0.9682291666666667 0.4361111111111111 0.06875 0.12685185185185185
5 0.64375 0.08055555555555556 0.165625 0.41203703703703703
1 0.6171875 0.47685185185185186 0.06614583333333333 0.16018518518518518
6 0.8796875 0.2361111111111111 0.109375 0.20925925925925926
6 0.94375 0.23148148148148148 0.18333333333333332 0.32222222222222224
6 0.7583333333333333 0.41759259259259257 0.11927083333333334 0.23148148148148148
3 0.6416666666666667 0.9148148148148149 0.04114583333333333 0.08888888888888889
6 0.7427083333333333 0.4777777777777778 0.06979166666666667 0.13796296296296295
1 0.7463541666666667 0.3277777777777778 0.06927083333333334 0.14722222222222223
1 0.765625 0.6175925925925926 0.09635416666666667 0.2
6 0.7817708333333333 0.49166666666666664 0.14010416666666667 0.24722222222222223
