1 0.08489583333333334 0.6990740740740741 0.12239583333333333 0.20833333333333334
1 0.024479166666666666 0.5435185185185185 0.11510416666666666 0.2222222222222222
4 0.8791666666666667 0.412962962962963 0.0703125 0.1787037037037037
1 0.096875 0.8768518518518519 0.07760416666666667 0.13333333333333333
4 0.3421875 0.7361111111111112 0.10052083333333334 0.20833333333333334
2 0.08854166666666667 0.4842592592592593 0.11041666666666666 0.18055555555555555
3 0.0067708333333333336 0.39537037037037037 0.034895833333333334 0.06574074074074074
7 0.8880208333333334 0.4861111111111111 0.0765625 0.19537037037037036
3 0.2203125 0.637962962962963 0.053125 0.1388888888888889
3 0.240625 0.037037037037037035 0.09635416666666667 0.17685185185185184
6 0.3145833333333333 0.31666666666666665 0.12291666666666666 0.2361111111111111
