1 0.3026041666666667 0.5722222222222222 0.125 0.2490740740740741
6 0.36614583333333334 0.6527777777777778 0.09166666666666666 0.16296296296296298
3 0.23958333333333334 0.20925925925925926 0.07395833333333333 0.12685185185185185
2 0.06666666666666667 0.20833333333333334 0.09791666666666667 0.14537037037037037
6 0.47708333333333336 0.837037037037037 0.13125 0.15925925925925927
7 0.25416666666666665 0.6351851851851852 0.06145833333333333 0.15648148148148147
7 0.06354166666666666 0.9092592592592592 0.1234375 0.27685185185185185
4 0.828125 0.6888888888888889 0.09375 0.18611111111111112
4 0.06979166666666667 0.3851851851851852 0.07760416666666667 0.18055555555555555
3 0.121875 0.5898148148148148 0.04791666666666667 0.09537037037037037
