3 0.12135416666666667 0.262037037037037 0.07239583333333334 0.11851851851851852
1 0.14270833333333333 0.7925925925925926 0.0765625 0.16111111111111112
6 0.22083333333333333 0.8907407407407407 0.08958333333333333 0.14537037037037037
4 0.2640625 0.1287037037037037 0.10729166666666666 0.2490740740740741
1 0.15104166666666666 0.5555555555555556 0.07239583333333334 0.12777777777777777
3 0.019270833333333334 0.8555555555555555 0.0828125 0.15555555555555556
4 0.509375 0.35648148148148145 0.0984375 0.15092592592592594
7 0.16510416666666666 0.21296296296296297 0.07135416666666666 0.1638888888888889
6 0.20520833333333333 0.37037037037037035 0.10104166666666667 0.20092592592592592
6 0.18541666666666667 0.6296296296296297 0.07760416666666667 0.19814814814814816
7 0.8052083333333333 0.15185185185185185 0.10520833333333333 0.22870370370370371
