6 0.6369791666666667 0.8138888888888889 0.11979166666666667 0.2212962962962963
2 0.38177083333333334 0.2 0.0734375 0.12037037037037036
6 0.3385416666666667 0.7564814814814815 0.0609375 0.225
7 0.0671875 0.9546296296296296 0.08229166666666667 0.1787037037037037
4 0.5604166666666667 0.5268518518518519 0.12239583333333333 0.2175925925925926
7 0.6661458333333333 0.07037037037037037 0.08072916666666667 0.2814814814814815
4 0.15625 0.1648148148148148 0.08072916666666667 0.1648148148148148
2 0.5776041666666667 0.774074074074074 0.07864583333333333 0.1388888888888889
3 0.6135416666666667 0.7731481481481481 0.09166666666666666 0.20092592592592592
6 0.5770833333333333 0.5768518518518518 0.1265625 0.2101851851851852
5 0.8348958333333333 0.1824074074074074 0.1328125 0.33240740740740743
6 0.5578125 0.6203703703703703 0.1015625 0.1537037037037037
