1 0.38177083333333334 0.3537037037037037 0.08854166666666667 0.20462962962962963
3 0.39791666666666664 0.5555555555555556 0.08854166666666667 0.16666666666666666
1 0.44635416666666666 0.29814814814814816 0.13489583333333333 0.28888888888888886
2 0.5 0.30277777777777776 0.0859375 0.13518518518518519
1 0.5671875 0.387037037037037 0.10416666666666667 0.23981481481481481
3 0.4453125 0.9 0.06145833333333333 0.12129629629629629
4 0.246875 0.6231481481481481 0.07760416666666667 0.19074074074074074
2 0.3515625 0.46296296296296297 0.08333333333333333 0.15462962962962962
3 0.4984375 0.3138888888888889 0.0765625 0.16203703703703703
6 0.22708333333333333 0.5592592592592592 0.14635416666666667 0.28425925925925927
1 0.3640625 0.5703703703703704 0.14166666666666666 0.2814814814814815
4 0.4296875 0.8527777777777777 0.10416666666666667 0.16574074074074074
