6 0.278125 0.8157407407407408 0.13958333333333334 0.26481481481481484
2 0.04114583333333333 0.48703703703703705 0.134375 0.225
6 0.2234375 0.4537037037037037 0.06197916666666667 0.14907407407407408
3 0.3489583333333333 0.6824074074074075 0.07083333333333333 0.12222222222222222
4 0.24791666666666667 0.6342592592592593 0.084375 0.1814814814814815
1 0.3927083333333333 0.06944444444444445 0.11354166666666667 0.22407407407407406
2 0.21822916666666667 0.7222222222222222 0.07552083333333333 0.17685185185185184
6 0.31927083333333334 0.3787037037037037 0.09635416666666667 0.1675925925925926
1 0.3640625 0.4824074074074074 0.07291666666666667 0.12129629629629629
4 0.058854166666666666 0.26296296296296295 0.07916666666666666 0.17962962962962964
3 0.23229166666666667 0.5009259259259259 0.06822916666666666 0.11296296296296296
