7 0.15989583333333332 0.375 0.044270833333333336 0.27037037037037037
6 0.5270833333333333 0.3527777777777778 0.16302083333333334 0.2861111111111111
1 0.5182291666666666 0.8212962962962963 0.10833333333333334 0.24074074074074073
0 0.46927083333333336 0.774074074074074 0.23802083333333332 0.5638888888888889
6 0.6885416666666667 0.5268518518518519 0.06145833333333333 0.14537037037037037
6 0.5645833333333333 0.6277777777777778 0.0625 0.15092592592592594
6 0.5791666666666667 0.8231481481481482 0.11145833333333334 0.2037037037037037
4 0.8067708333333333 0.6240740740740741 0.090625 0.1574074074074074
4 0.008854166666666666 0.16203703703703703 0.05364583333333333 0.1712962962962963
2 0.7026041666666667 0.5592592592592592 0.08958333333333333 0.13703703703703704
6 0.5817708333333333 0.47962962962962963 0.09791666666666667 0.15185185185185185
