6 0.6177083333333333 0.6453703703703704 0.1125 0.1685185185185185
6 0.5916666666666667 0.4203703703703704 0.10677083333333333 0.18333333333333332
6 0.45625 0.7935185185185185 0.15572916666666667 0.23703703703703705
6 0.475 0.13518518518518519 0.058854166666666666 0.11481481481481481
4 0.7333333333333333 0.5212962962962963 0.084375 0.1425925925925926
6 0.6947916666666667 0.575925925925926 0.13229166666666667 0.17222222222222222
5 0.044270833333333336 0.2351851851851852 0.12604166666666666 0.3490740740740741
6 0.4947916666666667 0.33611111111111114 0.13333333333333333 0.2175925925925926
6 0.6916666666666667 0.6416666666666667 0.13333333333333333 0.2916666666666667
6 0.5463541666666667 0.5601851851851852 0.10625 0.18796296296296297
1 0.553125 0.787962962962963 0.1265625 0.2212962962962963
4 0.8140625 0.8777777777777778 0.08802083333333334 0.19537037037037036
