3 0.6302083333333334 0.6 0.06458333333333334 0.14166666666666666
2 0.5390625 0.524074074074074 0.11770833333333333 0.25
4 0.33177083333333335 0.4675925925925926 0.08333333333333333 0.18518518518518517
3 0.40572916666666664 0.10833333333333334 0.04114583333333333 0.10185185185185185
6 0.6682291666666667 0.42314814814814816 0.12135416666666667 0.21574074074074073
6 0.5901041666666667 0.4287037037037037 0.0703125 0.12407407407407407
4 0.19427083333333334 0.28055555555555556 0.0875 0.18796296296296297
6 0.48489583333333336 0.6416666666666667 0.0703125 0.1648148148148148
7 0.334375 0.30462962962962964 0.08333333333333333 0.18425925925925926
6 0.4479166666666667 0.32314814814814813 0.058854166666666666 0.10833333333333334
