6 0.7416666666666667 0.21851851851851853 0.08177083333333333 0.16018518518518518
1 0.4979166666666667 0.23333333333333334 0.125 0.24351851851851852
2 0.921875 0.44537037037037036 0.1 0.15462962962962962
6 0.7546875 0.03981481481481482 0.10520833333333333 0.18425925925925926
2 0.65 0.4888888888888889 0.07916666666666666 0.14907407407407408
3 0.7385416666666667 0.6685185185185185 0.06145833333333333 0.11018518518518519
3 0.8442708333333333 0.11944444444444445 0.07604166666666666 0.18518518518518517
3 0.8359375 0.25925925925925924 0.07395833333333333 0.1685185185185185
2 0.7 0.4287037037037037 0.1078125 0.21944444444444444
6 0.6020833333333333 0.8805555555555555 0.050520833333333334 0.12407407407407407
