6 0.203125 0.26481481481481484 0.14010416666666667 0.24351851851851852
3 0.12447916666666667 0.13240740740740742 0.07447916666666667 0.08425925925925926
2 0.4010416666666667 0.27314814814814814 0.096875 0.17685185185185184
3 0.3541666666666667 0.1537037037037037 0.07864583333333333 0.17222222222222222
1 0.36822916666666666 0.1648148148148148 0.15520833333333334 0.2861111111111111
4 0.19114583333333332 0.18703703703703703 0.06927083333333334 0.1638888888888889
6 0.509375 0.21296296296296297 0.11458333333333333 0.17037037037037037
6 0.3859375 0.2722222222222222 0.11145833333333334 0.1787037037037037
1 0.2703125 0.10833333333333334 0.07760416666666667 0.1685185185185185
1 0.30364583333333334 0.25277777777777777 0.08645833333333333 0.18518518518518517
4 0.8130208333333333 0.912962962962963 0.10052083333333334 0.17222222222222222
7 0.07708333333333334 0.1712962962962963 0.07760416666666667 0.18333333333333332
