6 0.30364583333333334 0.43796296296296294 0.10833333333333334 0.2
4 0.390625 0.42685185185185187 0.06979166666666667 0.19166666666666668
3 0.5484375 0.8240740740740741 0.11614583333333334 0.19444444444444445
6 0.11354166666666667 0.5175925925925926 0.11041666666666666 0.21203703703703702
6 0.30052083333333335 0.6 0.04010416666666667 0.13703703703703704
6 0.1125 0.7666666666666667 0.07239583333333334 0.13148148148148148
1 0.0875 0.5592592592592592 0.08489583333333334 0.16018518518518518
5 0.2708333333333333 0.2851851851851852 0.11458333333333333 0.3638888888888889
4 0.8838541666666667 0.6083333333333333 0.09322916666666667 0.1824074074074074
3 0.23020833333333332 0.9425925925925925 0.0640625 0.14814814814814814
