6 0.38385416666666666 0.7703703703703704 0.09791666666666667 0.12685185185185185
2 0.43802083333333336 0.22777777777777777 0.05416666666666667 0.12314814814814815
3 0.5776041666666667 0.45185185185185184 0.0953125 0.1425925925925926
4 0.057291666666666664 0.937962962962963 0.0890625 0.1787037037037037
4 0.6703125 0.19444444444444445 0.1 0.21944444444444444
1 0.5760416666666667 0.24814814814814815 0.13125 0.22037037037037038
2 0.6427083333333333 0.4111111111111111 0.08697916666666666 0.125
6 0.47760416666666666 0.6314814814814815 0.06041666666666667 0.1
6 0.5515625 0.4305555555555556 0.11510416666666666 0.20277777777777778
6 0.4578125 0.6453703703703704 0.13020833333333334 0.20277777777777778
3 0.309375 0.5796296296296296 0.08802083333333334 0.15
