1 0.39791666666666664 0.5472222222222223 0.15729166666666666 0.3175925925925926
6 0.31875 0.3907407407407407 0.11145833333333334 0.1935185185185185
6 0.34427083333333336 0.5287037037037037 0.10677083333333333 0.15
6 0.4864583333333333 0.7296296296296296 0.04583333333333333 0.1175925925925926
1 0.10885416666666667 0.3537037037037037 0.075 0.16944444444444445
7 0.005729166666666666 0.9685185185185186 0.07864583333333333 0.13425925925925927
2 0.07552083333333333 0.5953703703703703 0.09322916666666667 0.2074074074074074
4 0.6859375 0.9231481481481482 0.09635416666666667 0.18981481481481483
4 0.2109375 0.4064814814814815 0.0890625 0.19166666666666668
3 0.3807291666666667 0.3861111111111111 0.1171875 0.13796296296296295
5 0.678125 0.06944444444444445 0.14583333333333334 0.3527777777777778
