3 0.12395833333333334 0.5675925925925925 0.06666666666666667 0.1425925925925926
6 0.35625 0.812037037037037 0.03697916666666667 0.12129629629629629
6 0.12395833333333334 0.5203703703703704 0.06302083333333333 0.12962962962962962
4 0.8354166666666667 0.3611111111111111 0.09791666666666667 0.1638888888888889
6 0.4171875 0.8824074074074074 0.1046875 0.1425925925925926
4 0.346875 0.030555555555555555 0.08697916666666666 0.20833333333333334
1 0.16614583333333333 0.812037037037037 0.12291666666666666 0.2462962962962963
7 0.016666666666666666 0.062037037037037036 0.09010416666666667 0.18703703703703703
7 0.9083333333333333 0.6083333333333333 0.10677083333333333 0.18796296296296297
5 0.4192708333333333 0.7685185185185185 0.17760416666666667 0.4101851851851852
6 0.2375 0.649074074074074 0.1625 0.2759259259259259
1 0.04010416666666667 0.5046296296296297 0.075 0.14722222222222223
3 0.22552083333333334 0.7111111111111111 0.04635416666666667 0.10648148148148148
6 0.48489583333333336 0.8583333333333333 0.09114583333333333 0.15925925925925927
6 0.4473958333333333 0.6962962962962963 0.0734375 0.10648148148148148
