6 0.2546875 0.26944444444444443 0.11041666666666666 0.18888888888888888
6 0.3140625 0.5111111111111111 0.058854166666666666 0.10740740740740741
6 0.35208333333333336 0.6157407407407407 0.08958333333333333 0.13703703703703704
6 0.4317708333333333 0.19537037037037036 0.09635416666666667 0.1527777777777778
6 0.28958333333333336 0.6722222222222223 0.11822916666666666 0.14907407407407408
4 0.190625 0.017592592592592594 0.1171875 0.1685185185185185
2 0.18489583333333334 0.40185185185185185 0.10885416666666667 0.1935185185185185
6 0.39479166666666665 0.46296296296296297 0.1125 0.15925925925925927
5 0.8947916666666667 0.27314814814814814 0.12552083333333333 0.32222222222222224
7 0.70625 0.03425925925925926 0.08177083333333333 0.1935185185185185
4 0.37864583333333335 0.8657407407407407 0.07916666666666666 0.20185185185185187
2 0.23177083333333334 0.7425925925925926 0.058854166666666666 0.08703703703703704
