1 0.7130208333333333 0.45740740740740743 0.12708333333333333 0.2824074074074074
7 0.98125 0.25833333333333336 0.052083333333333336 0.2462962962962963
6 0.5984375 0.9462962962962963 0.11510416666666666 0.2037037037037037
3 0.515625 0.11574074074074074 0.13072916666666667 0.17314814814814813
6 0.6953125 0.5722222222222222 0.0765625 0.1388888888888889
2 0.7630208333333334 0.7425925925925926 0.071875 0.13240740740740742
4 0.6364583333333333 0.799074074074074 0.08072916666666667 0.225
6 0.5119791666666667 0.5796296296296296 0.078125 0.1175925925925926
6 0.5927083333333333 0.7787037037037037 0.1140625 0.21203703703703702
4 0.8015625 0.5601851851851852 0.0890625 0.17777777777777778
1 0.7921875 0.7703703703703704 0.0640625 0.14166666666666666
6 0.715625 0.8351851851851851 0.1453125 0.25
