6 0.54375 0.4722222222222222 0.1046875 0.2601851851851852
5 0.9838541666666667 0.3768518518518518 0.13385416666666666 0.34444444444444444
1 0.5078125 0.09907407407407408 0.058854166666666666 0.11851851851851852
2 0.3640625 0.3287037037037037 0.10572916666666667 0.13703703703703704
1 0.634375 0.262037037037037 0.07135416666666666 0.11944444444444445
2 0.4703125 0.4648148148148148 0.0765625 0.11481481481481481
6 0.578125 0.05 0.09427083333333333 0.20555555555555555
3 0.5833333333333334 0.37777777777777777 0.07708333333333334 0.13333333333333333
6 0.48385416666666664 0.31574074074074077 0.06927083333333334 0.10185185185185185
2 0.4375 0.775 0.0875 0.14537037037037037
