7 0.14166666666666666 0.9972222222222222 0.11197916666666667 0.2638888888888889
7 0.25104166666666666 0.925 0.07708333333333334 0.12314814814814815
6 0.8015625 0.712037037037037 0.11041666666666666 0.1824074074074074
4 0.38385416666666666 0.5027777777777778 0.08802083333333334 0.20833333333333334
6 0.7442708333333333 0.45185185185185184 0.11927083333333334 0.18518518518518517
6 0.8572916666666667 0.32222222222222224 0.08541666666666667 0.17407407407407408
1 0.9598958333333333 0.2675925925925926 0.08489583333333334 0.18611111111111112
3 0.6885416666666667 0.10277777777777777 0.06875 0.15
4 0.17552083333333332 0.33611111111111114 0.07916666666666666 0.2037037037037037
2 0.9661458333333334 0.6611111111111111 0.075 0.10185185185185185
0 0.4588541666666667 0.9472222222222222 0.11770833333333333 0.4203703703703704
