1 0.6385416666666667 0.7833333333333333 0.11145833333333334 0.18888888888888888
6 0.6817708333333333 0.7407407407407407 0.04895833333333333 0.08425925925925926
3 0.7369791666666666 0.8425925925925926 0.1078125 0.21203703703703702
6 0.5578125 0.44074074074074077 0.13229166666666667 0.2740740740740741
7 0.9390625 0.3861111111111111 0.06770833333333333 0.19814814814814816
6 0.7557291666666667 0.6611111111111111 0.134375 0.2564814814814815
6 0.7421875 0.5166666666666667 0.1046875 0.17222222222222222
6 0.7911458333333333 0.7175925925925926 0.10833333333333334 0.2601851851851852
4 0.8119791666666667 0.6787037037037037 0.08541666666666667 0.20925925925925926
4 0.9791666666666666 0.6981481481481482 0.06927083333333334 0.1824074074074074
3 0.47708333333333336 0.6583333333333333 0.05416666666666667 0.12777777777777777
