4 0.9166666666666666 0.7601851851851852 0.10416666666666667 0.14722222222222223
7 0.5880208333333333 0.7953703703703704 0.09479166666666666 0.15925925925925927
6 0.5520833333333334 0.11851851851851852 0.1453125 0.18518518518518517
4 0.534375 0.35 0.1046875 0.19722222222222222
6 0.3572916666666667 0.35185185185185186 0.08020833333333334 0.08703703703703704
2 0.5651041666666666 0.33611111111111114 0.11354166666666667 0.19814814814814816
6 0.61875 0.48333333333333334 0.15885416666666666 0.21388888888888888
6 0.3171875 0.1 0.13020833333333334 0.30833333333333335
0 0.7463541666666667 0.7203703703703703 0.19166666666666668 0.46111111111111114
3 0.42291666666666666 0.18425925925925926 0.06979166666666667 0.12222222222222222
6 0.3854166666666667 0.40185185185185185 0.13177083333333334 0.2037037037037037
2 0.7098958333333333 0.47314814814814815 0.07135416666666666 0.16111111111111112
6 0.7166666666666667 0.43333333333333335 0.11510416666666666 0.19166666666666668
