3 0.32708333333333334 0.5333333333333333 0.0578125 0.12222222222222222
1 0.615625 0.8842592592592593 0.08020833333333334 0.1675925925925926
6 0.36666666666666664 0.6944444444444444 0.08541666666666667 0.15833333333333333
7 0.25052083333333336 0.8638888888888889 0.05520833333333333 0.1388888888888889
3 0.521875 0.7064814814814815 0.07083333333333333 0.1675925925925926
4 0.06770833333333333 0.29444444444444445 0.10989583333333333 0.12407407407407407
3 0.6557291666666667 0.5009259259259259 0.0625 0.13796296296296295
7 0.840625 0.17037037037037037 0.08541666666666667 0.1787037037037037
6 0.47239583333333335 0.42592592592592593 0.1140625 0.17037037037037037
0 0.5177083333333333 0.06574074074074074 0.0890625 0.3787037037037037
4 0.35260416666666666 0.8527777777777777 0.06614583333333333 0.2074074074074074
