6 0.6192708333333333 0.6055555555555555 0.07864583333333333 0.13333333333333333
1 0.6182291666666667 0.5694444444444444 0.12239583333333333 0.21388888888888888
2 0.8104166666666667 0.3685185185185185 0.14114583333333333 0.22037037037037038
3 0.6255208333333333 0.7916666666666666 0.07291666666666667 0.14074074074074075
4 0.10208333333333333 0.6231481481481481 0.06145833333333333 0.1814814814814815
3 0.6260416666666667 0.9296296296296296 0.0703125 0.12129629629629629
3 0.6265625 0.2518518518518518 0.1 0.1685185185185185
2 0.775 0.45740740740740743 0.10104166666666667 0.15648148148148147
1 0.6109375 0.5425925925925926 0.09427083333333333 0.20462962962962963
0 0.45416666666666666 0.30092592592592593 0.1796875 0.4203703703703704
7 0.8885416666666667 0.49722222222222223 0.05572916666666667 0.1638888888888889
4 0.30572916666666666 0.5 0.090625 0.24259259259259258
7 0.8067708333333333 0.9185185185185185 0.09791666666666667 0.16111111111111112
2 0.6229166666666667 0.5972222222222222 0.057291666666666664 0.0824074074074074
