3 0.5234375 0.6916666666666667 0.07552083333333333 0.10740740740740741
4 0.7348958333333333 0.19444444444444445 0.059895833333333336 0.15555555555555556
5 0.3203125 0.24814814814814815 0.11875 0.3388888888888889
6 0.40677083333333336 0.1814814814814815 0.09479166666666666 0.11666666666666667
6 0.4546875 0.2972222222222222 0.13541666666666666 0.22314814814814815
1 0.26927083333333335 0.3537037037037037 0.090625 0.18518518518518517
3 0.019791666666666666 0.18425925925925926 0.07447916666666667 0.10462962962962963
2 0.29375 0.14444444444444443 0.058854166666666666 0.13703703703703704
4 0.31614583333333335 0.3509259259259259 0.08489583333333334 0.2175925925925926
1 0.4671875 0.38425925925925924 0.11666666666666667 0.25
1 0.346875 0.175 0.11875 0.25092592592592594
6 0.19583333333333333 0.375 0.09322916666666667 0.17037037037037037
