3 0.71875 0.36203703703703705 0.09010416666666667 0.21574074074074073
6 0.615625 0.7870370370370371 0.13697916666666668 0.2351851851851852
7 0.022916666666666665 0.7787037037037037 0.08125 0.1638888888888889
6 0.596875 0.7037037037037037 0.10520833333333333 0.18981481481481483
2 0.5640625 0.7314814814814815 0.0953125 0.1675925925925926
6 0.6911458333333333 0.7194444444444444 0.12239583333333333 0.18518518518518517
6 0.6296875 0.9583333333333334 0.0796875 0.11481481481481481
4 0.7942708333333334 0.4898148148148148 0.06510416666666667 0.1935185185185185
1 0.6494791666666667 0.6953703703703704 0.08541666666666667 0.18703703703703703
6 0.6333333333333333 0.9453703703703704 0.07604166666666666 0.13425925925925927
3 0.746875 0.7796296296296297 0.08177083333333333 0.21296296296296297
4 0.646875 0.12685185185185185 0.1046875 0.17592592592592593
