7 0.8197916666666667 0.2 0.0703125 0.17222222222222222
4 0.23489583333333333 0.5888888888888889 0.06354166666666666 0.17592592592592593
6 0.18177083333333333 0.25462962962962965 0.1375 0.23981481481481481
1 0.36302083333333335 0.175 0.059375 0.09907407407407408
2 0.334375 0.28425925925925927 0.13229166666666667 0.23333333333333334
4 0.34010416666666665 0.32592592592592595 0.078125 0.20555555555555555
2 0.29583333333333334 0.7962962962962963 0.09010416666666667 0.20092592592592592
6 0.28020833333333334 0.6787037037037037 0.125 0.24444444444444444
6 0.32083333333333336 0.1935185185185185 0.16510416666666666 0.2518518518518518
6 0.06875 0.6361111111111111 0.06822916666666666 0.12777777777777777
7 0.3104166666666667 0.47314814814814815 0.09010416666666667 0.18611111111111112
6 0.3 0.7185185185185186 0.1359375 0.2037037037037037
6 0.1546875 0.5712962962962963 0.10625 0.1925925925925926
