1 0.8645833333333334 0.5398148148148149 0.11041666666666666 0.21388888888888888
3 0.8109375 0.5435185185185185 0.09010416666666667 0.18611111111111112
1 0.809375 0.44166666666666665 0.09114583333333333 0.18796296296296297
3 0.690625 0.5333333333333333 0.050520833333333334 0.1037037037037037
1 0.7229166666666667 0.5361111111111111 0.09739583333333333 0.19074074074074074
0 0.7036458333333333 0.01574074074074074 0.10989583333333333 0.46296296296296297
2 0.8479166666666667 0.4009259259259259 0.109375 0.2037037037037037
2 0.8072916666666666 0.0962962962962963 0.096875 0.1685185185185185
6 0.9723958333333333 0.5583333333333333 0.1515625 0.21574074074074073
3 0.5723958333333333 0.8657407407407407 0.06458333333333334 0.11388888888888889
