1 0.3932291666666667 0.899074074074074 0.12760416666666666 0.23703703703703705
4 0.6083333333333333 0.4148148148148148 0.12239583333333333 0.23148148148148148
6 0.3260416666666667 0.4083333333333333 0.08541666666666667 0.13425925925925927
3 0.45625 0.3425925925925926 0.10729166666666666 0.12777777777777777
4 0.6322916666666667 0.737037037037037 0.1046875 0.19907407407407407
1 0.2984375 0.15648148148148147 0.0921875 0.18518518518518517
2 0.3385416666666667 0.23703703703703705 0.07760416666666667 0.11944444444444445
7 0.971875 0.562037037037037 0.115625 0.15462962962962962
3 0.3697916666666667 0.2962962962962963 0.0875 0.1712962962962963
6 0.21822916666666667 0.34074074074074073 0.16979166666666667 0.20277777777777778
6 0.2838541666666667 0.4564814814814815 0.1 0.18981481481481483
1 0.19895833333333332 0.40185185185185185 0.1359375 0.27037037037037037
2 0.29375 0.20092592592592592 0.1 0.16296296296296298
