6 0.484375 0.38796296296296295 0.15104166666666666 0.225
6 0.35208333333333336 0.662962962962963 0.08072916666666667 0.1398148148148148
6 0.409375 0.774074074074074 0.14947916666666666 0.29259259259259257
4 0.4036458333333333 0.32314814814814813 0.058333333333333334 0.19074074074074074
6 0.428125 0.4824074074074074 0.09791666666666667 0.1787037037037037
4 0.9708333333333333 0.013888888888888888 0.10208333333333333 0.2
3 0.4625 0.7314814814814815 0.075 0.12407407407407407
6 0.5895833333333333 0.6055555555555555 0.06822916666666666 0.15
6 0.6791666666666667 0.6620370370370371 0.10520833333333333 0.17314814814814813
5 0.5744791666666667 0.4101851851851852 0.13125 0.3
6 0.5328125 0.5157407407407407 0.15625 0.2814814814814815
