7 0.73125 0.13703703703703704 0.058333333333333334 0.16018518518518518
7 0.7088541666666667 0.7527777777777778 0.08229166666666667 0.18055555555555555
3 0.5588541666666667 0.9166666666666666 0.04635416666666667 0.1037037037037037
4 0.16458333333333333 0.5425925925925926 0.07864583333333333 0.12314814814814815
1 0.3223958333333333 0.8305555555555556 0.11875 0.23425925925925925
6 0.2640625 0.9314814814814815 0.0984375 0.19722222222222222
6 0.39166666666666666 0.812962962962963 0.14270833333333333 0.2916666666666667
6 0.5125 0.6527777777777778 0.0984375 0.2037037037037037
3 0.37916666666666665 0.4898148148148148 0.06354166666666666 0.13055555555555556
4 0.3609375 0.9648148148148148 0.08072916666666667 0.19722222222222222
0 0.8348958333333333 0.39351851851851855 0.08229166666666667 0.23425925925925925
