6 0.5630208333333333 0.35 0.11770833333333333 0.23425925925925925
6 0.7708333333333334 0.7962962962962963 0.10885416666666667 0.1962962962962963
1 0.8489583333333334 0.35462962962962963 0.1265625 0.2777777777777778
1 0.7838541666666666 0.5370370370370371 0.06041666666666667 0.11203703703703703
1 0.8130208333333333 0.2601851851851852 0.121875 0.2212962962962963
6 0.8161458333333333 0.38055555555555554 0.11666666666666667 0.22685185185185186
2 0.6807291666666667 0.33240740740740743 0.11666666666666667 0.19722222222222222
3 0.6505208333333333 0.4583333333333333 0.09739583333333333 0.21203703703703702
3 0.7692708333333333 0.5259259259259259 0.06979166666666667 0.13055555555555556
2 0.6265625 0.4675925925925926 0.06302083333333333 0.09722222222222222
