6 0.5 0.9 0.08020833333333334 0.17314814814814813
4 0.4869791666666667 0.11944444444444445 0.07760416666666667 0.22407407407407406
1 0.16875 0.7037037037037037 0.175 0.3287037037037037
6 0.4947916666666667 0.7546296296296297 0.0625 0.2361111111111111
3 0.271875 0.7361111111111112 0.04791666666666667 0.11388888888888889
1 0.4395833333333333 0.787962962962963 0.090625 0.17962962962962964
4 0.2875 0.044444444444444446 0.10364583333333334 0.17222222222222222
3 0.4010416666666667 0.6925925925925925 0.0546875 0.09537037037037037
1 0.31145833333333334 0.3888888888888889 0.1203125 0.2212962962962963
2 0.20625 0.3888888888888889 0.07447916666666667 0.12685185185185185
2 0.46927083333333336 0.5685185185185185 0.13489583333333333 0.18888888888888888
