3 0.6645833333333333 0.37037037037037035 0.096875 0.16018518518518518
6 0.41302083333333334 0.23425925925925925 0.1390625 0.19722222222222222
2 0.5354166666666667 0.2490740740740741 0.0671875 0.11851851851851852
4 0.528125 0.8388888888888889 0.1171875 0.14537037037037037
2 0.3776041666666667 0.587037037037037 0.059375 0.10925925925925926
7 0.1671875 0.18981481481481483 0.1015625 0.1537037037037037
0 0.23385416666666667 0.5898148148148148 0.15572916666666667 0.38425925925925924
6 0.5927083333333333 0.4222222222222222 0.1109375 0.2657407407407407
4 0.8979166666666667 0.7703703703703704 0.12291666666666666 0.1388888888888889
7 0.46875 0.7925925925925926 0.0984375 0.15185185185185185
