4 0.7833333333333333 0.4962962962962963 0.09114583333333333 0.14907407407407408
1 0.38125 0.5981481481481481 0.12760416666666666 0.26296296296296295
6 0.0 0.20833333333333334 0.11041666666666666 0.1814814814814815
4 0.43333333333333335 0.5101851851851852 0.057291666666666664 0.1638888888888889
7 0.5166666666666667 0.5453703703703704 0.11458333333333333 0.21666666666666667
3 0.32864583333333336 0.6407407407407407 0.10729166666666666 0.2388888888888889
6 0.4010416666666667 0.325 0.08229166666666667 0.13703703703703704
3 0.2390625 0.14444444444444443 0.06927083333333334 0.10740740740740741
2 0.2635416666666667 0.38055555555555554 0.12135416666666667 0.16203703703703703
6 0.30364583333333334 0.5037037037037037 0.15729166666666666 0.27037037037037037
6 0.15885416666666666 0.23055555555555557 0.12447916666666667 0.19722222222222222
5 0.10364583333333334 0.6212962962962963 0.11041666666666666 0.30277777777777776
