4 0.6192708333333333 0.4842592592592593 0.09322916666666667 0.1675925925925926
2 0.40677083333333336 0.5425925925925926 0.078125 0.14722222222222223
6 0.425 0.25925925925925924 0.09895833333333333 0.14907407407407408
6 0.5052083333333334 0.47962962962962963 0.17083333333333334 0.3
0 0.29583333333333334 0.030555555555555555 0.090625 0.25462962962962965
4 0.03854166666666667 0.9685185185185186 0.096875 0.15185185185185185
6 0.47239583333333335 0.3638888888888889 0.09322916666666667 0.1574074074074074
1 0.578125 0.6962962962962963 0.09583333333333334 0.1675925925925926
3 0.50625 0.2564814814814815 0.09375 0.22685185185185186
3 0.66875 0.3851851851851852 0.059895833333333336 0.13425925925925927
6 0.4354166666666667 0.7175925925925926 0.0671875 0.10185185185185185
6 0.325 0.5212962962962963 0.13333333333333333 0.15833333333333333
2 0.4244791666666667 0.4546296296296296 0.06354166666666666 0.10833333333333334
