6 0.1140625 0.5407407407407407 0.13958333333333334 0.24259259259259258
0 0.0375 0.4638888888888889 0.1015625 0.44722222222222224
6 0.3854166666666667 0.9101851851851852 0.04895833333333333 0.07962962962962963
6 0.42604166666666665 0.8666666666666667 0.14010416666666667 0.23333333333333334
4 0.3015625 0.7722222222222223 0.0890625 0.19722222222222222
2 0.4239583333333333 0.7277777777777777 0.10625 0.1638888888888889
6 0.3651041666666667 0.35462962962962963 0.11458333333333333 0.16574074074074074
6 0.15104166666666666 0.7935185185185185 0.128125 0.16666666666666666
3 0.3234375 0.3435185185185185 0.05677083333333333 0.10277777777777777
4 0.809375 0.062037037037037036 0.06510416666666667 0.2037037037037037
6 0.3078125 0.8472222222222222 0.1109375 0.15092592592592594
