6 0.8489583333333334 0.24814814814814815 0.1234375 0.26481481481481484
1 0.7348958333333333 0.29814814814814816 0.125 0.28055555555555556
3 0.5255208333333333 0.7268518518518519 0.0640625 0.11296296296296296
2 0.7895833333333333 0.11203703703703703 0.08802083333333334 0.1814814814814815
6 0.7692708333333333 0.362962962962963 0.12447916666666667 0.2351851851851852
6 0.9572916666666667 0.33611111111111114 0.10104166666666667 0.1259259259259259
2 0.9182291666666667 0.21296296296296297 0.05520833333333333 0.125
3 0.8005208333333333 0.5583333333333333 0.090625 0.2064814814814815
1 0.8578125 0.34074074074074073 0.0796875 0.1398148148148148
6 0.7291666666666666 0.3972222222222222 0.11302083333333333 0.2064814814814815
