6 0.6546875 0.5027777777777778 0.12864583333333332 0.24351851851851852
6 0.7307291666666667 0.10555555555555556 0.11197916666666667 0.18333333333333332
3 0.6927083333333334 0.4287037037037037 0.0875 0.28425925925925927
4 0.034375 0.575925925925926 0.08802083333333334 0.15925925925925927
3 0.7963541666666667 0.17685185185185184 0.08645833333333333 0.15092592592592594
2 0.5645833333333333 0.2111111111111111 0.07604166666666666 0.10648148148148148
7 0.6244791666666667 0.46111111111111114 0.1109375 0.24722222222222223
7 0.19791666666666666 0.4166666666666667 0.078125 0.13240740740740742
1 0.5671875 0.7870370370370371 0.08645833333333333 0.18333333333333332
6 0.6989583333333333 0.5842592592592593 0.134375 0.3037037037037037
4 0.8692708333333333 0.4546296296296296 0.0640625 0.16944444444444445
