6 0.33177083333333335 0.6240740740740741 0.10104166666666667 0.15462962962962962
0 0.052083333333333336 0.05648148148148148 0.13958333333333334 0.3314814814814815
4 0.5885416666666666 0.975925925925926 0.084375 0.20462962962962963
3 0.32083333333333336 0.5666666666666667 0.051041666666666666 0.08425925925925926
4 0.29375 0.8731481481481481 0.09739583333333333 0.18611111111111112
6 0.5453125 0.48148148148148145 0.1046875 0.20092592592592592
3 0.6067708333333334 0.6314814814814815 0.0359375 0.10462962962962963
7 0.759375 0.2712962962962963 0.08854166666666667 0.24074074074074073
2 0.3692708333333333 0.6240740740740741 0.1390625 0.1675925925925926
3 0.4427083333333333 0.42777777777777776 0.058333333333333334 0.1175925925925926
