7 0.33177083333333335 0.3287037037037037 0.08177083333333333 0.17962962962962964
7 0.48333333333333334 0.3712962962962963 0.075 0.12962962962962962
4 0.15052083333333333 0.11018518518518519 0.05416666666666667 0.1537037037037037
3 0.24270833333333333 0.6240740740740741 0.09322916666666667 0.1527777777777778
4 0.3463541666666667 0.5212962962962963 0.05364583333333333 0.16944444444444445
1 0.20416666666666666 0.2722222222222222 0.103125 0.25555555555555554
3 0.14427083333333332 0.47314814814814815 0.058333333333333334 0.07685185185185185
3 0.1375 0.7342592592592593 0.08333333333333333 0.15092592592592594
6 0.3223958333333333 0.725 0.12083333333333333 0.19537037037037036
2 0.32135416666666666 0.3537037037037037 0.09166666666666666 0.13703703703703704
6 0.1625 0.31203703703703706 0.10520833333333333 0.1814814814814815
2 0.33177083333333335 0.5064814814814815 0.0984375 0.16203703703703703
