3 0.290625 0.06481481481481481 0.1328125 0.2361111111111111
1 0.2078125 0.6851851851851852 0.06666666666666667 0.15648148148148147
6 0.16666666666666666 0.6638888888888889 0.07708333333333334 0.1425925925925926
2 0.3145833333333333 0.6638888888888889 0.05416666666666667 0.07777777777777778
6 0.3458333333333333 0.3111111111111111 0.0984375 0.17685185185185184
6 0.20052083333333334 0.48703703703703705 0.2046875 0.3648148148148148
4 0.046875 0.5861111111111111 0.1046875 0.2101851851851852
3 0.25677083333333334 0.3787037037037037 0.08020833333333334 0.18796296296296297
4 0.19322916666666667 0.36018518518518516 0.09114583333333333 0.18055555555555555
6 0.25 0.8277777777777777 0.1125 0.19722222222222222
1 0.23697916666666666 0.3416666666666667 0.0984375 0.2074074074074074
2 0.3255208333333333 0.5296296296296297 0.07447916666666667 0.1287037037037037
