5 0.79375 0.09166666666666666 0.13958333333333334 0.35833333333333334
1 0.459375 0.7037037037037037 0.11354166666666667 0.20092592592592592
4 0.6125 0.2675925925925926 0.0796875 0.1638888888888889
2 0.45677083333333335 0.5879629629629629 0.0578125 0.10740740740740741
3 0.46197916666666666 0.9898148148148148 0.08489583333333334 0.1111111111111111
1 0.8177083333333334 0.7583333333333333 0.08489583333333334 0.16018518518518518
6 0.41510416666666666 0.7916666666666666 0.12239583333333333 0.1648148148148148
1 0.5760416666666667 0.9296296296296296 0.084375 0.18888888888888888
4 0.06614583333333333 0.010185185185185186 0.05572916666666667 0.18611111111111112
3 0.4822916666666667 0.6722222222222223 0.08541666666666667 0.17037037037037037
2 0.53125 0.9425925925925925 0.0625 0.1388888888888889
