6 0.6255208333333333 0.41944444444444445 0.07239583333333334 0.10648148148148148
7 0.7526041666666666 0.3490740740740741 0.11770833333333333 0.2388888888888889
6 0.7177083333333333 0.26296296296296295 0.09166666666666666 0.17407407407407408
2 0.396875 0.30462962962962964 0.0578125 0.1037037037037037
6 0.540625 0.32314814814814813 0.08020833333333334 0.17592592592592593
4 0.8947916666666667 0.11851851851851852 0.07604166666666666 0.19722222222222222
4 0.9708333333333333 0.2564814814814815 0.06145833333333333 0.1962962962962963
7 0.4505208333333333 0.2675925925925926 0.07864583333333333 0.2037037037037037
5 0.3104166666666667 0.9259259259259259 0.146875 0.3814814814814815
6 0.5932291666666667 0.5592592592592592 0.10052083333333334 0.18055555555555555
6 0.3984375 0.18518518518518517 0.06041666666666667 0.12685185185185185
2 0.4921875 0.387037037037037 0.11510416666666666 0.20555555555555555
3 0.6213541666666667 0.25555555555555554 0.042708333333333334 0.10648148148148148
