2 0.490625 0.4740740740740741 0.09791666666666667 0.12314814814814815
3 0.42291666666666666 0.49722222222222223 0.09427083333333333 0.19907407407407407
3 0.3046875 0.2675925925925926 0.0765625 0.16111111111111112
1 0.3921875 0.4305555555555556 0.1140625 0.22962962962962963
7 0.9723958333333333 0.6055555555555555 0.07135416666666666 0.2
6 0.24895833333333334 0.43703703703703706 0.09010416666666667 0.20462962962962963
1 0.24322916666666666 0.32314814814814813 0.1171875 0.22592592592592592
4 0.7427083333333333 0.25833333333333336 0.12291666666666666 0.1388888888888889
2 0.4713541666666667 0.387037037037037 0.075 0.1388888888888889
2 0.025520833333333333 0.7240740740740741 0.0546875 0.08888888888888889
4 0.5598958333333334 0.7601851851851852 0.115625 0.20277777777777778
7 0.08541666666666667 0.9333333333333333 0.07552083333333333 0.2037037037037037
