6 0.728125 0.3814814814814815 0.13177083333333334 0.18796296296296297
1 0.8432291666666667 0.3453703703703704 0.11979166666666667 0.24814814814814815
1 0.7729166666666667 0.26944444444444443 0.09895833333333333 0.19074074074074074
2 0.6484375 0.6712962962962963 0.11197916666666667 0.19907407407407407
4 0.3385416666666667 0.4703703703703704 0.10260416666666666 0.2361111111111111
2 0.8671875 0.31574074074074077 0.08385416666666666 0.17777777777777778
6 0.8963541666666667 0.4824074074074074 0.13697916666666668 0.22962962962962963
3 0.7619791666666667 0.36018518518518516 0.07552083333333333 0.13240740740740742
6 0.7125 0.21388888888888888 0.109375 0.13703703703703704
3 0.6796875 0.4388888888888889 0.11614583333333334 0.2
2 0.8755208333333333 0.37777777777777777 0.090625 0.15185185185185185
4 0.46197916666666666 0.12037037037037036 0.10989583333333333 0.1425925925925926
