2 0.071875 0.5768518518518518 0.14479166666666668 0.18611111111111112
4 0.08541666666666667 0.45092592592592595 0.08854166666666667 0.18888888888888888
3 0.2265625 0.8157407407407408 0.042708333333333334 0.12037037037037036
3 0.11510416666666666 0.3333333333333333 0.058854166666666666 0.11481481481481481
6 0.3171875 0.22962962962962963 0.0953125 0.17314814814814813
6 0.2875 0.462037037037037 0.12291666666666666 0.25555555555555554
6 0.3 0.35462962962962963 0.07708333333333334 0.1712962962962963
6 0.24635416666666668 0.5981481481481481 0.07395833333333333 0.12685185185185185
1 0.08125 0.43796296296296294 0.10989583333333333 0.2101851851851852
6 0.37447916666666664 0.5148148148148148 0.05 0.08796296296296297
6 0.16770833333333332 0.39444444444444443 0.06041666666666667 0.11388888888888889
