4 0.21770833333333334 0.3592592592592593 0.06458333333333334 0.1787037037037037
3 0.6223958333333334 0.36666666666666664 0.0609375 0.1685185185185185
3 0.7479166666666667 0.20925925925925926 0.07708333333333334 0.14166666666666666
1 0.5817708333333333 0.5777777777777777 0.09791666666666667 0.25833333333333336
2 0.6802083333333333 0.7018518518518518 0.09375 0.1361111111111111
7 0.540625 0.7842592592592592 0.06927083333333334 0.19074074074074074
3 0.44166666666666665 0.8472222222222222 0.10989583333333333 0.20185185185185187
4 0.8776041666666666 0.1537037037037037 0.04895833333333333 0.15648148148148147
2 0.8208333333333333 0.5648148148148148 0.053125 0.07685185185185185
3 0.8869791666666667 0.062037037037037036 0.06510416666666667 0.14351851851851852
3 0.7375 0.5796296296296296 0.03802083333333333 0.09537037037037037
6 0.8369791666666667 0.6018518518518519 0.0515625 0.11574074074074074
