1 0.22864583333333333 0.7611111111111111 0.0671875 0.1425925925925926
6 0.13802083333333334 0.20092592592592592 0.12135416666666667 0.20462962962962963
4 0.4473958333333333 0.6092592592592593 0.1125 0.2101851851851852
6 0.34479166666666666 0.21296296296296297 0.059895833333333336 0.10833333333333334
2 0.16875 0.2722222222222222 0.0765625 0.13703703703703704
3 0.128125 0.46574074074074073 0.08333333333333333 0.16203703703703703
6 0.2557291666666667 0.2722222222222222 0.08072916666666667 0.13425925925925927
4 0.19270833333333334 0.12129629629629629 0.0890625 0.2101851851851852
3 0.18385416666666668 0.5851851851851851 0.1140625 0.1398148148148148
2 0.07604166666666666 0.27870370370370373 0.06458333333333334 0.11388888888888889
3 0.35104166666666664 0.3675925925925926 0.075 0.08796296296296297
7 0.653125 0.7083333333333334 0.08385416666666666 0.20462962962962963
