5 0.75625 0.4898148148148148 0.16875 0.4111111111111111
6 0.20625 0.4925925925925926 0.06822916666666666 0.11851851851851852
6 0.3302083333333333 0.6129629629629629 0.06875 0.19814814814814816
4 0.2630208333333333 0.3435185185185185 0.06770833333333333 0.19537037037037036
3 0.17447916666666666 0.2101851851851852 0.0609375 0.12777777777777777
4 0.11197916666666667 0.8638888888888889 0.07916666666666666 0.1259259259259259
2 0.3848958333333333 0.30925925925925923 0.0765625 0.10833333333333334
1 0.271875 0.3907407407407407 0.10416666666666667 0.2101851851851852
3 0.26927083333333335 0.39814814814814814 0.06927083333333334 0.16203703703703703
6 0.20885416666666667 0.40555555555555556 0.12708333333333333 0.21666666666666667
6 0.10260416666666666 0.9416666666666667 0.0828125 0.16574074074074074
