3 0.6604166666666667 0.38981481481481484 0.09739583333333333 0.20462962962962963
2 0.40208333333333335 0.799074074074074 0.13489583333333333 0.225
6 0.43385416666666665 0.7018518518518518 0.16354166666666667 0.2564814814814815
2 0.30416666666666664 0.7564814814814815 0.14635416666666667 0.23425925925925925
6 0.33645833333333336 0.28703703703703703 0.1171875 0.23425925925925925
2 0.4348958333333333 0.4027777777777778 0.103125 0.16203703703703703
3 0.5453125 0.5462962962962963 0.06770833333333333 0.12314814814814815
4 0.5026041666666666 0.5064814814814815 0.0796875 0.1962962962962963
0 0.6640625 0.32037037037037036 0.103125 0.2824074074074074
4 0.24635416666666668 0.8268518518518518 0.10989583333333333 0.23055555555555557
