7 0.4671875 0.20462962962962963 0.06875 0.16296296296296298
2 0.628125 0.9675925925925926 0.09010416666666667 0.14814814814814814
4 0.7192708333333333 0.8537037037037037 0.08645833333333333 0.14907407407407408
3 0.78125 0.5879629629629629 0.0875 0.19166666666666668
3 0.6442708333333333 0.8101851851851852 0.05572916666666667 0.10185185185185185
3 0.7578125 0.6666666666666666 0.0484375 0.10648148148148148
4 0.13333333333333333 0.25462962962962965 0.06666666666666667 0.18055555555555555
6 0.6807291666666667 0.5472222222222223 0.07916666666666666 0.11574074074074074
1 0.65625 0.45740740740740743 0.06197916666666667 0.14351851851851852
6 0.5473958333333333 0.7037037037037037 0.09947916666666666 0.18981481481481483
