1 0.16197916666666667 0.5925925925925926 0.11145833333333334 0.2175925925925926
5 0.4005208333333333 0.25277777777777777 0.15625 0.44166666666666665
6 0.16458333333333333 0.4981481481481482 0.16458333333333333 0.262037037037037
1 0.036458333333333336 0.587037037037037 0.059375 0.11203703703703703
4 0.37916666666666665 0.48703703703703705 0.08385416666666666 0.19722222222222222
6 0.303125 0.4 0.1140625 0.23425925925925925
3 0.3265625 0.6805555555555556 0.10260416666666666 0.17407407407407408
1 0.3072916666666667 0.6203703703703703 0.06197916666666667 0.11203703703703703
6 0.2359375 0.525 0.06770833333333333 0.1287037037037037
6 0.12135416666666667 0.7518518518518519 0.0828125 0.12962962962962962
6 0.32916666666666666 0.4638888888888889 0.12760416666666666 0.24444444444444444
1 0.19010416666666666 0.5231481481481481 0.07447916666666667 0.17407407407407408
