1 0.8203125 0.7435185185185185 0.0765625 0.13425925925925927
3 0.70625 0.5351851851851852 0.128125 0.16666666666666666
1 0.7901041666666667 0.5314814814814814 0.16041666666666668 0.2777777777777778
6 0.5979166666666667 0.5472222222222223 0.12864583333333332 0.18518518518518517
6 0.6666666666666666 0.2777777777777778 0.08020833333333334 0.12685185185185185
3 0.4817708333333333 0.7083333333333334 0.071875 0.1537037037037037
7 0.8989583333333333 0.7379629629629629 0.08229166666666667 0.11944444444444445
6 0.8520833333333333 0.5342592592592592 0.1296875 0.225
4 0.4890625 0.1925925925925926 0.07760416666666667 0.15648148148148147
6 0.8536458333333333 0.48333333333333334 0.15208333333333332 0.25462962962962965
2 0.6958333333333333 0.25092592592592594 0.06770833333333333 0.10277777777777777
4 0.3875 0.9407407407407408 0.0640625 0.18796296296296297
