1 0.46822916666666664 0.1685185185185185 0.12760416666666666 0.2611111111111111
2 0.4203125 0.10925925925925926 0.0859375 0.13148148148148148
6 0.31666666666666665 0.38425925925925924 0.1109375 0.14537037037037037
4 0.4744791666666667 0.12129629629629629 0.07864583333333333 0.23148148148148148
6 0.37135416666666665 0.35185185185185186 0.0609375 0.14074074074074075
4 0.5223958333333333 0.5212962962962963 0.046875 0.20277777777777778
1 0.45 0.5564814814814815 0.08125 0.18333333333333332
0 0.7177083333333333 0.8453703703703703 0.134375 0.487962962962963
7 0.46041666666666664 0.23796296296296296 0.08333333333333333 0.14444444444444443
3 0.16979166666666667 0.5157407407407407 0.08541666666666667 0.18796296296296297
7 0.9010416666666666 0.3212962962962963 0.08854166666666667 0.15462962962962962
