6 0.23802083333333332 0.6175925925925926 0.134375 0.26944444444444443
6 0.31927083333333334 0.649074074074074 0.09166666666666666 0.17685185185185184
6 0.125 0.6981481481481482 0.1078125 0.18703703703703703
3 0.2640625 0.4564814814814815 0.07447916666666667 0.19444444444444445
6 0.16979166666666667 0.6453703703703704 0.1 0.1638888888888889
3 0.1515625 0.6361111111111111 0.0515625 0.08703703703703704
4 0.015104166666666667 0.9972222222222222 0.09427083333333333 0.17314814814814813
7 0.3307291666666667 0.3425925925925926 0.1203125 0.19814814814814816
2 0.3390625 0.562962962962963 0.11822916666666666 0.1712962962962963
4 0.09739583333333333 0.16018518518518518 0.06822916666666666 0.14814814814814814
3 0.2609375 0.9425925925925925 0.09739583333333333 0.19814814814814816
