3 0.5046875 0.6333333333333333 0.07447916666666667 0.11944444444444445
4 0.0828125 0.29814814814814816 0.09270833333333334 0.12962962962962962
1 0.478125 0.7129629629629629 0.09427083333333333 0.1935185185185185
6 0.6765625 0.24722222222222223 0.0859375 0.14907407407407408
6 0.37083333333333335 0.6037037037037037 0.06614583333333333 0.1175925925925926
4 0.5364583333333334 0.1175925925925926 0.09947916666666666 0.21944444444444444
1 0.40625 0.42592592592592593 0.10833333333333334 0.24722222222222223
1 0.48489583333333336 0.5324074074074074 0.14375 0.25
2 0.6510416666666666 0.6129629629629629 0.08020833333333334 0.14074074074074075
3 0.4270833333333333 0.7953703703703704 0.08958333333333333 0.15185185185185185
6 0.3536458333333333 0.7361111111111112 0.103125 0.16203703703703703
2 0.48125 0.3333333333333333 0.07239583333333334 0.10925925925925926
