4 0.3619791666666667 0.6462962962962963 0.090625 0.18611111111111112
7 0.765625 0.9740740740740741 0.10885416666666667 0.2796296296296296
1 0.5833333333333334 0.48518518518518516 0.043229166666666666 0.13148148148148148
3 0.4552083333333333 0.3101851851851852 0.058333333333333334 0.17777777777777778
4 0.0640625 0.11574074074074074 0.08854166666666667 0.17037037037037037
6 0.5322916666666667 0.22962962962962963 0.075 0.19907407407407407
3 0.5583333333333333 0.4787037037037037 0.09010416666666667 0.2111111111111111
6 0.42239583333333336 0.08425925925925926 0.07291666666666667 0.15648148148148147
1 0.5317708333333333 0.3527777777777778 0.13802083333333334 0.22962962962962963
3 0.6036458333333333 0.22685185185185186 0.08385416666666666 0.17685185185185184
6 0.47291666666666665 0.2388888888888889 0.06770833333333333 0.14351851851851852
6 0.471875 0.44537037037037036 0.09322916666666667 0.12407407407407407
