1 0.3067708333333333 0.5842592592592593 0.06979166666666667 0.13240740740740742
1 0.2890625 0.9111111111111111 0.058333333333333334 0.10092592592592593
6 0.3411458333333333 0.7861111111111111 0.07552083333333333 0.1259259259259259
3 0.04791666666666667 0.3990740740740741 0.07447916666666667 0.09259259259259259
6 0.2390625 0.9018518518518519 0.15885416666666666 0.2740740740740741
4 0.29583333333333334 0.5388888888888889 0.05260416666666667 0.18425925925925926
6 0.21510416666666668 0.5194444444444445 0.09947916666666666 0.14166666666666666
3 0.30052083333333335 0.8925925925925926 0.0921875 0.17685185185185184
6 0.296875 0.6333333333333333 0.0921875 0.125
4 0.9052083333333333 0.8425925925925926 0.1078125 0.20277777777777778
6 0.296875 0.44351851851851853 0.1203125 0.23703703703703705
1 0.23489583333333333 0.5898148148148148 0.11354166666666667 0.23796296296296296
0 0.5276041666666667 0.8407407407407408 0.09427083333333333 0.26481481481481484
