6 0.23645833333333333 0.3509259259259259 0.11927083333333334 0.20462962962962963
1 0.42604166666666665 0.010185185185185186 0.05416666666666667 0.10740740740740741
2 0.428125 0.42407407407407405 0.065625 0.1398148148148148
2 0.30104166666666665 0.10277777777777777 0.0625 0.10277777777777777
6 0.28958333333333336 0.3148148148148148 0.16197916666666667 0.2361111111111111
2 0.42291666666666666 0.3175925925925926 0.07864583333333333 0.10833333333333334
3 0.2234375 0.1175925925925926 0.0734375 0.125
2 0.3614583333333333 0.5138888888888888 0.12239583333333333 0.22407407407407406
6 0.29010416666666666 0.4638888888888889 0.07708333333333334 0.07777777777777778
1 0.4671875 0.23703703703703705 0.09427083333333333 0.18796296296296297
