6 0.4973958333333333 0.5583333333333333 0.1 0.13240740740740742
4 0.7739583333333333 0.06759259259259259 0.04739583333333333 0.2074074074074074
3 0.4786458333333333 0.6333333333333333 0.07604166666666666 0.15648148148148147
2 0.3104166666666667 0.5481481481481482 0.07083333333333333 0.11481481481481481
2 0.6135416666666667 0.812962962962963 0.06354166666666666 0.0962962962962963
6 0.36302083333333335 0.6805555555555556 0.09739583333333333 0.14907407407407408
7 0.709375 0.6101851851851852 0.0703125 0.20092592592592592
6 0.5776041666666667 0.18981481481481483 0.15416666666666667 0.24722222222222223
7 0.0375 0.2777777777777778 0.04375 0.2101851851851852
2 0.534375 0.3287037037037037 0.08489583333333334 0.12962962962962962
3 0.378125 0.3055555555555556 0.0734375 0.16944444444444445
4 0.7979166666666667 0.020370370370370372 0.06875 0.12777777777777777
6 0.45625 0.3277777777777778 0.115625 0.17314814814814813
2 0.18958333333333333 0.23703703703703705 0.09635416666666667 0.18703703703703703
