1 0.5583333333333333 0.7481481481481481 0.10572916666666667 0.24537037037037038
1 0.22760416666666666 0.6342592592592593 0.06875 0.17314814814814813
6 0.4119791666666667 0.4601851851851852 0.1703125 0.2564814814814815
4 0.13177083333333334 0.5851851851851851 0.1078125 0.2351851851851852
1 0.40677083333333336 0.8601851851851852 0.06041666666666667 0.11388888888888889
4 0.43697916666666664 0.5398148148148149 0.1140625 0.22592592592592592
1 0.33229166666666665 0.6203703703703703 0.1 0.19074074074074074
7 0.5885416666666666 0.05555555555555555 0.09427083333333333 0.15462962962962962
6 0.29322916666666665 0.8175925925925925 0.1109375 0.19444444444444445
7 0.5 0.06111111111111111 0.0859375 0.18703703703703703
