3 0.4421875 0.24722222222222223 0.09427083333333333 0.1824074074074074
2 0.5979166666666667 0.25092592592592594 0.07447916666666667 0.12222222222222222
6 0.5927083333333333 0.5833333333333334 0.096875 0.175
1 0.6588541666666666 0.4 0.11197916666666667 0.2388888888888889
2 0.659375 0.3712962962962963 0.08177083333333333 0.14722222222222223
4 0.5609375 0.4046296296296296 0.0765625 0.20833333333333334
6 0.6473958333333333 0.23425925925925925 0.06979166666666667 0.11666666666666667
6 0.6067708333333334 0.4203703703703704 0.11197916666666667 0.19444444444444445
1 0.4296875 0.4444444444444444 0.103125 0.24722222222222223
2 0.6 0.12129629629629629 0.09375 0.15
6 0.56875 0.6212962962962963 0.12708333333333333 0.19537037037037036
