3 0.303125 0.524074074074074 0.10833333333333334 0.18055555555555555
1 0.3546875 0.15925925925925927 0.09375 0.18055555555555555
3 0.23125 0.42407407407407405 0.06354166666666666 0.1388888888888889
1 0.23854166666666668 0.41944444444444445 0.057291666666666664 0.10092592592592593
1 0.27708333333333335 0.27685185185185185 0.11927083333333334 0.25277777777777777
3 0.421875 0.8870370370370371 0.052083333333333336 0.11481481481481481
5 0.06458333333333334 0.5185185185185185 0.1796875 0.4722222222222222
7 0.0890625 0.3175925925925926 0.08020833333333334 0.1398148148148148
4 0.6932291666666667 0.962037037037037 0.0734375 0.19444444444444445
1 0.3515625 0.4462962962962963 0.12708333333333333 0.2212962962962963
6 0.3651041666666667 0.25833333333333336 0.11822916666666666 0.21481481481481482
6 0.051041666666666666 0.6092592592592593 0.06458333333333334 0.13703703703703704
2 0.196875 0.5027777777777778 0.1203125 0.25462962962962965
4 0.6947916666666667 0.3490740740740741 0.10052083333333334 0.24444444444444444
