7 0.6947916666666667 0.19814814814814816 0.04479166666666667 0.2935185185185185
6 0.509375 0.7777777777777778 0.16041666666666668 0.26296296296296295
2 0.8036458333333333 0.4185185185185185 0.04583333333333333 0.10185185185185185
6 0.39895833333333336 0.6425925925925926 0.1140625 0.2361111111111111
0 0.47708333333333336 0.3453703703703704 0.13125 0.45185185185185184
6 0.42864583333333334 0.6111111111111112 0.15885416666666666 0.26944444444444443
6 0.421875 0.5305555555555556 0.05520833333333333 0.10648148148148148
6 0.34479166666666666 0.7166666666666667 0.13177083333333334 0.18333333333333332
7 0.965625 0.9638888888888889 0.08541666666666667 0.13240740740740742
1 0.5223958333333333 0.3638888888888889 0.0640625 0.1259259259259259
4 0.7083333333333334 0.9601851851851851 0.10572916666666667 0.2388888888888889
4 0.1796875 0.7305555555555555 0.08229166666666667 0.1675925925925926
