6 0.9276041666666667 0.12222222222222222 0.12083333333333333 0.25925925925925924
2 0.9104166666666667 0.1685185185185185 0.09583333333333334 0.15555555555555556
3 0.909375 0.4 0.04895833333333333 0.09722222222222222
4 0.6796875 0.6648148148148149 0.10052083333333334 0.1398148148148148
1 0.8359375 0.7277777777777777 0.12760416666666666 0.2564814814814815
6 0.9302083333333333 0.30185185185185187 0.12604166666666666 0.20462962962962963
3 0.98125 0.6361111111111111 0.07604166666666666 0.14537037037037037
6 0.9453125 0.2361111111111111 0.13333333333333333 0.2898148148148148
4 0.7213541666666666 0.5953703703703703 0.07135416666666666 0.17962962962962964
3 0.9458333333333333 0.15092592592592594 0.0984375 0.14444444444444443
1 0.5713541666666667 0.5935185185185186 0.11354166666666667 0.23703703703703705
0 0.8354166666666667 0.2833333333333333 0.11458333333333333 0.2759259259259259
