3 0.22552083333333334 0.46111111111111114 0.05364583333333333 0.08611111111111111
3 0.6583333333333333 0.13333333333333333 0.0609375 0.1361111111111111
4 0.171875 0.1648148148148148 0.09010416666666667 0.17777777777777778
6 0.4979166666666667 0.40185185185185185 0.15572916666666667 0.20555555555555555
6 0.228125 0.6092592592592593 0.08645833333333333 0.14629629629629629
7 0.7473958333333334 0.13055555555555556 0.08697916666666666 0.14722222222222223
3 0.5546875 0.5407407407407407 0.053125 0.12407407407407407
1 0.44427083333333334 0.6287037037037037 0.11822916666666666 0.2074074074074074
1 0.428125 0.26666666666666666 0.096875 0.1574074074074074
6 0.45364583333333336 0.35462962962962963 0.13854166666666667 0.25462962962962965
2 0.3182291666666667 0.7425925925925926 0.065625 0.1037037037037037
4 0.8994791666666667 0.8435185185185186 0.0625 0.18981481481481483
