2 0.8677083333333333 0.5851851851851851 0.1265625 0.22037037037037038
7 0.9130208333333333 0.35462962962962963 0.07916666666666666 0.1648148148148148
4 0.24114583333333334 0.41203703703703703 0.059895833333333336 0.18518518518518517
3 0.715625 0.6694444444444444 0.06197916666666667 0.10555555555555556
3 0.8171875 0.8287037037037037 0.052083333333333336 0.1037037037037037
1 0.675 0.6555555555555556 0.07135416666666666 0.1398148148148148
7 0.5630208333333333 0.34444444444444444 0.06875 0.19444444444444445
2 0.7796875 0.6787037037037037 0.07291666666666667 0.11481481481481481
3 0.8989583333333333 0.5203703703703704 0.0765625 0.1675925925925926
0 0.5255208333333333 0.275 0.121875 0.30925925925925923
2 0.9177083333333333 0.6703703703703704 0.11145833333333334 0.18796296296296297
6 0.9145833333333333 0.537962962962963 0.0609375 0.10648148148148148
4 0.8130208333333333 0.45925925925925926 0.07395833333333333 0.16574074074074074
