3 0.6166666666666667 0.5740740740740741 0.0421875 0.10092592592592593
6 0.6385416666666667 0.4027777777777778 0.09583333333333334 0.16018518518518518
6 0.8020833333333334 0.46944444444444444 0.065625 0.1175925925925926
1 0.5390625 0.775 0.08802083333333334 0.23425925925925925
7 0.8229166666666666 0.2388888888888889 0.14166666666666666 0.22777777777777777
4 0.0109375 0.7675925925925926 0.07395833333333333 0.2111111111111111
4 0.10729166666666666 0.6962962962962963 0.06145833333333333 0.14074074074074075
6 0.48541666666666666 0.9703703703703703 0.0703125 0.15833333333333333
7 0.7442708333333333 0.22037037037037038 0.09479166666666666 0.17222222222222222
6 0.42239583333333336 0.6111111111111112 0.07239583333333334 0.1425925925925926
