6 0.7755208333333333 0.37777777777777777 0.11979166666666667 0.2064814814814815
6 0.7875 0.3574074074074074 0.06354166666666666 0.1814814814814815
1 0.8583333333333333 0.7712962962962963 0.0984375 0.17222222222222222
7 0.4666666666666667 0.31574074074074077 0.096875 0.13703703703703704
2 0.8359375 0.49722222222222223 0.10885416666666667 0.19907407407407407
3 0.6239583333333333 0.19722222222222222 0.06510416666666667 0.13703703703703704
4 0.0067708333333333336 0.11388888888888889 0.08125 0.19166666666666668
3 0.7453125 0.8277777777777777 0.109375 0.23333333333333334
4 0.4427083333333333 0.825 0.08854166666666667 0.18888888888888888
6 0.659375 0.375 0.08177083333333333 0.09907407407407408
6 0.6625 0.5166666666666667 0.09010416666666667 0.23703703703703705
