1 0.43385416666666665 0.5166666666666667 0.1125 0.21851851851851853
2 0.5005208333333333 0.45925925925925926 0.07552083333333333 0.1388888888888889
6 0.20625 0.21666666666666667 0.09322916666666667 0.1648148148148148
1 0.35260416666666666 0.337037037037037 0.07395833333333333 0.1287037037037037
2 0.35833333333333334 0.24166666666666667 0.04583333333333333 0.1361111111111111
6 0.275 0.2657407407407407 0.16145833333333334 0.2777777777777778
6 0.5614583333333333 0.3194444444444444 0.0984375 0.21851851851851853
2 0.18489583333333334 0.43333333333333335 0.109375 0.1537037037037037
0 0.8213541666666667 0.1787037037037037 0.103125 0.23981481481481481
2 0.38385416666666666 0.39814814814814814 0.08020833333333334 0.11574074074074074
6 0.34479166666666666 0.2916666666666667 0.0765625 0.10555555555555556
