1 0.6 0.2212962962962963 0.09010416666666667 0.14814814814814814
6 0.528125 0.22962962962962963 0.06875 0.07777777777777778
2 0.2864583333333333 0.2324074074074074 0.06666666666666667 0.10925925925925926
2 0.4078125 0.4666666666666667 0.06875 0.1111111111111111
2 0.4713541666666667 0.16944444444444445 0.109375 0.17962962962962964
6 0.3338541666666667 0.5212962962962963 0.07291666666666667 0.10462962962962963
6 0.20625 0.6712962962962963 0.10989583333333333 0.2064814814814815
1 0.4822916666666667 0.7166666666666667 0.08072916666666667 0.1425925925925926
1 0.5557291666666667 0.31203703703703706 0.05364583333333333 0.10740740740740741
6 0.5416666666666666 0.487962962962963 0.06979166666666667 0.10555555555555556
