3 0.7098958333333333 0.5712962962962963 0.0625 0.12407407407407407
6 0.8041666666666667 0.562037037037037 0.0734375 0.13240740740740742
4 0.9489583333333333 0.3814814814814815 0.071875 0.17592592592592593
0 0.684375 0.15925925925925927 0.24479166666666666 0.5259259259259259
3 0.86875 0.3824074074074074 0.0890625 0.17222222222222222
1 0.7036458333333333 0.762962962962963 0.0875 0.1638888888888889
7 0.36666666666666664 0.575925925925926 0.10572916666666667 0.1824074074074074
6 0.7723958333333333 0.8231481481481482 0.09114583333333333 0.19166666666666668
7 0.4375 0.15092592592592594 0.09427083333333333 0.23425925925925925
3 0.5197916666666667 0.8648148148148148 0.06458333333333334 0.125
2 0.6671875 0.3111111111111111 0.04791666666666667 0.06944444444444445
1 0.7125 0.34814814814814815 0.096875 0.21296296296296297
4 0.22291666666666668 0.675 0.0625 0.19537037037037036
1 0.47291666666666665 0.6916666666666667 0.16041666666666668 0.2898148148148148
