6 0.7609375 0.8518518518518519 0.050520833333333334 0.13055555555555556
7 0.5140625 0.23333333333333334 0.09895833333333333 0.2212962962962963
6 0.9890625 0.637962962962963 0.13958333333333334 0.2324074074074074
3 0.8395833333333333 0.40185185185185185 0.07916666666666666 0.15555555555555556
2 0.5375 0.2898148148148148 0.07395833333333333 0.1037037037037037
1 0.9947916666666666 0.25 0.0484375 0.11851851851851852
7 0.515625 0.1398148148148148 0.090625 0.18703703703703703
0 0.9958333333333333 0.8444444444444444 0.25729166666666664 0.5935185185185186
4 0.45677083333333335 0.9222222222222223 0.09322916666666667 0.22685185185185186
2 0.6598958333333333 0.35833333333333334 0.12239583333333333 0.20462962962962963
3 0.7807291666666667 0.16111111111111112 0.05625 0.21388888888888888
6 0.828125 0.2675925925925926 0.084375 0.14351851851851852
4 0.09114583333333333 0.95 0.058854166666666666 0.21388888888888888
6 0.8432291666666667 0.0824074074074074 0.0984375 0.14444444444444443
1 0.76875 0.2222222222222222 0.12447916666666667 0.23425925925925925
