7 0.5291666666666667 0.33055555555555555 0.06302083333333333 0.1638888888888889
3 0.5708333333333333 0.45925925925925926 0.13072916666666667 0.18518518518518517
4 0.7041666666666667 0.9935185185185185 0.05677083333333333 0.1648148148148148
3 0.7484375 0.22777777777777777 0.09635416666666667 0.12407407407407407
7 0.14739583333333334 0.25555555555555554 0.08229166666666667 0.19166666666666668
6 0.734375 0.22314814814814815 0.07552083333333333 0.14351851851851852
6 0.73125 0.48148148148148145 0.103125 0.21944444444444444
2 0.921875 0.41388888888888886 0.125 0.18333333333333332
6 0.7088541666666667 0.10092592592592593 0.1859375 0.30092592592592593
3 0.7729166666666667 0.3398148148148148 0.09479166666666666 0.21203703703703702
0 0.8390625 0.4074074074074074 0.17864583333333334 0.46111111111111114
6 0.7921875 0.1712962962962963 0.0671875 0.1111111111111111
4 0.46875 0.5157407407407407 0.08177083333333333 0.18981481481481483
