2 0.9640625 0.2 0.08958333333333333 0.16018518518518518
5 0.9760416666666667 0.7148148148148148 0.128125 0.3277777777777778
2 0.63125 0.2722222222222222 0.059375 0.13518518518518519
6 0.5885416666666666 0.04351851851851852 0.06145833333333333 0.16111111111111112
2 0.8203125 0.37592592592592594 0.09322916666666667 0.14166666666666666
4 0.16510416666666666 0.9898148148148148 0.06458333333333334 0.15925925925925927
4 0.5880208333333333 0.1527777777777778 0.049479166666666664 0.1824074074074074
1 0.7541666666666667 0.21944444444444444 0.06770833333333333 0.15092592592592594
1 0.6421875 0.562962962962963 0.08072916666666667 0.1574074074074074
6 0.7203125 0.23425925925925925 0.11770833333333333 0.2833333333333333
6 0.7734375 0.09537037037037037 0.12239583333333333 0.2324074074074074
