2 0.45260416666666664 0.5268518518518519 0.06510416666666667 0.0824074074074074
1 0.6953125 0.6814814814814815 0.05625 0.10740740740740741
2 0.7135416666666666 0.7129629629629629 0.1171875 0.21296296296296297
6 0.44427083333333334 0.3925925925925926 0.10677083333333333 0.1814814814814815
0 0.9515625 0.3925925925925926 0.14739583333333334 0.4027777777777778
3 0.8005208333333333 0.8222222222222222 0.0859375 0.21481481481481482
6 0.37916666666666665 0.525 0.115625 0.22407407407407406
6 0.3854166666666667 0.45092592592592595 0.08958333333333333 0.1675925925925926
4 0.2604166666666667 0.09351851851851851 0.10364583333333334 0.1814814814814815
2 0.5427083333333333 0.9444444444444444 0.0875 0.14537037037037037
2 0.7182291666666667 0.5064814814814815 0.06302083333333333 0.09259259259259259
6 0.515625 0.3888888888888889 0.0984375 0.16203703703703703
