6 0.3875 0.47314814814814815 0.06458333333333334 0.1574074074074074
1 0.2734375 0.22685185185185186 0.042708333333333334 0.11203703703703703
6 0.27447916666666666 0.2796296296296296 0.1140625 0.1824074074074074
6 0.3651041666666667 0.4648148148148148 0.058854166666666666 0.09259259259259259
3 0.45729166666666665 0.8222222222222222 0.071875 0.16296296296296298
3 0.3177083333333333 0.4305555555555556 0.0953125 0.20833333333333334
4 0.8484375 0.25462962962962965 0.09791666666666667 0.23148148148148148
4 0.9421875 0.8564814814814815 0.06979166666666667 0.20833333333333334
6 0.4322916666666667 0.19907407407407407 0.14427083333333332 0.23148148148148148
5 0.95 0.8268518518518518 0.10885416666666667 0.33240740740740743
6 0.44427083333333334 0.6138888888888889 0.1671875 0.29259259259259257
3 0.2984375 0.4787037037037037 0.06510416666666667 0.16666666666666666
2 0.3046875 0.37962962962962965 0.058333333333333334 0.13796296296296295
