2 0.5932291666666667 0.674074074074074 0.08958333333333333 0.14907407407407408
4 0.190625 0.08425925925925926 0.06510416666666667 0.17777777777777778
6 0.3932291666666667 0.5824074074074074 0.06145833333333333 0.10648148148148148
6 0.47291666666666665 0.8064814814814815 0.0765625 0.11574074074074074
1 0.4432291666666667 0.4444444444444444 0.11927083333333334 0.25092592592592594
6 0.4864583333333333 0.5842592592592593 0.16041666666666668 0.30462962962962964
2 0.6109375 0.9361111111111111 0.10104166666666667 0.13333333333333333
4 0.628125 0.28703703703703703 0.09010416666666667 0.17407407407407408
6 0.20885416666666667 0.8361111111111111 0.12291666666666666 0.2564814814814815
2 0.44166666666666665 0.8398148148148148 0.08802083333333334 0.1537037037037037
3 0.40572916666666664 0.6157407407407407 0.11354166666666667 0.1648148148148148
1 0.4895833333333333 0.5574074074074075 0.10104166666666667 0.18703703703703703
