6 0.43645833333333334 0.7435185185185185 0.1078125 0.16203703703703703
4 0.8953125 0.625 0.0875 0.19166666666666668
6 0.3494791666666667 0.275 0.14583333333333334 0.25462962962962965
3 0.4484375 0.3888888888888889 0.0953125 0.20555555555555555
2 0.5041666666666667 0.3527777777777778 0.12135416666666667 0.1712962962962963
6 0.4479166666666667 0.18425925925925926 0.08072916666666667 0.12037037037037036
6 0.4453125 0.40925925925925927 0.11458333333333333 0.14351851851851852
1 0.39895833333333336 0.3435185185185185 0.090625 0.2601851851851852
2 0.18385416666666668 0.24259259259259258 0.08854166666666667 0.14629629629629629
5 0.9713541666666666 0.7537037037037037 0.13385416666666666 0.3712962962962963
2 0.3078125 0.19814814814814816 0.08958333333333333 0.15555555555555556
6 0.29635416666666664 0.4361111111111111 0.12864583333333332 0.21574074074074073
