7 0.5354166666666667 0.975 0.08229166666666667 0.17777777777777778
1 0.5510416666666667 0.5962962962962963 0.12604166666666666 0.21203703703703702
6 0.47291666666666665 0.5712962962962963 0.11614583333333334 0.16018518518518518
6 0.4265625 0.4388888888888889 0.07291666666666667 0.09259259259259259
4 0.3484375 0.22037037037037038 0.06979166666666667 0.2074074074074074
7 0.5 0.8768518518518519 0.0859375 0.175
4 0.4 0.4527777777777778 0.10729166666666666 0.19537037037037036
6 0.2109375 0.7444444444444445 0.06927083333333334 0.1175925925925926
3 0.6067708333333334 0.6185185185185185 0.0515625 0.1259259259259259
1 0.5526041666666667 0.6129629629629629 0.109375 0.18518518518518517
