6 0.16822916666666668 0.5879629629629629 0.05416666666666667 0.09259259259259259
6 0.2625 0.8583333333333333 0.11979166666666667 0.21203703703703702
6 0.20260416666666667 0.5361111111111111 0.06666666666666667 0.14629629629629629
1 0.25729166666666664 0.7046296296296296 0.08958333333333333 0.18888888888888888
1 0.07864583333333333 0.7351851851851852 0.07135416666666666 0.1398148148148148
2 0.17552083333333332 0.7416666666666667 0.06614583333333333 0.15185185185185185
6 0.30572916666666666 0.774074074074074 0.13177083333333334 0.23981481481481481
1 0.21302083333333333 0.6333333333333333 0.08489583333333334 0.17962962962962964
6 0.353125 0.6574074074074074 0.11145833333333334 0.1675925925925926
2 0.1546875 0.8074074074074075 0.08229166666666667 0.1259259259259259
