6 0.2713541666666667 0.5157407407407407 0.11041666666666666 0.13518518518518519
1 0.41302083333333334 0.6805555555555556 0.06770833333333333 0.13148148148148148
4 0.5942708333333333 0.29074074074074074 0.06979166666666667 0.18425925925925926
6 0.15989583333333332 0.7268518518518519 0.0796875 0.13240740740740742
4 0.5755208333333334 0.7055555555555556 0.07864583333333333 0.1388888888888889
2 0.044270833333333336 0.5638888888888889 0.121875 0.175
2 0.07135416666666666 0.37037037037037035 0.10885416666666667 0.16111111111111112
1 0.13802083333333334 0.35185185185185186 0.14166666666666666 0.26666666666666666
1 0.35625 0.6527777777777778 0.07447916666666667 0.16666666666666666
6 0.42916666666666664 0.28703703703703703 0.11458333333333333 0.19814814814814816
6 0.359375 0.3787037037037037 0.07864583333333333 0.14351851851851852
