1 0.25729166666666664 0.49537037037037035 0.09322916666666667 0.21296296296296297
6 0.103125 0.36666666666666664 0.09010416666666667 0.17592592592592593
2 0.078125 0.32592592592592595 0.06302083333333333 0.14814814814814814
6 0.06354166666666666 0.5648148148148148 0.078125 0.1527777777777778
6 0.22604166666666667 0.22870370370370371 0.18020833333333333 0.26481481481481484
4 0.19114583333333332 0.6101851851851852 0.046875 0.1537037037037037
1 0.16927083333333334 0.2824074074074074 0.0890625 0.22314814814814815
0 0.37916666666666665 0.4212962962962963 0.13125 0.30277777777777776
3 0.2947916666666667 0.36574074074074076 0.0734375 0.08888888888888889
3 0.23541666666666666 0.4546296296296296 0.07864583333333333 0.15185185185185185
4 0.09947916666666666 0.462037037037037 0.0796875 0.18981481481481483
6 0.11354166666666667 0.41203703703703703 0.0546875 0.10277777777777777
