4 0.6421875 0.7231481481481481 0.10260416666666666 0.2037037037037037
7 0.8848958333333333 0.04351851851851852 0.06666666666666667 0.18981481481481483
1 0.4588541666666667 0.825 0.1359375 0.25
1 0.23072916666666668 0.9768518518518519 0.11927083333333334 0.2462962962962963
6 0.3020833333333333 0.7425925925925926 0.13125 0.22870370370370371
6 0.20989583333333334 0.9935185185185185 0.09895833333333333 0.17777777777777778
6 0.21822916666666667 0.8768518518518519 0.103125 0.29444444444444445
1 0.37864583333333335 0.8555555555555555 0.09947916666666666 0.18888888888888888
1 0.5317708333333333 0.7768518518518519 0.134375 0.25
3 0.35052083333333334 0.6157407407407407 0.09322916666666667 0.11388888888888889
6 0.3703125 0.5481481481481482 0.071875 0.1388888888888889
4 0.9708333333333333 0.4074074074074074 0.0578125 0.18055555555555555
