1 0.6625 0.6138888888888889 0.12239583333333333 0.21203703703703702
3 0.7463541666666667 0.6083333333333333 0.065625 0.09351851851851851
1 0.71875 0.27870370370370373 0.03958333333333333 0.1037037037037037
1 0.49270833333333336 0.9333333333333333 0.08541666666666667 0.1638888888888889
6 0.8192708333333333 0.3962962962962963 0.1390625 0.23796296296296296
1 0.5723958333333333 0.9027777777777778 0.1328125 0.30833333333333335
3 0.7458333333333333 0.45092592592592595 0.04375 0.1
6 0.528125 0.5166666666666667 0.065625 0.10462962962962963
6 0.696875 0.7333333333333333 0.08072916666666667 0.1361111111111111
4 0.9333333333333333 0.2175925925925926 0.0625 0.2037037037037037
2 0.7145833333333333 0.5444444444444444 0.06614583333333333 0.14722222222222223
5 0.20364583333333333 0.3768518518518518 0.15208333333333332 0.4537037037037037
