5 0.34375 0.16574074074074074 0.11302083333333333 0.31851851851851853
2 0.6828125 0.5416666666666666 0.06145833333333333 0.1037037037037037
4 0.06145833333333333 0.9981481481481481 0.10364583333333334 0.11666666666666667
1 0.6036458333333333 0.2814814814814815 0.09114583333333333 0.20925925925925926
1 0.7677083333333333 0.5305555555555556 0.0921875 0.2064814814814815
3 0.7322916666666667 0.5555555555555556 0.058333333333333334 0.09722222222222222
2 0.6953125 0.5324074074074074 0.058333333333333334 0.08148148148148149
6 0.7828125 0.3611111111111111 0.1046875 0.1814814814814815
7 0.2609375 0.24259259259259258 0.10729166666666666 0.23425925925925925
4 0.8364583333333333 0.5472222222222223 0.0640625 0.16944444444444445
3 0.6161458333333333 0.2 0.044270833333333336 0.10555555555555556
