3 0.7802083333333333 0.4111111111111111 0.05520833333333333 0.08703703703703704
7 0.16666666666666666 0.8324074074074074 0.0734375 0.18425925925925926
3 0.46041666666666664 0.7648148148148148 0.0796875 0.1259259259259259
4 0.0859375 0.6814814814814815 0.0984375 0.19814814814814816
2 0.6380208333333334 0.6 0.14322916666666666 0.28055555555555556
3 0.5880208333333333 0.27870370370370373 0.0703125 0.11203703703703703
6 0.775 0.612037037037037 0.06875 0.1259259259259259
4 0.6197916666666666 0.08425925925925926 0.06770833333333333 0.19907407407407407
6 0.703125 0.7657407407407407 0.09635416666666667 0.17037037037037037
6 0.7171875 0.7129629629629629 0.09114583333333333 0.1574074074074074
3 0.6427083333333333 0.41759259259259257 0.0359375 0.08425925925925926
