6 0.6375 0.575925925925926 0.14791666666666667 0.2675925925925926
6 0.6760416666666667 0.14537037037037037 0.10520833333333333 0.15648148148148147
3 0.6067708333333334 0.6481481481481481 0.0796875 0.08703703703703704
4 0.43020833333333336 0.0712962962962963 0.06354166666666666 0.16574074074074074
2 0.7885416666666667 0.8416666666666667 0.0984375 0.15092592592592594
4 0.9286458333333333 0.7592592592592593 0.09947916666666666 0.18518518518518517
7 0.478125 0.3425925925925926 0.12552083333333333 0.16944444444444445
6 0.8005208333333333 0.5703703703703704 0.07760416666666667 0.1287037037037037
3 0.8296875 0.6175925925925926 0.05520833333333333 0.09444444444444444
3 0.5895833333333333 0.43703703703703706 0.07291666666666667 0.10833333333333334
