4 0.428125 0.24074074074074073 0.0765625 0.1824074074074074
0 0.6708333333333333 0.7305555555555555 0.14375 0.5435185185185185
6 0.4171875 0.5944444444444444 0.071875 0.1425925925925926
6 0.46197916666666666 0.2601851851851852 0.12760416666666666 0.22777777777777777
3 0.5630208333333333 0.6268518518518519 0.0734375 0.1388888888888889
2 0.19479166666666667 0.6851851851851852 0.1296875 0.22685185185185186
6 0.3140625 0.43796296296296294 0.08072916666666667 0.12685185185185185
6 0.3171875 0.3888888888888889 0.18177083333333333 0.2935185185185185
6 0.24739583333333334 0.49166666666666664 0.0875 0.14907407407407408
6 0.4114583333333333 0.47129629629629627 0.0734375 0.12685185185185185
1 0.5859375 0.5212962962962963 0.0640625 0.1425925925925926
