3 0.39427083333333335 0.5157407407407407 0.0375 0.07037037037037037
4 0.578125 0.7018518518518518 0.09791666666666667 0.11296296296296296
2 0.6375 0.8351851851851851 0.125 0.2222222222222222
6 0.5151041666666667 0.35 0.07708333333333334 0.12407407407407407
3 0.5463541666666667 0.5861111111111111 0.0453125 0.10740740740740741
6 0.5322916666666667 0.5666666666666667 0.09791666666666667 0.18425925925925926
6 0.5510416666666667 0.5287037037037037 0.13229166666666667 0.2601851851851852
6 0.42083333333333334 0.6731481481481482 0.11770833333333333 0.2388888888888889
6 0.45416666666666666 0.6907407407407408 0.08854166666666667 0.15555555555555556
4 0.8703125 0.12407407407407407 0.06979166666666667 0.12407407407407407
