1 0.23333333333333334 0.2814814814814815 0.08802083333333334 0.16666666666666666
7 0.19583333333333333 0.9037037037037037 0.10052083333333334 0.20555555555555555
6 0.17447916666666666 0.3388888888888889 0.084375 0.14537037037037037
4 0.20729166666666668 0.425 0.071875 0.22314814814814815
2 0.2911458333333333 0.6268518518518519 0.046875 0.08611111111111111
4 0.4578125 0.4398148148148148 0.06927083333333334 0.18611111111111112
1 0.09791666666666667 0.017592592592592594 0.12395833333333334 0.20462962962962963
6 0.24583333333333332 0.4074074074074074 0.1328125 0.1787037037037037
1 0.3046875 0.7074074074074074 0.0578125 0.12129629629629629
0 0.11666666666666667 0.7768518518518519 0.11458333333333333 0.4722222222222222
2 0.41822916666666665 0.47129629629629627 0.071875 0.1111111111111111
7 0.5192708333333333 0.5962962962962963 0.0984375 0.2074074074074074
