6 0.2911458333333333 0.41944444444444445 0.09947916666666666 0.287962962962963
1 0.7203125 0.8453703703703703 0.12447916666666667 0.2175925925925926
6 0.5369791666666667 0.5527777777777778 0.11197916666666667 0.12962962962962962
6 0.6609375 0.8064814814814815 0.12135416666666667 0.21574074074074073
1 0.35052083333333334 0.575 0.11770833333333333 0.26944444444444443
6 0.42552083333333335 0.5361111111111111 0.0609375 0.09537037037037037
4 0.5703125 0.637962962962963 0.08541666666666667 0.13333333333333333
4 0.27447916666666666 0.36666666666666664 0.090625 0.21944444444444444
3 0.3026041666666667 0.4111111111111111 0.06510416666666667 0.12407407407407407
2 0.571875 0.44814814814814813 0.06770833333333333 0.1388888888888889
7 0.6671875 0.6314814814814815 0.10052083333333334 0.25555555555555554
6 0.46927083333333336 0.612037037037037 0.11197916666666667 0.18981481481481483
6 0.7140625 0.5453703703703704 0.058333333333333334 0.0787037037037037
