2 0.5432291666666667 0.25462962962962965 0.0953125 0.1574074074074074
4 0.7052083333333333 0.7962962962962963 0.078125 0.16018518518518518
2 0.5578125 0.5324074074074074 0.1390625 0.14907407407407408
2 0.22864583333333333 0.14351851851851852 0.10625 0.19166666666666668
7 0.3333333333333333 0.6287037037037037 0.090625 0.16018518518518518
2 0.5817708333333333 0.6138888888888889 0.065625 0.15648148148148147
2 0.34375 0.6046296296296296 0.058854166666666666 0.10185185185185185
6 0.2916666666666667 0.3 0.1265625 0.22592592592592592
7 0.39479166666666665 0.5370370370370371 0.08385416666666666 0.1935185185185185
6 0.3328125 0.46111111111111114 0.08541666666666667 0.13796296296296295
6 0.515625 0.5314814814814814 0.09114583333333333 0.1361111111111111
4 0.8421875 0.7361111111111112 0.0765625 0.1388888888888889
2 0.5744791666666667 0.3148148148148148 0.07552083333333333 0.12685185185185185
