3 0.21770833333333334 0.2388888888888889 0.0546875 0.08888888888888889
2 0.27395833333333336 0.5907407407407408 0.09895833333333333 0.125
7 0.165625 0.7944444444444444 0.07864583333333333 0.16666666666666666
5 0.43072916666666666 0.7611111111111111 0.11822916666666666 0.3138888888888889
3 0.15989583333333332 0.4666666666666667 0.08697916666666666 0.27314814814814814
3 0.0578125 0.3611111111111111 0.078125 0.18518518518518517
7 0.8630208333333333 0.10648148148148148 0.078125 0.14814814814814814
2 0.4473958333333333 0.6324074074074074 0.12083333333333333 0.19166666666666668
4 0.14739583333333334 0.8240740740740741 0.08125 0.21851851851851853
1 0.12135416666666667 0.5018518518518519 0.121875 0.24074074074074073
1 0.29791666666666666 0.4111111111111111 0.07447916666666667 0.20185185185185187
4 0.6895833333333333 0.35185185185185186 0.07916666666666666 0.18518518518518517
