3 0.9932291666666667 0.21944444444444444 0.035416666666666666 0.09074074074074075
2 0.7307291666666667 0.05092592592592592 0.07291666666666667 0.13240740740740742
6 0.8380208333333333 0.9435185185185185 0.12239583333333333 0.20925925925925926
1 0.7416666666666667 0.39166666666666666 0.14635416666666667 0.3055555555555556
4 0.359375 0.20925925925925926 0.078125 0.14907407407407408
6 0.715625 0.5787037037037037 0.0984375 0.23796296296296296
1 0.6192708333333333 0.6425925925925926 0.15208333333333332 0.2601851851851852
6 0.7630208333333334 0.3990740740740741 0.059895833333333336 0.1361111111111111
1 0.4661458333333333 0.4537037037037037 0.05416666666666667 0.10462962962962963
2 0.8192708333333333 0.33240740740740743 0.057291666666666664 0.09444444444444444
4 0.7213541666666666 0.4398148148148148 0.11614583333333334 0.22777777777777777
