6 0.3333333333333333 0.537962962962963 0.03177083333333333 0.11851851851851852
4 0.9364583333333333 0.3435185185185185 0.06666666666666667 0.1675925925925926
1 0.5447916666666667 0.32037037037037036 0.07083333333333333 0.1388888888888889
6 0.5875 0.3111111111111111 0.1046875 0.17314814814814813
6 0.3260416666666667 0.19444444444444445 0.10416666666666667 0.1675925925925926
4 0.4739583333333333 0.38796296296296295 0.05572916666666667 0.1638888888888889
2 0.5473958333333333 0.4222222222222222 0.06510416666666667 0.10740740740740741
6 0.253125 0.1648148148148148 0.0703125 0.12685185185185185
7 0.8734375 0.2537037037037037 0.090625 0.1925925925925926
3 0.7375 0.7527777777777778 0.04739583333333333 0.12314814814814815
1 0.4119791666666667 0.674074074074074 0.0609375 0.13333333333333333
3 0.3885416666666667 0.9175925925925926 0.0796875 0.1814814814814815
