2 0.6104166666666667 0.700925925925926 0.049479166666666664 0.07222222222222222
6 0.5302083333333333 0.5796296296296296 0.12760416666666666 0.20833333333333334
4 0.42135416666666664 0.9435185185185185 0.071875 0.13333333333333333
3 0.50625 0.46296296296296297 0.08645833333333333 0.19814814814814816
6 0.4869791666666667 0.30185185185185187 0.12760416666666666 0.18333333333333332
3 0.5140625 0.4685185185185185 0.07864583333333333 0.17685185185185184
3 0.4453125 0.38425925925925924 0.06145833333333333 0.10277777777777777
7 0.68125 0.04259259259259259 0.08385416666666666 0.2175925925925926
4 0.3703125 0.5583333333333333 0.13020833333333334 0.225
7 0.5598958333333334 0.41203703703703703 0.078125 0.13333333333333333
3 0.5270833333333333 0.5564814814814815 0.08385416666666666 0.14907407407407408
6 0.5140625 0.49907407407407406 0.06458333333333334 0.1111111111111111
6 0.36822916666666666 0.9537037037037037 0.08072916666666667 0.14166666666666666
6 0.6067708333333334 0.3925925925925926 0.15208333333333332 0.26481481481481484
