4 0.4161458333333333 0.024074074074074074 0.109375 0.15555555555555556
6 0.3333333333333333 0.24722222222222223 0.0765625 0.12685185185185185
6 0.32864583333333336 0.7324074074074074 0.09895833333333333 0.16111111111111112
0 0.9291666666666667 0.5287037037037037 0.10416666666666667 0.29907407407407405
2 0.0421875 0.49074074074074076 0.090625 0.13518518518518519
6 0.196875 0.3907407407407407 0.14479166666666668 0.19074074074074074
2 0.16979166666666667 0.46574074074074073 0.08645833333333333 0.13333333333333333
2 0.290625 0.7018518518518518 0.06875 0.1111111111111111
1 0.1953125 0.7888888888888889 0.071875 0.175
1 0.29270833333333335 0.2962962962962963 0.06770833333333333 0.1425925925925926
6 0.06197916666666667 0.5083333333333333 0.1375 0.23055555555555557
