4 0.9703125 0.475 0.11354166666666667 0.18703703703703703
7 0.8010416666666667 0.462037037037037 0.07291666666666667 0.20185185185185187
4 0.8192708333333333 0.4009259259259259 0.10364583333333334 0.22685185185185186
6 0.16197916666666667 0.962037037037037 0.07552083333333333 0.13240740740740742
6 0.22916666666666666 0.4101851851851852 0.12395833333333334 0.2037037037037037
6 0.0859375 0.7351851851851852 0.09166666666666666 0.17407407407407408
6 0.4817708333333333 0.4925925925925926 0.040625 0.10648148148148148
6 0.3333333333333333 0.3861111111111111 0.16979166666666667 0.2833333333333333
6 0.37864583333333335 0.24814814814814815 0.11666666666666667 0.2898148148148148
3 0.18645833333333334 0.662962962962963 0.053125 0.14351851851851852
