1 0.48541666666666666 0.3712962962962963 0.10208333333333333 0.20925925925925926
1 0.31614583333333335 0.30277777777777776 0.06302083333333333 0.13148148148148148
6 0.3338541666666667 0.19074074074074074 0.1828125 0.2675925925925926
1 0.3697916666666667 0.6814814814814815 0.07552083333333333 0.15648148148148147
2 0.6375 0.7481481481481481 0.10416666666666667 0.1787037037037037
4 0.7640625 0.325 0.08958333333333333 0.18796296296296297
6 0.30416666666666664 0.06481481481481481 0.08177083333333333 0.1537037037037037
6 0.42239583333333336 0.7435185185185185 0.15 0.23796296296296296
6 0.42135416666666664 0.6296296296296297 0.10260416666666666 0.15185185185185185
6 0.3255208333333333 0.5509259259259259 0.14635416666666667 0.24351851851851852
4 0.6041666666666666 0.7518518518518519 0.1171875 0.21296296296296297
6 0.2796875 0.5416666666666666 0.07135416666666666 0.10833333333333334
