6 0.3619791666666667 0.9833333333333333 0.14947916666666666 0.2777777777777778
7 0.5005208333333333 0.24351851851851852 0.08125 0.2759259259259259
7 0.06927083333333334 0.5296296296296297 0.05572916666666667 0.13703703703703704
6 0.10885416666666667 0.9518518518518518 0.06979166666666667 0.14629629629629629
6 0.09583333333333334 0.26481481481481484 0.16822916666666668 0.28888888888888886
4 0.04895833333333333 0.35 0.06197916666666667 0.14629629629629629
6 0.3848958333333333 0.2796296296296296 0.06770833333333333 0.12777777777777777
6 0.15625 0.5407407407407407 0.178125 0.24444444444444444
6 0.019791666666666666 0.9333333333333333 0.11145833333333334 0.16296296296296298
4 0.2708333333333333 0.8148148148148148 0.0921875 0.19166666666666668
6 0.19895833333333332 0.3425925925925926 0.15 0.25833333333333336
