7 0.4401041666666667 0.9657407407407408 0.06770833333333333 0.1935185185185185
4 0.8671875 0.21666666666666667 0.11197916666666667 0.2101851851851852
3 0.30052083333333335 0.06574074074074074 0.06979166666666667 0.15555555555555556
6 0.4828125 0.9601851851851851 0.084375 0.14907407407407408
0 0.3963541666666667 0.6972222222222222 0.115625 0.3055555555555556
3 0.40208333333333335 0.2824074074074074 0.06927083333333334 0.15462962962962962
4 0.45208333333333334 0.04814814814814815 0.07291666666666667 0.1675925925925926
3 0.16666666666666666 0.26666666666666666 0.06510416666666667 0.13796296296296295
1 0.35833333333333334 0.1824074074074074 0.0515625 0.13240740740740742
6 0.14114583333333333 0.7166666666666667 0.18697916666666667 0.2722222222222222
2 0.4203125 0.5009259259259259 0.1171875 0.19907407407407407
1 0.4432291666666667 0.49444444444444446 0.06770833333333333 0.17037037037037037
7 0.46770833333333334 0.9675925925925926 0.06979166666666667 0.11944444444444445
