1 0.8838541666666667 0.562037037037037 0.115625 0.2564814814814815
6 0.8296875 0.5592592592592592 0.06510416666666667 0.1425925925925926
6 0.6880208333333333 0.3296296296296296 0.07135416666666666 0.15648148148148147
6 0.8104166666666667 0.42777777777777776 0.09739583333333333 0.15
6 0.7619791666666667 0.8027777777777778 0.08020833333333334 0.15648148148148147
6 0.8541666666666666 0.7027777777777777 0.07239583333333334 0.13055555555555556
0 0.32447916666666665 0.09351851851851851 0.16927083333333334 0.4361111111111111
2 0.8203125 0.6064814814814815 0.06770833333333333 0.12407407407407407
3 0.9057291666666667 0.9462962962962963 0.059375 0.11203703703703703
4 0.32864583333333336 0.4203703703703704 0.09322916666666667 0.15833333333333333
6 0.8807291666666667 0.48333333333333334 0.1875 0.30833333333333335
1 0.9401041666666666 0.5425925925925926 0.1078125 0.225
