0 0.3625 0.5018518518518519 0.17864583333333334 0.4787037037037037
2 0.4828125 0.5657407407407408 0.058333333333333334 0.11296296296296296
6 0.6260416666666667 0.39166666666666666 0.059375 0.125
2 0.48541666666666666 0.36018518518518516 0.12239583333333333 0.19166666666666668
1 0.4088541666666667 0.7 0.09791666666666667 0.2361111111111111
4 0.51875 0.4777777777777778 0.0953125 0.17592592592592593
1 0.5166666666666667 0.4425925925925926 0.059375 0.125
2 0.44583333333333336 0.45092592592592595 0.11510416666666666 0.21481481481481482
1 0.6890625 0.20462962962962963 0.0734375 0.1425925925925926
3 0.42864583333333334 0.35462962962962963 0.09322916666666667 0.17777777777777778
4 0.4671875 0.987037037037037 0.078125 0.18611111111111112
3 0.4875 0.9583333333333334 0.075 0.1787037037037037
3 0.3807291666666667 0.5666666666666667 0.05677083333333333 0.11574074074074074
