1 0.3072916666666667 0.549074074074074 0.12291666666666666 0.25833333333333336
6 0.36302083333333335 0.7231481481481481 0.15260416666666668 0.21481481481481482
2 0.46822916666666664 0.3398148148148148 0.07708333333333334 0.11388888888888889
4 0.9541666666666667 0.20925925925925926 0.09947916666666666 0.21944444444444444
7 0.671875 0.6018518518518519 0.10364583333333334 0.18611111111111112
2 0.3614583333333333 0.12407407407407407 0.09375 0.19166666666666668
6 0.25416666666666665 0.3787037037037037 0.075 0.14074074074074075
7 0.4869791666666667 0.22870370370370371 0.0875 0.16296296296296298
4 0.33125 0.9444444444444444 0.09947916666666666 0.22777777777777777
6 0.35 0.1814814814814815 0.12604166666666666 0.15462962962962962
6 0.41875 0.35648148148148145 0.125 0.19074074074074074
1 0.33541666666666664 0.5175925925925926 0.13802083333333334 0.2518518518518518
