6 0.31302083333333336 0.49444444444444446 0.125 0.24722222222222223
6 0.1375 0.4537037037037037 0.07708333333333334 0.1287037037037037
6 0.3390625 0.7222222222222222 0.0890625 0.1574074074074074
7 0.26197916666666665 0.6240740740740741 0.0625 0.17777777777777778
7 0.12239583333333333 0.7305555555555555 0.10260416666666666 0.125
2 0.24895833333333334 0.7675925925925926 0.11770833333333333 0.14907407407407408
2 0.3072916666666667 0.65 0.109375 0.18518518518518517
3 0.203125 0.6287037037037037 0.075 0.17592592592592593
4 0.9416666666666667 0.24814814814814815 0.06302083333333333 0.19907407407407407
6 0.27708333333333335 0.27314814814814814 0.13177083333333334 0.23148148148148148
4 0.3140625 0.010185185185185186 0.07708333333333334 0.18333333333333332
1 0.22239583333333332 0.6305555555555555 0.059895833333333336 0.12222222222222222
