6 0.6588541666666666 0.7342592592592593 0.10885416666666667 0.18796296296296297
5 0.4390625 0.7851851851851852 0.14375 0.33425925925925926
6 0.6432291666666666 0.7462962962962963 0.12447916666666667 0.20092592592592592
6 0.4713541666666667 0.4166666666666667 0.09895833333333333 0.175
4 0.3458333333333333 0.687962962962963 0.0890625 0.15185185185185185
4 0.7447916666666666 0.4444444444444444 0.08385416666666666 0.25462962962962965
2 0.5921875 0.5935185185185186 0.078125 0.17222222222222222
2 0.7682291666666666 0.5055555555555555 0.08802083333333334 0.14629629629629629
6 0.7083333333333334 0.5472222222222223 0.07552083333333333 0.1361111111111111
6 0.33697916666666666 0.850925925925926 0.10364583333333334 0.19722222222222222
2 0.7859375 0.4861111111111111 0.11875 0.17407407407407408
6 0.6161458333333333 0.30092592592592593 0.11354166666666667 0.18518518518518517
6 0.6151041666666667 0.47129629629629627 0.16875 0.2722222222222222
