2 0.7619791666666667 0.39537037037037037 0.06822916666666666 0.09537037037037037
3 0.6729166666666667 0.44074074074074077 0.103125 0.13333333333333333
6 0.64375 0.6231481481481481 0.1265625 0.21388888888888888
7 0.3697916666666667 0.27314814814814814 0.09322916666666667 0.17962962962962964
4 0.5755208333333334 0.5657407407407408 0.0546875 0.16666666666666666
6 0.7541666666666667 0.2175925925925926 0.17447916666666666 0.33055555555555555
4 0.534375 0.812962962962963 0.07864583333333333 0.17314814814814813
1 0.9166666666666666 0.5324074074074074 0.11197916666666667 0.23333333333333334
2 0.8875 0.012962962962962963 0.10104166666666667 0.12685185185185185
0 0.996875 0.1712962962962963 0.18229166666666666 0.4666666666666667
3 0.5744791666666667 0.03425925925925926 0.07552083333333333 0.11481481481481481
7 0.9541666666666667 0.8027777777777778 0.06197916666666667 0.14351851851851852
6 0.9963541666666667 0.14074074074074075 0.12760416666666666 0.19722222222222222
3 0.721875 0.45092592592592595 0.04791666666666667 0.10925925925925926
