6 0.33125 0.46111111111111114 0.1296875 0.22870370370370371
1 0.4739583333333333 0.6018518518518519 0.07239583333333334 0.14444444444444443
6 0.4119791666666667 0.5990740740740741 0.1125 0.16574074074074074
2 0.0953125 0.7333333333333333 0.09114583333333333 0.15833333333333333
4 0.5875 0.7592592592592593 0.09114583333333333 0.17592592592592593
1 0.1796875 0.4722222222222222 0.12135416666666667 0.2361111111111111
6 0.35833333333333334 0.600925925925926 0.13385416666666666 0.22314814814814815
1 0.10364583333333334 0.7564814814814815 0.07135416666666666 0.14351851851851852
6 0.19947916666666668 0.8157407407407408 0.1453125 0.19907407407407407
3 0.4427083333333333 0.48518518518518516 0.07083333333333333 0.1425925925925926
