1 0.0953125 0.4148148148148148 0.10260416666666666 0.23333333333333334
6 0.2916666666666667 0.4009259259259259 0.07760416666666667 0.11203703703703703
3 0.2 0.6731481481481482 0.06510416666666667 0.10925925925925926
1 0.39791666666666664 0.06759259259259259 0.065625 0.14629629629629629
6 0.2484375 0.4185185185185185 0.0859375 0.1425925925925926
6 0.16041666666666668 0.27685185185185185 0.08697916666666666 0.14351851851851852
1 0.2552083333333333 0.5296296296296297 0.12135416666666667 0.262037037037037
2 0.3411458333333333 0.5833333333333334 0.04895833333333333 0.07962962962962963
1 0.20416666666666666 0.4064814814814815 0.04739583333333333 0.1361111111111111
3 0.24479166666666666 0.5231481481481481 0.05416666666666667 0.16018518518518518
