3 0.22864583333333333 0.1685185185185185 0.096875 0.17222222222222222
1 0.4859375 0.5972222222222222 0.09583333333333334 0.19722222222222222
2 0.2953125 0.5833333333333334 0.11770833333333333 0.2222222222222222
6 0.346875 0.7305555555555555 0.06614583333333333 0.11574074074074074
4 0.43802083333333336 0.48333333333333334 0.10208333333333333 0.20092592592592592
6 0.346875 0.7787037037037037 0.06927083333333334 0.12407407407407407
6 0.45208333333333334 0.09722222222222222 0.11458333333333333 0.23148148148148148
0 0.7942708333333334 0.8722222222222222 0.11666666666666667 0.5009259259259259
6 0.3651041666666667 0.49907407407407406 0.146875 0.26481481481481484
2 0.11875 0.49074074074074076 0.07291666666666667 0.10833333333333334
6 0.35104166666666664 0.7777777777777778 0.0953125 0.21296296296296297
