2 0.6135416666666667 0.6064814814814815 0.06666666666666667 0.10277777777777777
6 0.5145833333333333 0.5416666666666666 0.06979166666666667 0.14166666666666666
6 0.6786458333333333 0.37037037037037035 0.08802083333333334 0.17962962962962964
3 0.7817708333333333 0.9324074074074075 0.1 0.20277777777777778
1 0.7145833333333333 0.712037037037037 0.10208333333333333 0.18055555555555555
6 0.7489583333333333 0.5833333333333334 0.07135416666666666 0.12314814814814815
1 0.8859375 0.7138888888888889 0.06354166666666666 0.1388888888888889
6 0.6067708333333334 0.7203703703703703 0.06770833333333333 0.09722222222222222
3 0.6572916666666667 0.5055555555555555 0.0921875 0.125
2 0.5739583333333333 0.5916666666666667 0.0625 0.10185185185185185
4 0.30052083333333335 0.09166666666666666 0.08072916666666667 0.17314814814814813
