6 0.6302083333333334 0.4324074074074074 0.07447916666666667 0.11388888888888889
2 0.4484375 0.14629629629629629 0.096875 0.14444444444444443
1 0.2911458333333333 0.22777777777777777 0.07083333333333333 0.15925925925925927
2 0.3458333333333333 0.29907407407407405 0.084375 0.14907407407407408
4 0.6791666666666667 0.1925925925925926 0.06666666666666667 0.1824074074074074
6 0.4791666666666667 0.7314814814814815 0.084375 0.13425925925925927
0 0.8567708333333334 0.6898148148148148 0.13802083333333334 0.5435185185185185
3 0.46979166666666666 0.3537037037037037 0.0390625 0.08981481481481482
3 0.528125 0.6861111111111111 0.0515625 0.10555555555555556
3 0.7359375 0.575 0.11041666666666666 0.18888888888888888
