4 0.9119791666666667 0.49166666666666664 0.08333333333333333 0.12685185185185185
1 0.3015625 0.4361111111111111 0.15 0.2675925925925926
5 0.27760416666666665 0.9601851851851851 0.10625 0.287962962962963
6 0.496875 0.4962962962962963 0.09739583333333333 0.14814814814814814
3 0.334375 0.5148148148148148 0.08072916666666667 0.17314814814814813
1 0.2994791666666667 0.4981481481481482 0.1546875 0.26666666666666666
3 0.43385416666666665 0.4212962962962963 0.08958333333333333 0.1527777777777778
3 0.4739583333333333 0.24259259259259258 0.057291666666666664 0.13333333333333333
3 0.5354166666666667 0.1537037037037037 0.08541666666666667 0.11388888888888889
4 0.590625 0.7157407407407408 0.06927083333333334 0.2
2 0.4421875 0.3138888888888889 0.0609375 0.08055555555555556
