3 0.4666666666666667 0.6574074074074074 0.0390625 0.07592592592592592
2 0.38645833333333335 0.49722222222222223 0.06822916666666666 0.09351851851851851
1 0.4395833333333333 0.37407407407407406 0.0734375 0.2101851851851852
1 0.5213541666666667 0.5990740740740741 0.10208333333333333 0.25925925925925924
6 0.17239583333333333 0.5453703703703704 0.13958333333333334 0.1925925925925926
6 0.4421875 0.5712962962962963 0.11510416666666666 0.17407407407407408
3 0.428125 0.5842592592592593 0.0875 0.17592592592592593
3 0.37604166666666666 0.3731481481481482 0.11666666666666667 0.24537037037037038
3 0.4192708333333333 0.5305555555555556 0.0953125 0.17777777777777778
6 0.759375 0.4722222222222222 0.049479166666666664 0.14351851851851852
