3 0.4427083333333333 0.6981481481481482 0.058854166666666666 0.17037037037037037
1 0.071875 0.42314814814814816 0.103125 0.19444444444444445
7 0.95 0.3509259259259259 0.052083333333333336 0.1638888888888889
1 0.22708333333333333 0.8694444444444445 0.07708333333333334 0.17037037037037037
3 0.24739583333333334 0.18333333333333332 0.0859375 0.16944444444444445
2 0.3885416666666667 0.612037037037037 0.11302083333333333 0.1962962962962963
6 0.35052083333333334 0.5574074074074075 0.05572916666666667 0.08333333333333333
4 0.303125 0.1648148148148148 0.08125 0.17962962962962964
4 0.7375 0.9277777777777778 0.07135416666666666 0.19907407407407407
6 0.2520833333333333 0.47129629629629627 0.06927083333333334 0.10185185185185185
2 0.46510416666666665 0.7722222222222223 0.09895833333333333 0.17407407407407408
6 0.321875 0.700925925925926 0.1390625 0.25277777777777777
1 0.3541666666666667 0.362962962962963 0.05572916666666667 0.1425925925925926
