4 0.03333333333333333 0.01574074074074074 0.1078125 0.24074074074074073
6 0.54375 0.7675925925925926 0.06875 0.12314814814814815
6 0.6307291666666667 0.7796296296296297 0.115625 0.20462962962962963
1 0.565625 0.5546296296296296 0.07552083333333333 0.1398148148148148
3 0.6828125 0.5944444444444444 0.06354166666666666 0.18333333333333332
6 0.6322916666666667 0.41203703703703703 0.06458333333333334 0.1111111111111111
2 0.6942708333333333 0.8805555555555555 0.05260416666666667 0.08333333333333333
6 0.50625 0.6777777777777778 0.09583333333333334 0.14074074074074075
6 0.6755208333333333 0.5324074074074074 0.10052083333333334 0.16666666666666666
3 0.6057291666666667 0.675 0.109375 0.14814814814814814
0 0.3828125 0.8564814814814815 0.12552083333333333 0.3907407407407407
