6 0.578125 0.40555555555555556 0.12291666666666666 0.17222222222222222
4 0.9177083333333333 0.7611111111111111 0.10677083333333333 0.19907407407407407
3 0.7182291666666667 0.7018518518518518 0.07760416666666667 0.10462962962962963
1 0.503125 0.3296296296296296 0.09583333333333334 0.2611111111111111
7 0.07083333333333333 0.6111111111111112 0.08489583333333334 0.2074074074074074
4 0.7682291666666666 0.37037037037037035 0.10989583333333333 0.15555555555555556
6 0.7286458333333333 0.3055555555555556 0.140625 0.2111111111111111
5 0.8921875 0.021296296296296296 0.10520833333333333 0.30925925925925923
6 0.678125 0.8009259259259259 0.078125 0.13425925925925927
6 0.5932291666666667 0.4388888888888889 0.1046875 0.20185185185185187
2 0.7885416666666667 0.8472222222222222 0.10208333333333333 0.15925925925925927
6 0.5989583333333334 0.5675925925925925 0.11614583333333334 0.23981481481481481
7 0.45260416666666664 0.6240740740740741 0.07239583333333334 0.12685185185185185
