6 0.12552083333333333 0.5648148148148148 0.17395833333333333 0.30277777777777776
6 0.384375 0.7935185185185185 0.096875 0.2222222222222222
4 0.2015625 0.40925925925925927 0.090625 0.20833333333333334
1 0.3375 0.6518518518518519 0.11770833333333333 0.2361111111111111
3 0.103125 0.47962962962962963 0.07760416666666667 0.1287037037037037
3 0.25677083333333334 0.6175925925925926 0.08125 0.13055555555555556
1 0.196875 0.7351851851851852 0.08489583333333334 0.175
1 0.13854166666666667 0.6074074074074074 0.078125 0.21388888888888888
6 0.321875 0.4 0.1421875 0.22962962962962963
3 0.2994791666666667 0.9361111111111111 0.06770833333333333 0.1527777777777778
0 0.825 0.3138888888888889 0.16458333333333333 0.4324074074074074
4 0.1421875 0.21944444444444444 0.09635416666666667 0.1648148148148148
2 0.44427083333333334 0.9083333333333333 0.07291666666666667 0.1175925925925926
