7 0.603125 0.44074074074074077 0.08854166666666667 0.20277777777777778
4 0.5942708333333333 0.9268518518518518 0.0671875 0.19814814814814816
6 0.31979166666666664 0.4537037037037037 0.11041666666666666 0.16944444444444445
2 0.49114583333333334 0.36574074074074076 0.084375 0.1287037037037037
2 0.2703125 0.28703703703703703 0.05260416666666667 0.07777777777777778
3 0.3234375 0.4685185185185185 0.09375 0.22407407407407406
4 0.7765625 0.8046296296296296 0.06822916666666666 0.1962962962962963
6 0.4817708333333333 0.24259259259259258 0.09114583333333333 0.15925925925925927
5 0.840625 0.8157407407407408 0.14479166666666668 0.39166666666666666
7 0.66875 0.9879629629629629 0.115625 0.18981481481481483
