5 0.31875 0.737037037037037 0.19010416666666666 0.425
6 0.6416666666666667 0.4564814814814815 0.10625 0.2064814814814815
7 0.23020833333333332 0.7851851851851852 0.1015625 0.15
3 0.5703125 0.387037037037037 0.053125 0.12037037037037036
1 0.8119791666666667 0.12222222222222222 0.11197916666666667 0.23425925925925925
1 0.6994791666666667 0.2064814814814815 0.078125 0.16574074074074074
7 0.5666666666666667 0.39537037037037037 0.11875 0.2490740740740741
4 0.73125 0.4888888888888889 0.06041666666666667 0.17592592592592593
6 0.646875 0.6694444444444444 0.040625 0.15185185185185185
4 0.28229166666666666 0.6611111111111111 0.06302083333333333 0.17685185185185184
