1 0.5682291666666667 0.4722222222222222 0.12708333333333333 0.26481481481481484
3 0.746875 0.5481481481481482 0.08229166666666667 0.22314814814814815
6 0.6713541666666667 0.5981481481481481 0.0734375 0.16018518518518518
4 0.928125 0.41574074074074074 0.06822916666666666 0.1925925925925926
1 0.671875 0.8138888888888889 0.14114583333333333 0.275
6 0.6109375 0.7861111111111111 0.08177083333333333 0.14907407407407408
2 0.44375 0.7731481481481481 0.08125 0.13148148148148148
6 0.590625 0.7203703703703703 0.08489583333333334 0.1287037037037037
3 0.6802083333333333 0.35648148148148145 0.058333333333333334 0.13703703703703704
2 0.4859375 0.649074074074074 0.078125 0.13518518518518519
6 0.5760416666666667 0.23703703703703705 0.13854166666666667 0.25833333333333336
