6 0.9046875 0.5916666666666667 0.0921875 0.21666666666666667
4 0.41770833333333335 0.9953703703703703 0.10364583333333334 0.2222222222222222
2 0.6729166666666667 0.7129629629629629 0.10260416666666666 0.14166666666666666
2 0.6333333333333333 0.375 0.06510416666666667 0.09444444444444444
6 0.734375 0.11388888888888889 0.07864583333333333 0.12407407407407407
1 0.8239583333333333 0.5685185185185185 0.12552083333333333 0.2222222222222222
6 0.5536458333333333 0.9166666666666666 0.146875 0.29814814814814816
2 0.6869791666666667 0.33055555555555555 0.09947916666666666 0.20925925925925926
1 0.7463541666666667 0.4351851851851852 0.07135416666666666 0.16018518518518518
6 0.7609375 0.7324074074074074 0.13854166666666667 0.23333333333333334
