6 0.4734375 0.15185185185185185 0.065625 0.12314814814814815
4 0.8421875 0.9907407407407407 0.07552083333333333 0.18611111111111112
7 0.3140625 0.6620370370370371 0.103125 0.21944444444444444
3 0.5421875 0.10925925925925926 0.09114583333333333 0.20092592592592592
7 0.10677083333333333 0.26296296296296295 0.058854166666666666 0.16296296296296298
2 0.20520833333333333 0.49074074074074076 0.075 0.125
3 0.3489583333333333 0.462037037037037 0.057291666666666664 0.08888888888888889
1 0.6890625 0.011111111111111112 0.06145833333333333 0.12685185185185185
6 0.4203125 0.17407407407407408 0.10885416666666667 0.17962962962962964
4 0.08854166666666667 0.17314814814814813 0.06145833333333333 0.17037037037037037
2 0.5588541666666667 0.4777777777777778 0.11770833333333333 0.15
2 0.7041666666666667 0.5768518518518518 0.084375 0.13055555555555556
6 0.6510416666666666 0.13703703703703704 0.0828125 0.15
3 0.6328125 0.21851851851851853 0.08072916666666667 0.11388888888888889
