6 0.25625 0.5296296296296297 0.07604166666666666 0.12777777777777777
1 0.15208333333333332 0.013888888888888888 0.050520833333333334 0.11481481481481481
2 0.36770833333333336 0.28888888888888886 0.06770833333333333 0.11388888888888889
6 0.31979166666666664 0.662962962962963 0.11510416666666666 0.2222222222222222
6 0.11510416666666666 0.5277777777777778 0.12395833333333334 0.22037037037037038
4 0.36666666666666664 0.46111111111111114 0.08229166666666667 0.20833333333333334
1 0.11666666666666667 0.2537037037037037 0.09270833333333334 0.22314814814814815
1 0.36041666666666666 0.5518518518518518 0.0640625 0.13333333333333333
2 0.28541666666666665 0.5638888888888889 0.11979166666666667 0.2074074074074074
3 0.23697916666666666 0.6611111111111111 0.09583333333333334 0.18425925925925926
1 0.1875 0.6518518518518519 0.11197916666666667 0.2101851851851852
