4 0.27708333333333335 0.6537037037037037 0.1125 0.19814814814814816
6 0.45625 0.7333333333333333 0.08125 0.14351851851851852
6 0.6822916666666666 0.5435185185185185 0.08541666666666667 0.16111111111111112
4 0.10572916666666667 0.17962962962962964 0.09270833333333334 0.20277777777777778
6 0.6692708333333334 0.475 0.1015625 0.21944444444444444
6 0.6208333333333333 0.09537037037037037 0.13020833333333334 0.19074074074074074
3 0.521875 0.5601851851851852 0.04114583333333333 0.10555555555555556
6 0.6619791666666667 0.4935185185185185 0.13854166666666667 0.2222222222222222
6 0.6197916666666666 0.6425925925925926 0.11041666666666666 0.23148148148148148
1 0.45260416666666664 0.4703703703703704 0.041666666666666664 0.09722222222222222
6 0.5614583333333333 0.4074074074074074 0.06458333333333334 0.1111111111111111
6 0.6151041666666667 0.4101851851851852 0.06145833333333333 0.1111111111111111
