5 0.14270833333333333 0.012962962962962963 0.15052083333333333 0.36574074074074076
2 0.3625 0.5888888888888889 0.07447916666666667 0.13240740740740742
3 0.3229166666666667 0.6638888888888889 0.051041666666666666 0.10648148148148148
4 0.7114583333333333 0.2222222222222222 0.08229166666666667 0.14814814814814814
3 0.33125 0.20833333333333334 0.06354166666666666 0.125
1 0.1390625 0.22685185185185186 0.08645833333333333 0.20092592592592592
6 0.40729166666666666 0.3148148148148148 0.0875 0.12407407407407407
2 0.24895833333333334 0.47962962962962963 0.059375 0.08611111111111111
4 0.434375 0.9601851851851851 0.0859375 0.22037037037037038
2 0.25416666666666665 0.4462962962962963 0.09375 0.1388888888888889
7 0.05 0.8953703703703704 0.07552083333333333 0.18611111111111112
