6 0.21666666666666667 0.8268518518518518 0.13697916666666668 0.22685185185185186
6 0.21875 0.9175925925925926 0.12864583333333332 0.20925925925925926
2 0.4708333333333333 0.5861111111111111 0.07395833333333333 0.11018518518518519
6 0.2786458333333333 0.23055555555555557 0.109375 0.17037037037037037
2 0.19479166666666667 0.39166666666666666 0.0921875 0.14166666666666666
6 0.15104166666666666 0.6407407407407407 0.1140625 0.18703703703703703
2 0.41041666666666665 0.5120370370370371 0.10520833333333333 0.175
3 0.4114583333333333 0.41203703703703703 0.0875 0.18888888888888888
4 0.8192708333333333 0.21666666666666667 0.0640625 0.1675925925925926
4 0.33177083333333335 0.4222222222222222 0.075 0.18703703703703703
6 0.09166666666666666 0.8027777777777778 0.09010416666666667 0.22037037037037038
6 0.15677083333333333 0.5138888888888888 0.1125 0.16574074074074074
