6 0.5057291666666667 0.7055555555555556 0.1046875 0.18703703703703703
3 0.7520833333333333 0.41388888888888886 0.071875 0.1527777777777778
6 0.7557291666666667 0.6777777777777778 0.1 0.17685185185185184
7 0.9161458333333333 0.7342592592592593 0.08697916666666666 0.17222222222222222
3 0.7328125 0.4685185185185185 0.10729166666666666 0.1925925925925926
0 0.1984375 0.6111111111111112 0.21302083333333333 0.5351851851851852
3 0.6947916666666667 0.7675925925925926 0.10625 0.21388888888888888
2 0.40260416666666665 0.3287037037037037 0.08541666666666667 0.18981481481481483
7 0.0921875 0.43425925925925923 0.08020833333333334 0.1824074074074074
4 0.0703125 0.7305555555555555 0.08229166666666667 0.18518518518518517
2 0.7005208333333334 0.6509259259259259 0.13541666666666666 0.20092592592592592
4 0.4088541666666667 0.39166666666666666 0.09947916666666666 0.21388888888888888
1 0.6713541666666667 0.2101851851851852 0.10677083333333333 0.20185185185185187
1 0.6744791666666666 0.3101851851851852 0.0671875 0.14907407407407408
6 0.8307291666666666 0.8435185185185186 0.1328125 0.28703703703703703
