6 0.8182291666666667 0.6574074074074074 0.06822916666666666 0.11944444444444445
3 0.78125 0.43333333333333335 0.08541666666666667 0.18703703703703703
6 0.9203125 0.48703703703703705 0.06354166666666666 0.11944444444444445
4 0.08958333333333333 0.6314814814814815 0.07447916666666667 0.17592592592592593
3 0.821875 0.4027777777777778 0.0578125 0.1037037037037037
1 0.7796875 0.4166666666666667 0.12708333333333333 0.21666666666666667
3 0.7447916666666666 0.5046296296296297 0.06822916666666666 0.1425925925925926
2 0.8604166666666667 0.21203703703703702 0.06197916666666667 0.1175925925925926
3 0.9203125 0.06759259259259259 0.06770833333333333 0.09722222222222222
6 0.9291666666666667 0.18333333333333332 0.1109375 0.20092592592592592
