4 0.3302083333333333 0.5694444444444444 0.09739583333333333 0.22685185185185186
1 0.2869791666666667 0.375 0.043229166666666666 0.12222222222222222
6 0.32916666666666666 0.6537037037037037 0.14166666666666666 0.18981481481481483
6 0.12552083333333333 0.2898148148148148 0.1515625 0.2861111111111111
6 0.1484375 0.7574074074074074 0.07447916666666667 0.13796296296296295
4 0.9484375 0.049074074074074076 0.10208333333333333 0.1925925925925926
7 0.29583333333333334 0.07962962962962963 0.09895833333333333 0.14907407407407408
1 0.05416666666666667 0.6777777777777778 0.06666666666666667 0.12962962962962962
1 0.2791666666666667 0.3990740740740741 0.08229166666666667 0.1712962962962963
3 0.29791666666666666 0.5064814814814815 0.05520833333333333 0.12037037037037036
3 0.30885416666666665 0.5361111111111111 0.07291666666666667 0.16203703703703703
