3 0.809375 0.08425925925925926 0.103125 0.2953703703703704
4 0.0921875 0.5361111111111111 0.09010416666666667 0.20277777777777778
7 0.7302083333333333 0.9138888888888889 0.11041666666666666 0.17314814814814813
1 0.5604166666666667 0.1527777777777778 0.11875 0.20277777777777778
4 0.8557291666666667 0.07962962962962963 0.08802083333333334 0.11574074074074074
7 0.3411458333333333 0.22685185185185186 0.0609375 0.15092592592592594
3 0.6640625 0.7898148148148149 0.08020833333333334 0.16296296296296298
2 0.675 0.29814814814814816 0.08958333333333333 0.1527777777777778
6 0.8322916666666667 0.21944444444444444 0.1046875 0.19166666666666668
3 0.60625 0.3074074074074074 0.096875 0.18611111111111112
1 0.584375 0.2972222222222222 0.0921875 0.23796296296296296
1 0.6770833333333334 0.4722222222222222 0.053125 0.10925925925925926
