4 0.6671875 0.10185185185185185 0.06979166666666667 0.17592592592592593
3 0.7609375 0.2064814814814815 0.0609375 0.09814814814814815
6 0.8041666666666667 0.3101851851851852 0.0640625 0.1648148148148148
6 0.7442708333333333 0.2824074074074074 0.1796875 0.2675925925925926
4 0.8270833333333333 0.3814814814814815 0.09947916666666666 0.18888888888888888
1 0.75625 0.3675925925925926 0.12916666666666668 0.24444444444444444
6 0.7161458333333334 0.09351851851851851 0.052083333333333336 0.12314814814814815
6 0.7125 0.20555555555555555 0.1859375 0.28055555555555556
2 0.6348958333333333 0.7046296296296296 0.12604166666666666 0.1537037037037037
6 0.6942708333333333 0.27314814814814814 0.13333333333333333 0.20555555555555555
1 0.8484375 0.41944444444444445 0.06197916666666667 0.1537037037037037
6 0.7119791666666667 0.41759259259259257 0.084375 0.14629629629629629
