1 0.5088541666666667 0.6398148148148148 0.0625 0.1259259259259259
3 0.5536458333333333 0.7712962962962963 0.06927083333333334 0.13333333333333333
6 0.6578125 0.637962962962963 0.08541666666666667 0.14074074074074075
6 0.4791666666666667 0.562962962962963 0.109375 0.13333333333333333
6 0.6869791666666667 0.7675925925925926 0.12708333333333333 0.1824074074074074
3 0.5755208333333334 0.5037037037037037 0.09010416666666667 0.19722222222222222
2 0.7723958333333333 0.7185185185185186 0.10833333333333334 0.1574074074074074
6 0.7088541666666667 0.42314814814814816 0.05520833333333333 0.11666666666666667
1 0.6822916666666666 0.6722222222222223 0.12604166666666666 0.2916666666666667
4 0.17447916666666666 0.49074074074074076 0.09739583333333333 0.21666666666666667
6 0.6265625 0.7287037037037037 0.13645833333333332 0.22777777777777777
