4 0.7661458333333333 0.4861111111111111 0.09895833333333333 0.18888888888888888
7 0.059375 0.8962962962962963 0.07239583333333334 0.12314814814814815
6 0.7723958333333333 0.6675925925925926 0.13229166666666667 0.21481481481481482
6 0.61875 0.5185185185185185 0.09947916666666666 0.16944444444444445
2 0.7864583333333334 0.8907407407407407 0.0703125 0.10555555555555556
2 0.6317708333333333 0.4601851851851852 0.07083333333333333 0.15092592592592594
6 0.6973958333333333 0.35555555555555557 0.09114583333333333 0.15185185185185185
3 0.6302083333333334 0.2222222222222222 0.049479166666666664 0.10833333333333334
1 0.8958333333333334 0.30277777777777776 0.13177083333333334 0.2638888888888889
6 0.8041666666666667 0.41388888888888886 0.12447916666666667 0.22314814814814815
4 0.17864583333333334 0.37777777777777777 0.10208333333333333 0.19074074074074074
5 0.14947916666666666 0.25462962962962965 0.146875 0.33055555555555555
7 0.3015625 0.040740740740740744 0.0953125 0.19722222222222222
1 0.7171875 0.3435185185185185 0.10677083333333333 0.24444444444444444
