6 0.6807291666666667 0.2740740740740741 0.11458333333333333 0.2111111111111111
6 0.7453125 0.462037037037037 0.13125 0.24444444444444444
4 0.015104166666666667 0.6018518518518519 0.06458333333333334 0.1935185185185185
4 0.9484375 0.33055555555555555 0.059375 0.21296296296296297
2 0.5822916666666667 0.5537037037037037 0.059895833333333336 0.1
5 0.8802083333333334 0.475 0.14739583333333334 0.36944444444444446
2 0.5609375 0.15648148148148147 0.0703125 0.12129629629629629
6 0.7109375 0.387037037037037 0.13072916666666667 0.25277777777777777
6 0.8484375 0.6259259259259259 0.090625 0.15555555555555556
3 0.7401041666666667 0.25 0.075 0.16018518518518518
6 0.6760416666666667 0.14814814814814814 0.13541666666666666 0.2074074074074074
