7 0.821875 0.5564814814814815 0.10833333333333334 0.1574074074074074
3 0.359375 0.49722222222222223 0.049479166666666664 0.06851851851851852
3 0.2703125 0.3638888888888889 0.08697916666666666 0.13333333333333333
2 0.014583333333333334 0.42962962962962964 0.13072916666666667 0.21944444444444444
4 0.3640625 0.49722222222222223 0.09895833333333333 0.17685185185185184
1 0.12447916666666667 0.18796296296296297 0.09322916666666667 0.21851851851851853
6 0.24114583333333334 0.47314814814814815 0.1 0.17314814814814813
2 0.13072916666666667 0.7481481481481481 0.11822916666666666 0.18981481481481483
1 0.26875 0.47685185185185186 0.140625 0.23425925925925925
4 0.8713541666666667 0.75 0.0515625 0.15833333333333333
1 0.3411458333333333 0.47314814814814815 0.1109375 0.22407407407407406
3 0.19947916666666668 0.3425925925925926 0.109375 0.1388888888888889
5 0.49375 0.4462962962962963 0.15729166666666666 0.4083333333333333
