1 0.42864583333333334 0.23055555555555557 0.08177083333333333 0.17592592592592593
2 0.6791666666666667 0.5324074074074074 0.044270833333333336 0.08981481481481482
4 0.9052083333333333 0.5611111111111111 0.08333333333333333 0.1638888888888889
2 0.5645833333333333 0.40925925925925927 0.05520833333333333 0.10277777777777777
6 0.4265625 0.5296296296296297 0.07447916666666667 0.13240740740740742
3 0.4765625 0.812962962962963 0.090625 0.12129629629629629
7 0.4078125 0.44814814814814813 0.0953125 0.16944444444444445
2 0.6338541666666667 0.3712962962962963 0.11354166666666667 0.19166666666666668
0 0.021875 0.46296296296296297 0.08541666666666667 0.375
3 0.6401041666666667 0.25277777777777777 0.10052083333333334 0.22685185185185186
6 0.5088541666666667 0.44814814814814813 0.13125 0.20555555555555555
4 0.24375 0.2972222222222222 0.0875 0.2074074074074074
