2 0.6364583333333333 0.7620370370370371 0.11614583333333334 0.20185185185185187
7 0.48802083333333335 0.33611111111111114 0.0796875 0.20185185185185187
3 0.7192708333333333 0.487962962962963 0.0734375 0.14629629629629629
1 0.5880208333333333 0.4777777777777778 0.06510416666666667 0.11203703703703703
5 0.9208333333333333 0.7092592592592593 0.15625 0.4111111111111111
3 0.9067708333333333 0.9435185185185185 0.08072916666666667 0.1787037037037037
4 0.60625 0.49907407407407406 0.07083333333333333 0.20555555555555555
4 0.30572916666666666 0.7064814814814815 0.10104166666666667 0.1388888888888889
6 0.88125 0.5888888888888889 0.10677083333333333 0.20925925925925926
6 0.61875 0.3638888888888889 0.12552083333333333 0.2222222222222222
3 0.7526041666666666 0.2111111111111111 0.07864583333333333 0.17037037037037037
