7 0.7645833333333333 0.1537037037037037 0.0890625 0.2064814814814815
6 0.453125 0.5907407407407408 0.16927083333333334 0.2935185185185185
0 0.10208333333333333 0.6064814814814815 0.1015625 0.45
7 0.8973958333333333 0.5453703703703704 0.07552083333333333 0.18055555555555555
2 0.5963541666666666 0.4675925925925926 0.09375 0.1787037037037037
4 0.30364583333333334 0.24537037037037038 0.08177083333333333 0.19537037037037036
2 0.10260416666666666 0.43703703703703706 0.059895833333333336 0.10740740740740741
4 0.07239583333333334 0.6537037037037037 0.0671875 0.18055555555555555
6 0.5661458333333333 0.7527777777777778 0.08385416666666666 0.12962962962962962
6 0.428125 0.6731481481481482 0.10364583333333334 0.19537037037037036
6 0.5067708333333333 0.8481481481481481 0.08333333333333333 0.13055555555555556
