2 0.5677083333333334 0.5916666666666667 0.078125 0.1037037037037037
3 0.8625 0.32685185185185184 0.12239583333333333 0.17685185185185184
2 0.690625 0.5444444444444444 0.08541666666666667 0.10462962962962963
3 0.721875 0.1648148148148148 0.059895833333333336 0.11851851851851852
6 0.6078125 0.6194444444444445 0.06458333333333334 0.11944444444444445
7 0.521875 0.2712962962962963 0.0984375 0.2037037037037037
2 0.6130208333333333 0.6555555555555556 0.042708333333333334 0.07962962962962963
7 0.3572916666666667 0.4601851851851852 0.058333333333333334 0.14166666666666666
5 0.21041666666666667 0.8185185185185185 0.15104166666666666 0.37407407407407406
6 0.8484375 0.7314814814814815 0.06614583333333333 0.12314814814814815
4 0.25052083333333336 0.6481481481481481 0.0796875 0.19907407407407407
6 0.6447916666666667 0.39166666666666666 0.10729166666666666 0.1675925925925926
4 0.9260416666666667 0.1787037037037037 0.11614583333333334 0.1824074074074074
