6 0.278125 0.2851851851851852 0.1140625 0.19444444444444445
2 0.2453125 0.3509259259259259 0.1546875 0.27685185185185185
4 0.07552083333333333 0.3712962962962963 0.10625 0.23796296296296296
3 0.37604166666666666 0.4074074074074074 0.1234375 0.1527777777777778
1 0.5401041666666667 0.7046296296296296 0.1328125 0.25092592592592594
7 0.36666666666666664 0.48518518518518516 0.07916666666666666 0.14629629629629629
1 0.043229166666666666 0.7277777777777777 0.08854166666666667 0.18333333333333332
6 0.30885416666666665 0.674074074074074 0.07604166666666666 0.13796296296296295
2 0.16614583333333333 0.44722222222222224 0.07447916666666667 0.13518518518518519
6 0.24010416666666667 0.649074074074074 0.15416666666666667 0.2916666666666667
4 0.6635416666666667 0.1259259259259259 0.0546875 0.20092592592592592
