6 0.6614583333333334 0.549074074074074 0.07708333333333334 0.14351851851851852
6 0.5744791666666667 0.5435185185185185 0.0890625 0.10185185185185185
6 0.36770833333333336 0.5324074074074074 0.06875 0.1287037037037037
6 0.5677083333333334 0.6314814814814815 0.12447916666666667 0.23981481481481481
3 0.6890625 0.20833333333333334 0.06458333333333334 0.15648148148148147
1 0.546875 0.7481481481481481 0.09739583333333333 0.19537037037037036
6 0.409375 0.7851851851851852 0.13697916666666668 0.2740740740740741
2 0.6401041666666667 0.29907407407407405 0.1140625 0.19814814814814816
4 0.29791666666666666 0.37037037037037035 0.08333333333333333 0.1814814814814815
3 0.73125 0.487962962962963 0.09427083333333333 0.2111111111111111
