1 0.715625 0.37407407407407406 0.09635416666666667 0.1962962962962963
6 0.7973958333333333 0.337037037037037 0.10833333333333334 0.18333333333333332
5 0.7010416666666667 0.4287037037037037 0.16510416666666666 0.4064814814814815
6 0.640625 0.19722222222222222 0.134375 0.225
6 0.7026041666666667 0.1388888888888889 0.13229166666666667 0.21574074074074073
3 0.565625 0.44907407407407407 0.05625 0.1648148148148148
3 0.6510416666666666 0.4601851851851852 0.10208333333333333 0.22037037037037038
6 0.8291666666666667 0.3907407407407407 0.15 0.262037037037037
2 0.7296875 0.22592592592592592 0.05520833333333333 0.08333333333333333
4 0.025520833333333333 0.1388888888888889 0.0828125 0.2175925925925926
3 0.5286458333333334 0.2574074074074074 0.06145833333333333 0.14166666666666666
