5 0.9260416666666667 0.2740740740740741 0.10729166666666666 0.28703703703703703
3 0.840625 0.612037037037037 0.090625 0.12129629629629629
3 0.6796875 0.6972222222222222 0.05520833333333333 0.125
3 0.6213541666666667 0.7944444444444444 0.046875 0.12962962962962962
3 0.8041666666666667 0.6907407407407408 0.04010416666666667 0.09074074074074075
2 0.9255208333333333 0.5185185185185185 0.096875 0.15648148148148147
2 0.8026041666666667 0.7157407407407408 0.09166666666666666 0.16111111111111112
7 0.5984375 0.2712962962962963 0.06979166666666667 0.19074074074074074
1 0.6296875 0.5740740740740741 0.1390625 0.2953703703703704
4 0.4578125 0.47962962962962963 0.09895833333333333 0.12962962962962962
4 0.375 0.2490740740740741 0.10260416666666666 0.18703703703703703
7 0.7729166666666667 0.6287037037037037 0.08958333333333333 0.1824074074074074
3 0.8526041666666667 0.31574074074074077 0.04791666666666667 0.08703703703703704
