3 0.2671875 0.9296296296296296 0.057291666666666664 0.13240740740740742
0 0.9859375 0.5111111111111111 0.121875 0.32592592592592595
6 0.03958333333333333 0.08611111111111111 0.15208333333333332 0.27314814814814814
6 0.16614583333333333 0.43333333333333335 0.09322916666666667 0.2037037037037037
2 0.1703125 0.6888888888888889 0.12135416666666667 0.15555555555555556
2 0.19739583333333333 0.5157407407407407 0.0921875 0.13796296296296295
4 0.9005208333333333 0.021296296296296296 0.08333333333333333 0.19537037037037036
6 0.4125 0.662962962962963 0.10104166666666667 0.17962962962962964
2 0.13125 0.5111111111111111 0.1453125 0.24444444444444444
3 0.11197916666666667 0.5027777777777778 0.0609375 0.12962962962962962
