6 0.35572916666666665 0.7694444444444445 0.1546875 0.2712962962962963
1 0.6880208333333333 0.4583333333333333 0.0796875 0.17777777777777778
6 0.546875 0.4648148148148148 0.08072916666666667 0.1259259259259259
4 0.5541666666666667 0.6546296296296297 0.08020833333333334 0.19166666666666668
6 0.47291666666666665 0.5787037037037037 0.115625 0.16666666666666666
2 0.5546875 0.30833333333333335 0.0703125 0.14722222222222223
5 0.5645833333333333 0.875 0.12604166666666666 0.35185185185185186
6 0.4161458333333333 0.5907407407407408 0.08645833333333333 0.20555555555555555
4 0.1734375 0.7870370370370371 0.11041666666666666 0.21481481481481482
3 0.4484375 0.2953703703703704 0.0703125 0.1638888888888889
