6 0.1078125 0.38425925925925924 0.0921875 0.20092592592592592
6 0.2375 0.6851851851851852 0.0796875 0.12962962962962962
6 0.18645833333333334 0.6907407407407408 0.15677083333333333 0.2111111111111111
3 0.103125 0.5898148148148148 0.0453125 0.1037037037037037
2 0.36354166666666665 0.4888888888888889 0.11354166666666667 0.17592592592592593
4 0.9953125 0.8694444444444445 0.07239583333333334 0.17037037037037037
2 0.2791666666666667 0.6907407407407408 0.0921875 0.1527777777777778
3 0.09739583333333333 0.9638888888888889 0.07916666666666666 0.12314814814814815
0 0.20260416666666667 0.7305555555555555 0.11927083333333334 0.45185185185185184
6 0.0005208333333333333 0.45555555555555555 0.1328125 0.22685185185185186
4 0.884375 0.15092592592592594 0.08385416666666666 0.1824074074074074
6 0.21354166666666666 0.009259259259259259 0.07291666666666667 0.11388888888888889
1 0.14114583333333333 0.2361111111111111 0.1125 0.18796296296296297
